#Seed 3067519902
#index showed the (transformed) postion of the SNP
#SNP index
1040659
7815935
15838414
15340403
3041197
9828895
4602150
10185966
7946606
8762946
5672560
13651772
952665
4438240
5795309
12296861
4882330
3617743
5452993
16310813
4103510
1435836
10077974
7636029
7173316
2302605
3116150
2944872
14347775
5930786
5477269
6158917
16300813
11471258
14627520
3247182
1593550
1943799
514406
11143364
1736049
10016920
10063255
5971455
10182214
15102203
4646126
13985672
13470678
16559448
12244497
16455197
3196838
6373219
5916111
8459805
14358120
1997737
4338028
9003158
1520408
1455262
8832293
13494505
6746387
5104108
2071245
5263168
3123456
8016872
335370
5878036
3648016
5140443
11542881
781308
15165048
15683606
975047
1364380
13036227
3627290
5622484
11854222
10876525
6630284
3744476
8836772
8335554
8467096
10601441
10125973
7855971
7883651
6992496
5893830
5887852
8979931
14521831
1957158
1272361
9926185
7061759
14337618
2269309
5723326
9918390
6209942
935870
5410260
3210450
14613007
8247779
11025875
1179292
16058286
15177607
12036750
6263701
12800040
8039096
11585365
15196242
8975300
2961532
11890474
14495700
4230813
10078509
4300728
5326802
13535007
9358659
5102557
7813975
12693187
7509050
13157659
12581363
2443571
12363084
7310513
1898069
8881801
5023247
2125403
8943914
13071716
9486247
16119664
8989285
11110837
9724942
7301276
8178930
10717939
4779705
4848946
5275439
4023928
13353242
12349964
13186512
10379612
10611546
6263185
3961494
6287606
14612439
14583163
1024556
14177385
15043508
2781074
7928628
3980955
5661263
12260276
4920651
5530710
11260066
8109998
3990851
11956841
6104960
12381099
9226813
5033835
5801266
9262205
3224181
13546561
7729312
588676
13282459
5156326
13035627
11975055
10853475
11345077
2835622
1091275
764442
15412447
9791086
7580425
16542994
2268587
16116178
13056022
7224273
1581395
7862213
10316936
687388
6873541
15123934
14272292
1668834
11952012
9310186
7749241
4269333
6666816
14479830
14170553
12973798
9990676
10826141
13615422
16590666
6728692
15825251
6499117
7649686
12048897
12794729
15338948
4196258
4544225
6187647
11272993
6023948
13280504
6705327
8070753
3181938
16167272
3249175
9594767
12281844
3666959
14774733
14300659
4400774
8825966
3213854
10297765
7764864
8071473
901139
8735210
6687117
9623026
11643239
9527146
9819549
3432032
12834287
7504781
3439178
8252342
10757406
1813593
9797143
3275809
7057634
8518468
4534329
12354381
7980362
10491377
1424742
8308747
12589334
11908161
4831525
4172062
6454945
8320554
15015373
12610113
4200050
4959704
2787596
10172420
14918507
3926528
11566731
15644819
13970044
16144378
792687
15459481
15437171
10326191
15137722
3536089
8984845
833946
15710875
8937016
4246741
14143053
12390200
8627660
3212456
6440787
16321892
11574587
11746799
10808002
1993048
7668333
6886608
8531310
13318005
501253
8762168
14813909
8096787
11905129
7692048
2840030
15339734
5342600
14106391
16350868
8389604
15294064
10401630
8166644
7808571
873480
15560188
637748
12269182
3284009
9806067
3478318
3868492
14639585
6144759
3699067
6977781
7077728
14837926
2479646
13347454
5947409
5747017
8810352
10938135
14089171
1346301
11131234
15961705
9366472
7965109
1376653
15021924
11803342
12573860
9007816
12950199
8548869
1143776
8093460
14868688
10052308
2043070
11647662
2882399
7037782
10198354
12540918
1577650
10860137
1542603
3626088
8779383
16414103
9772566
1478454
1789035
6123500
13805017
15950680
4760756
11364326
10572854
12240693
9801556
6069537
5434578
3040861
13046323
4793910
13412140
6688759
14555146
6453707
8712719
14879878
10651209
8004787
15399217
2021111
8170477
7438002
14534612
14287980
9369145
15114414
9268572
9250678
8186157
5412712
12361501
2827728
3229874
13440654
5375998
12144320
5884767
5764602
11021968
1546549
16269106
8700710
6870125
2761193
12897215
5595134
1478475
1899163
9136691
15794194
6757709
10465235
15448661
15173015
10010191
8012637
7827870
3447901
655345
7336873
7147316
6593790
6536856
3907143
594341
4826448
2366530
2104488
8811624
10618196
13287896
12775738
16126669
5396810
8127824
14634315
10874008
2621957
8720514
1110543
4316227
15055637
2432019
11561046
7635394
12680298
7077470
11463634
9656680
5306407
5833652
9649745
9971593
10316343
10881631
1692922
6201277
1625206
10599014
16142531
9311570
9178737
5513014
4847265
10973399
2581710
14274013
9835230
5981183
11946601
16278760
3760835
5223076
15588968
5166598
1171486
1790990
3599132
14098682
4267951
15522924
9111698
7041087
9063851
3943168
11801189
8542895
8243030
4089312
9367780
6330915
5351936
6584077
9764064
15113574
7030794
1208161
10657262
13500818
15009996
15379214
5015453
7548326
8495117
2326975
8968699
15837446
3218727
6600909
8864102
5333102
2399265
1543599
7278964
4519652
2366101
9288539
1964747
6405507
2265528
5359118
10429800
14875051
5946236
621189
1147926
15837869
4425442
8858799
10717552
7548591
15594301
15961353
10375611
4403032
12010625
5753809
4192261
10703818
4335311
7097762
15716237
12641607
15740452
15828379
11585995
13333765
2078953
5714443
15426832
2405329
13143917
16387423
12113886
2752310
12259026
3779546
15591152
8493858
5904128
16067780
15498243
9372668
1064580
15351408
5661473
4534486
6347430
2580292
5765708
10101060
550699
16305006
11735281
13761183
16468889
6374361
10967523
6232170
10471473
9664665
715456
4629796
15575431
2315593
8840593
4709242
3995849
10714114
2441430
7510425
13645578
3183771
12301828
12438671
1035858
4630148
10925432
12187454
12786384
8109361
13045296
9440049
3512622
9191331
5765413
15590711
13417416
9603639
7842235
11821683
13398121
9116715
10799186
14664475
8928545
4734003
16460597
2937038
11286850
15510906
1411909
5805882
14267253
9515833
8368960
1971369
5238536
4387196
7548240
9597217
10941455
11326198
7085407
11493786
4037361
3678445
4359615
7078031
3297525
11080392
1117382
14473009
10926059
7151071
3348666
8067423
12321584
9086915
8227598
6120925
1794650
810598
13930532
15543769
977989
768756
4717854
969780
13097317
13210879
11713216
12010255
13134419
5941905
13027629
854800
15089117
1739551
5386740
6423116
16232679
11657177
8099500
2438827
5808870
2629520
1138014
4178622
11224883
6237791
7723756
6025828
5574591
3924334
4022400
3320132
5054594
11587088
7167479
9179325
7599873
1679512
4439197
9098459
9753576
11285473
2682261
6069175
14907464
12020537
8725048
12638928
13061647
3498775
10605627
15277571
4308344
8182451
15138979
16563846
2253887
9420545
15866022
7584149
15855960
12318022
10165287
3251299
7595433
3272704
7546831
6222455
783494
15639948
6022525
12327503
8930979
1496247
4172229
10324110
15034578
5510589
3647476
5391362
10832063
10934362
11108702
12375145
8296289
10973140
11273160
6604351
6284369
5782848
871677
10755041
13491210
476025
10823177
10877680
15360223
2150389
620987
2648579
5444599
12255412
3927323
3219769
8597464
1481257
7853650
7145270
6243413
1384735
9243949
1750463
14129028
2740610
6964244
5084822
11877159
8878152
10093671
10494233
9351005
15249220
8378105
12692714
14778691
10455184
10540216
4925116
5862249
4695542
8820841
10511330
10799933
14779806
2765393
6420152
3423207
14166489
5401067
9152256
6344587
14289901
7482636
15487189
6131089
4152743
16191007
729772
10709203
16313709
13389350
7294069
11697539
7208287
1628975
8995569
5964348
6853192
717316
9451595
5056310
3364785
1169785
4125145
16486693
3843763
13829778
15451016
985462
7658976
11871671
2139862
687106
15484679
15149395
7093321
11762011
15961535
4854630
3469533
9451470
8469285
1888647
11515545
7537609
2356681
7216735
5206081
1450440
13484391
6046795
1319184
13485529
1083266
8894223
14033158
11067714
13499148
3539035
3048099
14619294
14866127
14325002
966406
12381681
12855034
14793134
2067586
6803298
8941296
12235872
4489203
11412157
13748015
6595978
15604833
6748589
13720528
6462238
15161400
12754285
12806404
1526770
7526719
5404244
15288069
13663771
1324449
15199266
10995356
5898653
7317365
13764180
6955140
15287511
10111456
14821968
1362697
4173877
11025284
13668432
8825548
1231086
8933143
6718882
12351934
4813653
15681410
11315396
10755188
6169448
3044052
2050082
4878130
3741353
4958942
8294477
1699565
5937633
6913217
3172741
11830368
6870199
4089987
3665399
5983224
13143380
14611729
6723737
7869126
4744493
366735
4449233
13045524
2133744
8992124
4606371
1914031
9123644
15090570
9172624
6765602
2434857
15096772
13091947
16063935
10065149
3595611
4111216
10067321
5055939
10963727
10327063
10323697
617946
4257964
13419825
2162854
14933332
10809145
7211071
5808634
3407664
14326261
801688
3319207
11971771
