#Seed 3920918281
#index showed the (transformed) postion of the SNP
#SNP index
9938232
6068021
4177989
12454848
16253994
7051626
5236235
12218038
12515835
6197567
3090570
13949841
9727475
4172772
14049282
9459539
8790739
840361
9111062
8477498
8814580
10963489
14590866
12779719
4781184
1123281
8623659
4082184
16381432
10467522
4800990
4914242
12153462
1703891
10665662
2663516
8274914
5431254
3010013
6066382
11403066
2593329
6029571
12564913
8767012
880704
13978019
7154077
9058102
12165004
13010929
1674018
14441063
14659380
12885015
6130741
3154943
12825134
10527908
5607856
7254997
10400655
1083266
6585586
3863706
11156803
9042265
602477
2252144
645858
5207454
5943384
9802656
9185351
5745756
16453657
7399292
6192797
12913108
12054504
11392146
16176949
14989532
4768293
6739265
10472947
4424293
5241785
1718669
7527693
5658663
10404226
6735674
447109
7338664
6731278
4226285
14910733
15119156
15814942
