#Seed 2135549844
#index showed the (transformed) postion of the SNP
#SNP index
7720685
4305224
830818
10679182
6254282
1563202
2868612
6469110
1529684
7445413
10996708
15263973
3198827
2512829
10544988
13519750
5033741
16553803
9748720
6400447
8752528
9422727
11152309
7717565
14112909
4279245
12086024
1448737
15951658
4061041
8909100
15542042
1158078
12754151
3688185
2637428
3755035
6585124
12590283
7203861
10371943
8734763
3586689
8747585
9877769
11915237
2337505
3530598
13686145
15755762
4917618
3246560
8567709
15515085
453659
3608712
3407845
7484315
11924504
9183163
15372392
3603832
10127109
2834110
12443886
2348090
3263919
10673104
12362865
9274480
1383110
16294564
1480986
14662264
12332276
16483860
16574073
9231831
1798392
1806859
3923117
7433301
6049795
1686882
9920022
14982131
13887017
3135055
10689877
10804060
4562127
414721
9875896
7468174
13573448
4495623
5426482
10439705
5406551
13733510
10003021
14145648
1061525
529000
8566691
8657616
11753243
949664
16177610
4005423
13084755
12981449
3905031
14815714
2484168
8536394
15669945
1343414
14798912
16146028
3528226
16133550
15658206
625757
6342377
4450004
13830649
8868357
2477681
1363733
9306654
5443542
14704307
14546159
15783866
15223424
10269633
8589161
621928
804000
9502959
9481703
9859766
10026965
14063753
7226985
3436067
12402042
9939111
6771825
14148735
9392179
5119103
8848043
4892213
2580012
8503994
4756900
8969392
3184636
11757310
8304254
3871787
3677641
578051
1418574
15849301
4641315
6421352
8514630
7987956
1309568
10757526
3273329
5662339
3752462
6474889
7723243
6091386
2116634
1576355
11786761
10699519
4643073
10538608
12077462
8917038
1615147
13781696
14533968
5248506
12028620
16395411
10905067
11144178
11146935
6641753
15642954
11619899
7557131
13633653
6660664
4243408
15350107
14479467
9440614
12791968
6313111
11198780
7428301
16373568
4733655
6989479
7290606
6326643
9949204
16352947
13454216
14429613
10647108
12261859
2282351
6710590
9281226
7569103
16087289
11309157
4242177
14839491
11645293
7856826
9436978
13086432
3648489
6394336
2229402
3001255
10618130
889020
8003339
11976764
3483811
3032246
15903658
12472089
7024638
2718294
15017501
7922837
2597223
16231562
10699729
12202561
10381263
10946807
2357733
12862232
7480902
9886420
8003885
10918499
14572393
12743079
2474818
1240932
4714808
3891053
9334397
5886884
12471168
4409989
10775688
1918830
8079697
706128
4570528
14065955
10000622
6765754
13305671
4881401
953089
5276063
5666903
15389428
15275138
7142856
10504458
9630993
10588729
12130967
11962742
4212554
3186290
2851021
3272704
866727
5670822
13304954
9712386
13511295
10654686
9189205
6563438
9131813
1070663
5978555
3564333
5407341
4331563
8935011
13641215
2080326
8010841
15959345
13626466
2839238
1522746
2159060
653229
16099124
5670253
7480399
5724752
15478536
5285390
11956514
3849972
8704851
16525648
14784312
1170267
3586210
4653615
16514885
9406184
16006244
16161844
5228868
13720864
4593129
9185607
10881065
3217999
14044134
3542825
4919111
12242282
6682523
16339223
12443861
5824890
15824305
6225239
4742887
8313868
9367343
12609097
15659238
11188343
14771253
7365112
1268513
12699392
10259321
8603302
16114342
4271448
5556418
1046992
15473981
10503994
3733261
16019620
12454714
11569213
525859
10355107
6848584
13380572
765831
4814895
4791700
8378329
1230542
5769044
11925282
11000239
1758414
2860230
14522768
13292523
6592644
11847015
10545089
13684555
9714795
12080717
9448816
1038471
4615382
13116145
3125947
5931122
6846275
6109331
16517448
5504292
5954852
8719426
10538948
7645432
9952523
12328381
8400135
2705454
4990197
14650775
6399348
14741861
15265651
12286250
3197472
7165484
8422579
11457970
10897314
2402917
4223872
2326399
15984733
8382294
1468000
6922538
11655080
5228092
2044830
14596635
11537704
6424792
16103950
4510302
15556856
5575420
7482965
3698413
14042754
13508495
4488128
4818608
1241604
4502880
5087304
6287019
728117
5537672
4019007
5314315
10982131
8320902
11588931
11171510
4178979
10561707
9532662
6964257
6579381
14452541
2392905
16450924
11447738
2347133
5607484
13262668
5790604
3995133
12287942
9627317
1222228
6909509
8771367
8563946
2960401
9658396
3613386
11225743
11401887
3859288
7624891
13852480
3004481
12905033
2115222
10328570
5250665
1860271
3324240
12116296
4962523
8530178
12514487
1432734
13043306
979862
3272620
5014668
3147427
6355646
13271049
12614781
16080021
5081640
13572727
13317931
4089236
6351773
10473767
13969693
12202860
5921032
4514472
9032518
10404677
4765076
5511958
5827951
14134584
9423262
4832025
3297152
3936522
9399653
5664241
11897900
11969836
5308118
1381843
16530266
12234069
783084
2508796
709333
12251119
2258743
13366144
784169
964372
2675176
12953933
15688625
1719475
13456673
10225686
15772622
11803043
1445883
14432475
12502946
6086220
12523711
13519613
2661866
10235570
13917067
16455995
16364189
10296345
16315456
12547105
5363061
4435283
4492086
4037916
14987955
5384860
15931524
11735181
2977291
9352492
7613250
1655315
12001099
12804730
4404871
13302663
5084207
16548528
10273754
5625951
3666453
10348141
2832522
10089438
2385290
8725274
10331761
7263163
10905721
5986738
1585911
4649520
2642195
3298653
14681404
10080307
15120004
15855320
6253988
14253892
9924067
7912278
12554555
8725338
5446095
12245192
8934062
12667081
3141881
15474849
10549549
16115028
4014805
9104193
6282367
13048215
15561943
403315
1882851
12970499
1603902
13955251
5646993
3745536
11469888
7436811
6519182
1068896
4199620
5029600
10004630
15500484
12850781
11965765
7160501
11460945
2685712
821587
7322463
1034577
4393063
5924285
14656754
12260576
15251813
5999916
4307797
5427035
12471938
8976907
16173058
6493256
6212369
3196608
14682970
13482057
780505
4621353
11997751
13817731
4391307
5231064
1831026
310753
10456555
10418297
4285836
9348714
16178082
13383710
9664466
2473653
12211710
8101080
14429108
15481409
9614197
13757787
4804050
7398660
11778894
14906607
7344431
9143512
12344840
5811583
6823785
5698451
12040391
1963243
8340811
8746919
11161908
14367710
1812084
11126182
3178953
9320372
6496088
12502632
10676264
1771633
2974998
6586472
9366477
9758404
1690692
3319402
8894047
745034
7142604
2175784
10002389
10910063
8699284
13968697
16494091
681220
940716
15168199
15172258
1343485
7783583
3558264
14125422
8230424
8294078
11846764
12274402
7786758
2979495
15762658
8030431
6431604
10285083
13095648
11146415
12645382
4908167
2112093
8389971
7907810
5220098
654927
5139185
7619075
14963848
6540595
11588419
1268870
11873792
3476052
2891165
2995810
13148929
6959306
13897881
16103172
2071185
1917356
14484514
9871704
5644759
2375800
3081596
11156604
850863
7572237
5809832
911472
2065633
9712237
7199180
14093745
7060334
3273887
8802849
2212621
10728154
4755278
8624458
13967963
3726699
11867483
7550351
12793901
3496542
11903699
9076346
11431563
2861041
7686495
423159
7479673
13993341
7480632
7671839
9888234
15903763
14450056
416973
12795233
15673024
1111205
3375200
4752863
10754868
11703543
3413548
5657171
7897015
6985097
12161168
3733274
5484052
5465470
5479305
11495952
11288204
6284328
13612486
5985440
3447098
391229
3510713
12863961
13558225
14537436
10577320
6663404
7549726
12237298
3821895
2915910
2942691
11809936
5911223
12451674
3204389
7621487
2283438
12057554
6668353
9343360
16347915
2005696
1167124
12588611
16341911
3787824
956486
5762144
14532444
3652926
823691
12728602
4540749
9328566
6991234
12551628
12040634
7473364
10533878
2797434
9773867
5813655
7243957
7043264
818150
12702353
15847604
14757232
4333629
15999173
705377
5076436
764623
789225
16135184
15392251
11214995
3329389
9292295
9110778
9309397
888466
3622903
7116907
14190243
9581166
4477255
869128
9074695
5188630
9843797
10527657
11908844
16330019
7231159
7441157
14399728
4348587
8950619
14784685
7065089
6078835
13853400
16311982
7056753
10422450
5538237
12151106
3123243
2496593
13295787
1460488
13624679
5920301
10612310
13932094
11260702
13692333
6409437
1477751
14180021
8029937
1209409
1204366
5322113
8550889
9949613
1284787
3236394
843286
4710292
11041543
1795671
9562623
15267793
9032375
14491387
14826488
5184612
2884103
15328969
2694111
7231524
11316208
15231225
6328917
4563359
5367296
1623099
14138036
1640745
4189395
4048230
8562773
15682185
12581436
2792568
8185666
483143
2789130
4783533
3662282
6400217
3426159
5475284
9328416
14687963
11460192
15675575
6812989
10949722
10783640
10378311
12490468
9635311
15777300
2115360
5580905
13614073
15628098
15423805
11933047
10582949
15203697
6692474
2699376
11434807
