#Seed 2653444459
#index showed the (transformed) postion of the SNP
#SNP index
902098
1039846
2225494
9112546
7051483
8791265
8647642
13913973
9084434
2980568
5616441
4570514
14455115
12391405
16035260
3217516
13258100
4488434
1314532
5117687
11891230
5449177
11877271
9503298
6281858
568196
16343699
4321246
1816492
443034
5116317
10851590
9455830
13428915
2190908
3730383
6254670
6221095
9944579
425244
14801600
6029357
2806161
4237240
10808497
3867539
13873429
11065322
4965035
3879394
14129541
5346345
14059133
4903742
14087240
7186830
6067883
5315375
5760611
9613680
10830487
9975340
7785352
15188399
843672
7341054
6455928
10539636
6046167
11257777
3355961
600684
7470632
3542938
3115780
16144924
399053
14002412
13797562
15060047
3064947
5815444
9661499
14407207
2159058
13463963
10773253
12409464
336439
15067399
6047454
6713551
16477456
14883972
15695208
7544912
15363956
8760362
4002328
13432050
8881342
2634204
3176459
2862741
10640607
8835772
3676141
7131884
9322158
3704283
10967846
15441237
4549248
7727837
4007479
8754857
9190429
10925974
8420042
11090194
1418317
15598830
7756991
2337462
3260938
5516962
15700357
4208990
1377206
12816027
9538350
1998966
7469872
2192304
3878796
3727735
11522839
1268428
7453052
13068044
11405167
10712313
10142143
4667083
11546078
8140807
1897024
16250111
8150306
2437672
3975658
5196764
1787247
16419893
3281219
1949166
7682870
4761536
13991536
16501559
14880230
14384049
15569919
4127961
10609838
9946673
4604735
5967848
12645412
3405487
13329471
708564
4636569
14700270
7301579
13168548
6115026
5429598
12907812
1330380
3063849
9873330
14691044
1298015
3986045
5571274
9336298
911465
2681017
6574897
10964835
10369858
8535875
4543673
6125726
5565755
10058998
5026771
3477907
4379142
10251917
7319684
11479676
4276386
13611819
1474743
3408705
2306757
3751026
15190130
8210114
15427412
15510677
16599646
6964494
14872745
4482572
3851339
6177464
2364281
8097935
9683377
4105785
5220605
3132978
8908032
2900960
6471318
15277364
6756945
8201467
8930639
4949140
4049282
3412407
12445717
12064913
10372408
14115603
6489458
640769
3210111
11853922
15780061
12394192
1810624
11814712
7046443
7591370
2344736
12218476
14894593
7559264
5646392
13571001
10453325
4150421
15096056
10603305
7692942
7233709
12645864
4707663
8357726
14212646
339368
10171238
6723200
994604
16518884
15038485
9804356
13532334
12916380
324023
3883698
7808877
8207393
7127457
10344554
16433714
9992387
3696618
2610664
872890
15018234
4273457
1928279
14496967
9739413
2614207
5711634
6756484
3578803
2512547
10428854
4006311
11880847
558105
12799950
6343036
389252
12648627
15132999
10962816
8134578
12305103
13128123
9889125
13121329
1447284
12248054
14966685
11685208
5478490
7667347
2675607
4321565
10124483
4819135
4362021
3044087
3258802
14820793
4275330
11777905
12792003
4139754
6477419
6889521
11563847
3754534
13794146
6564064
15550727
761871
11603256
1206982
6089833
9745588
6055488
10207320
11939679
11934627
9398623
5507263
16300709
8504646
12963465
10775804
6354749
11159709
15856577
8075739
6780895
3642446
10621206
5474436
5688630
12677799
12532243
13383210
16496908
12674359
12675022
12374746
4919261
6898104
8136995
1015348
4664799
9439339
3230352
1316533
4534237
15186573
11490276
9792362
9348526
10154301
14295625
2661589
10284122
10490646
4439266
13779898
9753254
4223481
7457003
1262657
686327
9372978
14939297
12099710
6146118
13606634
13864808
12963376
10653712
10133657
13724477
7312972
15527347
7783479
14780439
10955220
10325132
10208356
774245
11798744
2911126
8888565
4240220
10873868
5060080
12185777
7798736
9468324
8615157
14435831
9051836
10642210
8537544
14462844
2874404
12585080
12857697
2234688
5476399
12210048
14181985
4596244
11214321
14650587
9384018
11452738
10833052
1060971
7430365
7493499
9054210
12320589
10995005
2240090
12282147
10488401
12051705
305216
3281388
656360
6267917
3690342
2874348
2557085
14176369
1500591
4217577
6968606
13282569
1472119
6909965
16197608
2125336
6377202
12870676
5159526
10771284
9014463
2334094
357273
6458683
2390185
7983817
11069946
1896104
10202801
5124811
15464183
3479539
5776957
11697847
16415624
1628991
10658643
2674294
6402212
10143886
2645999
12217946
12463516
2369676
12953955
10294204
3754297
15461319
5100992
2219582
2670990
5897933
5429779
12319093
16101633
15488614
15068605
6875511
9740993
2076184
763069
2029368
6772927
13339096
1129816
13877243
13789141
10761644
5628906
2882955
3655910
1892137
12420596
16308294
3284669
4350444
15828078
10963661
1288184
16055087
8710206
4474581
14678899
1742408
6695025
8291033
12586624
10220443
4284555
9995490
1866906
5669561
4754285
12723495
7720186
11181761
16270909
10851299
7000534
6563172
11592865
1553227
12591242
13941511
10547332
6974802
10802631
2235895
1894540
1506197
668628
12113360
7703663
5199182
6490664
8043325
13695306
2805810
12445343
8581512
1779251
9383336
16532596
8163597
6411515
10614265
8400388
10955745
8123105
3944881
16485176
3218154
8423673
14802673
4657092
14555188
10568073
10135879
6760020
12108738
16000722
14688974
9348444
4290269
14775612
9378028
16147467
8415315
7847872
5055831
6739247
8062650
8049100
10738811
811500
13392453
3963141
14779746
2718804
7541994
12617350
8624400
6098955
3141385
7907023
4153169
1909171
5127845
11981520
15562198
8682101
6309748
13002174
13159381
14808034
3238386
10127478
11509590
4077731
13260333
14354375
5454583
13694865
6481504
11704306
10484412
9382099
8933314
5433954
4596978
14785672
16356769
5411514
400500
2618400
6755837
4157614
7260793
743130
10378612
1460826
14945504
4586068
16309192
3991017
7992863
10908968
3864978
3133429
7311972
8628415
3044951
9138316
7705179
2852996
3841314
11357950
13121933
1828706
5671875
3686631
3584567
1299550
12031123
14068442
16582544
4337433
7104433
4791595
1687539
7272568
14053208
10560179
7006469
8851299
12885885
4474996
14721702
7356244
2918051
11676951
9477760
8759120
12957876
14073993
1845291
972549
6352645
11621156
7118796
16570854
3891513
2536829
645533
16599225
10540736
1304684
603724
1219577
5643347
1559381
3334890
4771934
8546272
5551421
8768506
2390694
1109039
3695785
12391201
1094672
4039692
5517299
5259793
14489946
13968285
13445030
15801077
2236202
5869958
3538679
1615382
3476494
4581082
7216952
10716947
6627486
5890789
11732707
10570107
1428993
8735208
7808174
1553006
4677963
8627973
9050660
8204363
12812656
7745048
9907402
9116657
3925300
6598108
14678664
1307829
8936192
4105092
2230265
8922486
12780182
5455247
1355287
486335
13274404
14075452
2238605
1339802
7559698
12520082
10859216
3127945
10388353
8258426
5046534
9211282
9106779
11034848
3567501
8584978
9664579
7241779
12336048
15553470
3897797
13766618
15894349
3999250
13987221
9555115
14180275
11921570
1043167
12326280
1531287
14460193
15660733
15627412
10996775
10137612
4467556
8777281
3889202
9914527
8674565
6041435
3863696
11442183
10376477
3973863
9456467
5755804
15370876
9525335
8188444
14874362
7627222
11606827
6207877
10177422
3411411
9063686
8724476
2042487
12358539
6547633
7479317
7692906
11967894
12075262
11981677
15808144
11460570
814234
16180738
14119676
2048183
14234087
11898045
15271126
14119254
13876235
5685128
4243545
4129583
7865748
4491926
4725900
10935539
15578760
470838
12314821
6021115
4077626
4658480
13937858
12353642
6848554
10041416
5597022
3606760
5534585
8845226
10137274
12470566
6209182
14648388
1919450
11593551
12297038
15108222
459422
1039265
14396439
12386025
5781428
11524262
12743397
3515049
12980671
15926968
12207974
1885404
3050513
15019790
5600711
15992558
5792789
4910676
11842245
8773115
503575
9553245
14042393
8747587
815890
3166234
3418255
1458258
444153
2214541
13437142
8567481
8238784
16314250
4109542
11166194
10047553
3916611
4725371
12641795
3905160
14049892
9421537
1928572
9594764
8528567
1635899
8040620
416890
5974419
5447690
6740209
2479241
12497021
15890499
6500932
16043202
13493969
16598586
3459039
3492089
2896997
1906552
8876835
4346655
16285226
16110099
10665134
2848923
5811239
3607327
6714830
2372261
13337039
2895114
598105
16239026
4139188
14509774
2986628
7774403
3332448
9132577
3523775
8022141
1127920
1002830
2879924
15417812
5812913
507715
6811127
3141148
9917790
12057678
1199578
6467387
10287207
11257384
9725462
7665564
14675779
6749596
6579993
4006531
11228709
2068171
10099460
12173193
8837180
2172268
8623842
15382989
5336114
15574815
15633501
10621516
1525328
354413
3497378
1471956
13395828
15239395
4978553
6887978
14997669
8007214
7469704
7293016
760150
8325855
9301199
4284143
5827671
12784533
12279617
6318880
7332873
9250800
11075998
6206543
5843283
2406752
10730824
12141140
5255942
13412799
3055127
12012965
2249936
8900326
7488476
7322630
13405639
8742266
14204455
6740684
8770103
6799223
11688447
10243063
13209047
564432
15397025
5141636
15603842
15202058
7760634
917698
6169459
9578835
7539738
11373428
1584690
6832464
13968742
10669853
7136898
8959696
7510486
4543873
1669143
11453532
842927
6826881
7802434
12132992
8419389
1202412
839556
11839017
14779065
11035041
8310543
14095501
1243779
2395305
11336477
5437673
12431840
12375548
7835790
8607610
15975333
14917262
14135039
2716289
13176734
10037568
13112477
15321615
6986509
5570246
5378439
7109709
3422060
1507098
9698861
14041471
15730783
12499487
3628262
6950935
7392819
11377575
10355905
5888708
12346953
6489470
11512185
2874127
7569659
13984198
14613486
13949545
11390668
16431007
13916070
7698297
4184344
4746064
13152397
5181315
2860941
3514789
3119400
11786508
2926801
950828
1604567
10280272
3026871
1511601
5646322
15373962
8168062
13423100
6753716
10859936
1156812
8072132
4211886
8398265
11939899
622722
12776359
15007777
3639996
11600614
1671432
14140152
3522888
11088833
585803
4357825
7751490
1853609
6244218
7907331
3234863
8301765
10813877
11415944
15858821
7445467
2692796
3613635
6898291
5372093
4239272
4272931
9922048
10160137
4094758
14155326
10660484
11539041
13889655
1811696
11307675
10620763
4188003
13514365
6671114
12546657
9144537
11312708
6411603
4457050
10795701
16509053
15534020
11277630
9442172
1594531
1083749
5574454
10035075
13446069
15896928
8724406
2199086
11704458
12399717
3611867
15050562
6258489
5458410
10335318
3530543
8021923
2253248
7081265
13266427
9536705
2519037
9840861
4069148
15789664
16572016
6850669
6810794
816396
524093
5144949
5713414
7906008
6849907
4974943
13376557
9149342
9576171
2753776
11022133
5605035
4522311
15644730
1004408
1503700
12994382
12120021
7767063
14722682
10665250
806443
10086874
3189022
1957441
11318177
2426466
16341498
8679163
16558099
1676808
1096844
7471764
1648017
6320250
2683925
9119868
3672134
6891397
15260876
11549744
512892
2870928
8359649
9493195
2312210
4967200
3006432
5637666
4059921
16067736
5729038
7267637
15896849
8383014
14372167
3055357
15258772
12602852
11538738
16538362
15502953
2793460
7544312
10478238
6689726
15774236
12765274
7648268
2656353
15332799
3150472
9453566
708133
9319376
12882644
7408331
2561142
5863524
12611154
5835428
13562064
4553892
10567763
15113318
1051662
12092637
3181261
531210
1955402
12649376
5084749
15277308
5628827
3201414
11167189
2503357
14258901
2914373
1814436
1601565
14167775
13444452
8927828
1972830
16385175
5777956
6231486
3114410
6726182
11945345
1208752
2491733
1907466
9411789
4066794
11495995
5505221
11608769
3566545
13554421
12445086
2596257
16048922
4369300
13702591
9668362
5735791
3448439
15130292
12992926
12949913
14795571
3021220
14174737
3730995
1527974
7114687
14432823
1451239
10063051
5700479
14619792
4713359
7546397
4658860
1426935
15923581
14449502
4053638
8971810
15894240
13900627
10578761
16440348
857301
9133584
16528271
1387559
8641220
5969261
4168675
4123549
11631694
7793145
3651514
10690901
4752765
14193678
9948373
4882003
3965244
8912888
15549610
755255
15413025
1596337
8955194
14575438
8016582
14118850
3517231
3100648
15322911
7240588
14431709
8317351
9964397
4781924
10488152
10968768
9060668
13382139
5330476
10009434
7015003
12868337
10129451
3064445
2578974
14622761
3315486
9562566
6915819
2788425
8352406
12702829
11784952
11915417
4919964
13986083
4752550
12704687
3848584
6165299
9201739
9170014
3461960
15471505
13347425
10411149
14056045
1902478
16251638
1062302
12805029
3638958
11738935
14326695
14006793
8987959
13938993
13105179
802770
15249923
3880277
6882752
7316503
3609308
12673270
10519232
1540286
10833204
3879376
4001100
10368073
10697736
1081408
3420384
9188570
5911162
9457158
3808940
3787353
1630963
11866618
994787
12485624
10656038
14979305
8783401
7933501
15785006
10891766
1175239
8148920
3339045
11208941
6542473
1379054
5022782
13553052
862536
12256417
8995658
3303815
883655
5506172
15808307
13703758
11271675
3431984
521062
6369077
2050855
12057390
6682286
1231967
13142883
3938578
540820
15972280
9926739
9539721
12657672
13507191
2282674
11837905
5971510
7809069
10171129
4456125
1875195
15916476
9830546
8849878
15683051
13632248
1395131
14959874
2630914
5888241
2276563
9992500
12169674
1776091
14336737
1884302
4239338
10476435
12891257
10802912
11231790
10186898
11470705
13584816
11150701
9215402
4849500
10960808
7858562
8358108
15018911
10506633
10352917
11524614
3053914
5658830
14034715
8028136
776940
7422806
14832094
7843083
11502377
3510989
14801979
2574252
3714282
15752785
9935826
1859895
9526991
13280351
13673769
7244463
12946960
9173442
3452376
522524
7234300
6276236
2117017
8029827
16187654
13950518
9880579
15525717
16394117
15353697
10067730
14483192
4876069
5888412
13167432
6717161
6553476
771280
5449241
12560424
1642458
6484440
11630763
1119773
1257965
2172610
7024745
9610887
6017289
1892109
7716780
8668664
12408184
873429
3606397
10388801
5093874
3684232
5917534
1892264
5963557
15300141
7630340
2460850
5780852
4079644
4938932
14062242
1616438
5358174
3941889
15841705
9942367
14495843
12690097
9054665
10659681
11114690
14710190
2868597
12824017
2224278
2340160
13863793
6960196
12002234
15815781
6002821
2456465
6898476
15751862
5904525
14151311
8719880
1657470
4406841
5731947
15468203
16440232
11236920
6608756
11840553
5048328
2449459
4271613
9434527
12484359
10674754
11682926
3161049
10373140
12518836
1575656
10869068
8106184
9824070
4047818
8719532
9935224
3468735
11330827
14466857
13851241
4033471
1830137
14735961
9375827
4773300
13315213
9156170
8567075
13958216
6518497
931639
12304528
3058528
12096148
13527923
3428187
14446685
2651961
12019377
6959125
461859
12500961
14868681
5791738
4107640
10521666
7517099
13039608
15269848
10314723
6026692
545875
4852008
9961524
10025207
565104
4943557
9957958
1350790
14873461
6736037
13791440
9109107
10301591
13333917
13691515
14109086
14686829
635250
6721812
4940198
5422125
2039530
5508982
2899966
3644725
6228187
2431412
7422144
12713411
5716426
10785368
739257
7212454
9896261
11024482
12232749
8102835
11826451
4066163
15133477
10608906
8934305
7225581
2994303
3284476
15767078
8412465
5159803
15281061
6123692
3320146
10853807
4378978
5519856
902301
12070442
8668598
8142453
12044040
323350
13708913
15540121
6432045
4611272
6876212
8362325
9912025
4156481
4063014
10922012
8907650
1181441
13155161
4157605
6954964
14001677
15094830
8922672
4999687
10144562
14883639
13073587
6264957
9034622
951289
1780616
3647892
3828052
11894235
15939749
8710900
6770203
9013479
11172821
10731183
12934294
6301520
8737437
7647813
13709164
14185370
5214834
14095875
7685097
11362128
16592606
4138263
2075993
9397377
5821800
4011081
15622956
6457153
11825357
9105358
6942190
9071785
647299
11075457
6946829
8552725
7301688
7075684
10970626
14320854
8841001
8917381
8586244
764959
5437675
7750333
10926175
11093603
8522456
10132682
13894622
581068
6205494
3459955
12870920
2717592
8887258
10104629
14806752
11457572
6876194
1770677
14239100
13370623
2224562
16398445
15700863
13391843
1880241
1721276
11324554
597643
2383851
918131
5569790
9935201
13692554
12020840
2048710
7846697
15194326
7470078
3015643
9591638
12066452
7578866
15703846
4464773
6997908
16333976
15485801
4912500
2255280
6562307
5085662
1894557
5864717
7321520
16424390
13719703
13212280
2780777
1054812
5796283
7099087
14441972
5298931
14260590
11470766
3768661
2789912
16098716
9862734
1065464
4275817
15830114
608013
16501009
2725854
11328650
4954317
1705338
3789148
10792804
10690513
7076921
13164107
4962756
5382022
1865866
15820910
2799689
14626573
3121701
9556852
7793112
5455040
5712678
5045619
2856569
6979147
12617861
15438270
15943401
12545470
7411525
6948956
13531584
1762872
2480501
1065757
14713953
7779917
2131158
16431037
11550103
2513370
10512760
8340708
9925988
1707004
12840362
4543994
4478524
14085202
6962445
11236615
7440013
13103541
2844671
5064016
15350342
10645479
8860319
12529806
14444375
2653921
7948116
1180520
13923416
4451730
9222687
9648065
11064917
13566223
12862155
14585656
4917078
597221
11729564
5488276
3069523
4137412
14834389
14582770
8790173
11490959
6795781
3477731
6728947
12955561
16212375
3817051
15188638
16427948
10490878
1903776
4642766
3896662
13421628
15952257
9380368
6766424
5937783
10673254
10484255
7301513
4567875
9660783
6121342
6006857
2611242
8693155
11301213
13665695
12459927
10449034
13870872
12660130
1060296
15152970
12201832
8331209
13821083
4154741
10773536
3225899
4876218
13901847
8241912
10594313
4718442
16576907
13823417
5217102
969158
8143753
12525334
2334026
12058698
10548693
9025915
11847071
14102628
14754314
886431
4523515
15034558
14611303
730845
8534737
8318232
4549807
5865276
3431839
7694190
3272409
8113058
2202915
6524106
13214203
10037004
4942933
6379259
4593384
3810093
4237478
7679263
7298402
4414229
12220584
12333010
14642739
767727
12295050
3803818
3023932
12157196
13329863
13281649
13749325
10622161
11470476
11466431
13895117
4665828
5645095
6823812
8856141
6118499
15287688
9815493
1293987
2125774
16394389
921418
7048170
4862032
12782423
10851056
4034480
14137002
3127447
10002397
4004909
5409619
2113406
6186463
4289740
13411003
7732216
1857735
11053327
15503787
2712054
3593220
5274133
669372
15859876
6195375
16300917
9431188
16563305
8564466
5698641
12173406
7492833
14771035
11199392
2199068
1578366
4001154
4325154
3955111
5914169
7532040
14632296
11190052
6623072
3931208
6009293
15502141
3969925
1589390
6203479
9854983
7002714
13150592
6532296
13089628
7130942
8062083
8726316
8351822
10037503
15660919
1456358
1893884
6982479
9632098
1741789
15716479
16164302
4009256
15466807
4948837
1346486
9979994
4653611
10923288
8297897
6268489
13732749
1127059
7198972
1158956
15388491
16511494
11517415
11597912
527517
6166679
10062947
9582639
8313221
1837305
7990023
9999654
13841118
5116622
14447533
10659565
2534543
2453113
10729618
11374583
742735
10572215
2679687
3511919
14713827
13228638
1201383
485687
3074109
7496658
10622468
6259626
10786574
8195744
2014981
2590447
11398936
12541130
12340280
4510472
14407400
15690314
16369975
5556486
15427955
1433782
10870996
4058230
12746685
6868245
3308328
4238856
16428001
6557169
3315222
6093854
16173812
5394129
1090443
5170852
16492749
11350191
1656780
3521724
1671082
875161
16396362
1235356
8133694
15504171
16052747
11802384
9960780
14452623
5855781
10505511
12098587
14642528
14440173
3996693
7127283
10062717
10846096
10353139
7932734
10619723
16491431
2690228
8534386
9392088
4096523
9987320
11911410
15309188
9861203
444063
14729846
2441375
5295572
3994211
16535716
510604
3832853
9470506
10892330
5953304
1480161
13459089
9951305
5326894
311994
15688595
1052640
1973309
11878801
12508091
5895659
7681877
848439
12677219
3259668
1326799
15741289
6432425
11820766
395728
5385590
13722966
14798362
10701590
11242693
7101569
12624499
16304816
2139476
8900407
13826277
6227539
2056260
12530390
11332795
5226643
7864809
9432257
1477922
2027046
15986697
15475792
3312427
3902391
15422612
6245019
2506070
7124998
10650728
680416
5782213
8395484
5433200
11429654
5366117
9927003
4405056
3751875
13716505
6491824
12138112
1128792
12198382
9831407
8076406
13696103
16569059
8911167
3537284
3788121
3787621
3672870
9824983
12391544
10228861
6275333
3444391
14171191
9475271
741571
14260311
13383935
1216465
2937238
4134702
10390818
4896114
14552759
7507323
7397550
911751
5638899
13500390
14760576
7926270
14002971
15783866
14016651
3130340
8352056
2939156
338367
900639
4644772
2399445
9311874
3177903
4569371
12340381
1415998
7200582
2098927
4202835
14098509
7053132
10523831
5817795
13969494
15965942
719959
7611077
11405442
2325355
6305350
15473081
6059639
5212230
3866496
6706004
13736484
10545913
3923550
7028541
13839544
2585885
3359139
3143609
5297889
13181367
4692366
16101644
12225643
6889826
14720306
4644916
1172718
14662235
16201804
5515953
12126941
8261343
5517076
15862507
15902015
4525804
15273102
15143352
15665890
16188533
2199619
13853375
3233300
13185369
10356274
3977684
5644856
6925373
15667137
9376757
1066658
2104888
4608942
1023139
4838016
14565986
11261692
5573088
15659996
14109760
9398194
13043536
2553356
13210656
8310201
3515883
13408042
9099845
2836636
14137481
9922875
4302997
5459813
16394565
2081394
521069
5310618
4019007
2920508
13376413
15719867
7892968
606834
7586611
14762937
1812952
6480062
10127943
15914865
10333058
7786477
558511
1628937
12447415
13718995
13773940
7157100
5861279
8051927
4807346
7909661
3452104
15618559
12061375
15866654
3425794
3906125
3084472
6965693
5113042
5941632
5864354
7293662
402566
16299398
10718675
527239
12681332
5613976
5714640
2089223
5404108
15255440
14856067
9317852
518692
12202614
16560257
16445638
2731285
6853434
11210954
6923836
10873046
14129999
8102393
10223723
16388336
13688181
8104222
10506143
13476217
8172262
8489383
9710536
5720527
13320661
10895082
10632113
13064473
11520824
16444398
5347874
4247568
11436843
3340043
7379819
1538512
10046086
15466528
16290381
10814683
7256549
15468096
9401653
4104369
12423721
10793254
1307658
4825452
11081630
11503585
10422024
10920896
15047441
16015387
7336491
3115552
15094390
8820648
9816111
12724209
13907678
15246130
2295522
10865505
12815480
13295804
14480980
6449033
10034363
11158509
9994155
11699302
2314021
14745610
6185073
9306669
11693011
16541560
12557878
10078351
9277524
4688943
11381333
5836401
2785503
8416141
9422752
14417499
16483399
14857333
9955928
16487233
13783373
15918442
9894757
12494150
8547571
986683
4330758
4006211
2852799
719729
9208733
11776789
11736792
7594921
7252447
6047536
1281680
1700274
7622786
7510734
6513729
9252366
2776045
15097570
6931143
4251569
8081024
4518294
11284299
2310840
6976863
8020616
10765542
15145705
1678315
15175026
11705285
12891073
7502285
6633003
9858252
4076757
12859855
10583549
11207336
9546177
11459801
471995
9665874
9422727
7653039
15947410
630462
9002737
5137157
706097
2834600
6790840
7739117
4735157
12035912
12221278
12645019
9101122
14445653
634188
5109369
7013879
14658461
9345043
4866026
2340180
1738859
6043440
772856
2036053
13066395
2472676
2976990
6748714
5938659
5181119
7528102
3916264
13295761
3902173
4741529
7851483
5876436
12720015
15149474
3483794
2719415
716799
6608909
5205501
16020805
13969414
8190077
2354135
4634849
10888572
15840015
15042529
8501243
12824472
5419393
6379477
2992673
11117201
13638269
11871631
1077648
6111608
15205067
4233635
12576322
9028377
5125599
3358644
10893901
1585741
11362393
4121466
13000364
1778895
7331183
15165141
11191944
12019783
14398787
10053936
4473567
430798
8442833
16356493
8171482
6019887
15123797
8069867
3119423
14080429
3494982
4201566
2673257
5342107
11339310
435107
8368723
995818
7202866
7198968
5788225
8900133
4040007
12999005
11329271
820100
8162080
2447671
13676455
14654391
15044512
14471985
5448070
9846657
14503144
9400382
10221123
14281883
11671485
6645186
2073121
1291412
4339576
11549097
1473309
5764318
14902395
15730539
7911939
13261573
7125017
4042681
3125569
13130065
5387484
3813690
4219449
2040186
14873451
5185108
11706838
4126861
9619698
16488877
8285463
12145950
333074
14304808
9647374
9674362
4641868
8840865
2020540
3053902
1632008
10632526
1618677
10396994
7771629
3212492
6344015
7149650
3786445
16078982
3796975
7380009
8076853
10589605
15024419
5906948
5564781
8011216
7650907
836944
13602079
785051
15870527
7848234
2150628
10389134
1029714
7323459
9051834
8368666
13120631
16312137
4048651
5462004
12470938
14934011
979865
4003433
3876925
6424496
6963347
4456895
7093725
12134397
3402102
15192070
6568613
10629510
5911510
9563122
1191814
8885458
7112822
2825604
8910584
10755246
15764119
876747
6160812
2843374
13080459
8623477
8173184
5785146
8767134
15151305
4836411
7279441
6320331
8774769
2805215
11417078
12103687
9788492
11339905
9131370
1365638
7471724
10688500
14407265
9851858
10840783
9674493
12365802
2995119
4924827
5508901
12986512
8076801
627159
8857750
5402573
4510628
3369021
7076596
5798909
1717950
15645815
9935558
5994066
15786266
2693685
8649429
8737167
10010826
2892866
7850079
7697017
11327894
10729053
7585016
11122022
12114330
6732989
418724
12383688
8570939
6112781
1735446
10259321
11047159
15485215
9717652
12340652
954398
9387181
4357811
15342109
5643028
10146099
3224888
8718342
4374680
6114859
13965097
10204483
14786689
12541329
2314571
6278098
3213674
6039414
6474517
10666036
6578086
2921436
13533019
1935396
14340915
5420157
4981082
15375887
1405269
3505443
9681061
1267525
15395740
3688760
3204475
7687710
16380682
1024421
14007211
10814624
1017372
13183318
3864429
6100508
15756983
9252435
15511591
13983384
9296774
12642040
8554409
13450406
8728889
7527353
1826840
14547979
9333388
1255883
8198642
8245061
7978839
4707008
12463054
11136593
2613984
9152444
10742974
14150034
7167431
16364216
11420197
3198122
3459986
1034551
4789930
8706453
14315009
6664678
6036606
11817233
6719304
11293891
10699513
6756569
875277
11438006
6159538
3547463
3548959
10211017
3626666
1314784
7276991
344028
16141087
16527559
3357239
7116502
7131088
13601769
10740930
12447252
8495748
9756955
10987003
4707255
1298644
5729870
10619798
2396235
6932597
14864749
1045898
3300081
9235965
8515591
5939363
16000980
8975077
5907775
12593605
9030301
6952825
6988603
1047389
3463237
10351458
1100611
3277427
15197087
15059328
13517072
3551688
3981173
3316312
3590678
7185205
2296617
2262217
6317407
5904082
9161208
10925525
9784674
15862208
9711396
12836302
10572378
557066
12456760
3053001
8224723
4278306
1890043
14873969
3743108
10285244
10085591
1907741
9367643
9403918
1819841
2518588
12492224
11449315
13864337
10494293
10203504
5655077
16238786
8609371
16085557
6347215
5373451
15139922
13811063
10138079
7228996
12963582
6940804
8960886
8920985
7468430
8968326
9059645
2566956
9723748
411466
8317656
5662666
13878737
15878208
4429589
8932462
12933858
4582876
10558219
3979521
14390779
14907834
7524441
3645885
1957642
5971145
674972
1931653
11622264
5465411
3402352
6814921
11880494
5139253
11354551
4752677
6503682
8785452
7643042
885988
5120730
8621385
1898793
15420997
2470747
14751115
8013269
3141369
3579691
2924954
15653837
15311451
10819028
6184967
15404617
16393411
4053828
8952725
15627968
10153682
6558909
13990681
5431696
5197633
12361680
16043991
8399806
841271
10144965
2162893
11695328
10059539
11088524
6503112
7036667
14039279
15850222
4329737
15978799
9103471
11542481
1954157
904272
2213044
14280162
3903270
6794514
3255243
8257669
1722531
10683959
13173098
14940799
10700771
14481697
10098619
2876447
6544254
4141078
5862566
14631143
11517379
15165688
1066322
474119
10615849
14848668
5485666
2303265
7162490
1148430
13840364
7680231
12618501
9499742
12075166
4054953
9089502
2812236
6169590
14318921
6771204
5366122
14047208
1898593
14619451
6731591
8011853
13266766
10648165
8708517
6057995
15100511
14375593
4709738
10267799
6324543
9615766
13584273
6467356
6987572
3224470
15640124
12802945
7361366
5437807
11025375
4600653
16439353
14885427
2405704
12499133
15826495
15957292
13246205
15517634
973769
13120706
10126485
3093710
6732128
9916545
5140088
1402741
10607312
15848279
3794150
2377377
7927119
10769236
1980088
16191702
1174583
12390803
9446270
1962474
5606560
7252978
12244382
8405560
6172734
9087883
8245958
3916589
9422161
16575512
6057581
5150345
14713881
5786979
1055904
11300283
3541682
15693825
3273486
8590458
4297978
11898458
15282945
9413658
2642471
9903380
14840406
5198144
1600940
2278585
9613349
2235023
10457347
6332353
4052378
13970131
5772088
519985
14525900
2682649
8927014
3870622
15778824
7197024
8376897
7340989
15363989
9463805
7225068
8738562
13720222
3485447
16425036
12650353
1960028
7896324
13837499
15440468
9320846
1082332
12864252
944918
3950554
4100857
15628144
12646953
13493269
8699017
4321804
3277786
361947
10484170
1228627
11482397
419533
9285604
784363
9682430
12583047
6120617
14719375
15352140
13262348
5164477
6195809
6848057
2141707
14455240
5393573
3796930
13272359
8855797
3749140
2268610
11680003
13131887
718039
10473386
1351962
1824916
9922270
12224627
12076275
2840401
16338879
1279830
12723107
9285857
5115770
7241677
7738375
1881815
15684139
4222701
3781053
5614560
12181399
2643385
11387348
11232434
12517386
8052409
14402403
7059660
9180757
11242295
9688165
2198437
12983152
9231191
15563526
14618196
10232154
12580114
1650084
6500183
7146865
9075937
4697839
13515300
4764457
15390980
13607843
6257057
9620952
8197490
4177496
7550632
14994871
11736269
7167985
13785703
8100364
5245838
10428363
12112890
4459049
10787035
488557
14397673
1064219
2579367
9992622
9297275
2363776
13489020
11305065
6800095
1445361
13227788
783428
6422465
5201624
11150187
5208521
15792474
13842781
3898705
2627320
453320
16357060
4742641
5272042
11234316
1407097
6456770
5503721
5460085
13293583
2115839
4114367
1293192
1697950
12882279
3904884
13997182
9425698
12979174
7450903
10423450
12147214
11667150
14018410
3991894
3335524
8254445
5883463
7410521
6043107
15293263
10167767
10897314
5511744
2703196
13011966
13651092
10073878
9209151
12590178
10274749
4992438
6076384
3148883
10861820
5381916
8263447
8389940
5379171
6462206
12296366
2253059
6821127
8768169
1544926
11173108
5489172
9976960
11158540
7648387
15490757
2894134
4013191
14755689
14443367
14138290
2509736
960806
9919280
7401450
11946711
6309493
11213792
5028194
12316755
413013
1387534
479374
4980606
6412387
4605160
5486473
3460503
2776284
10331061
9563916
5306050
3425195
3456794
3407525
10591420
10923987
9318955
15529414
7303240
14517597
3410966
8518877
13255373
14728469
2708403
13800791
3400786
1400906
8176554
9454164
1038768
3911605
10532706
8597447
436713
11505145
3306665
1178037
16309340
7780684
5236895
15638761
9673116
3881868
11324620
7567513
8950830
3831753
14120207
16322915
3713684
3282297
3417554
3020573
6458323
11788407
13909631
9034359
11869031
13492493
6029105
12930776
16577709
10626335
12433751
996498
6084539
13088429
15627821
8722962
5828259
5443790
5073068
1326644
7942364
2940072
6488193
13442336
2460005
2537301
2062943
675554
2650156
6180858
1543085
413448
12743794
4921956
7570898
3309974
1119245
738648
5588667
950732
1000686
1442862
9209904
15835989
9501040
6641959
5357870
6030798
13463890
10282738
992832
8334510
3479959
10466361
11227266
14328320
9374735
1764078
14958708
7083956
13777432
9481709
15909289
10806948
13489291
4799306
6042619
3485638
10923165
4088573
6897578
13196518
2376767
592785
7029225
346591
3147953
5562612
3786061
12009817
12731370
6607821
16236743
8857302
14194705
1913654
7871269
10026850
9739290
1365421
7919032
6703719
10548355
15458501
9696705
7813144
9543652
13150117
2655339
3633652
10399244
4908656
9075817
12381366
6857054
8052486
13971511
4089355
1747430
7190470
11048650
12303899
6284427
12918867
16333318
3202948
5284875
7138277
10278329
15552750
1875254
14125115
3664378
13972296
10899528
3810846
6093840
4505089
10202512
7960925
7565606
9814281
15881856
14152676
3029209
13459899
10651056
14993349
12197017
6082967
1668878
5930373
891671
874403
1483274
8313225
11571709
4562492
6328787
11500795
12274352
11784994
12628650
700325
11060458
9258243
10051893
2544983
5743847
13998559
10880759
12719069
1155048
9900431
13464395
8299879
11201095
16566781
6798347
914391
2109166
3747989
14412088
3397098
13920922
9675456
8992286
10848529
10133543
11156975
9008768
4941918
14165428
1872707
7920129
3327777
14559641
8165139
11189282
4968869
7353666
12575043
13626302
8048665
12797967
3743658
12571164
15465557
1942936
845534
7700512
6360185
16083768
5549780
7727133
2648753
4108290
4235415
3315549
14197695
5630459
8023176
4607854
1851449
1406034
14034842
7673237
13966916
10566508
2012611
9630204
4931044
4806131
9655195
10695169
8242381
2593721
5374094
4717566
16377130
10262724
12320473
882230
6587007
12893182
7947960
4483427
8626778
13875501
2188242
11079917
13865827
6960840
10664134
5190877
9832681
7775333
3365470
14271593
9358273
5193202
4907658
11248812
14103048
13931280
15478191
4310289
4531501
6231301
14899035
3682083
12983889
5490581
10366540
6748797
1249954
11415649
9978796
3662365
14198103
12703637
1204282
10611171
6207751
6657331
11969173
8822696
662485
1258481
12366855
4665636
9474284
9657075
1926221
9258316
15845073
2822098
11083096
12574474
3568019
637748
5502818
5485803
1573820
7163223
11265599
14283029
696383
7066216
1587699
3734064
9203835
9966211
620849
11643161
16253082
12666057
8722239
16461758
8296668
9968894
6264469
6922129
7910374
10177517
9350272
11415827
15541204
3957445
3142902
7681085
3762469
1147926
734588
8376845
6101488
5757289
5191198
1984815
10883697
13872036
15562250
7545346
16461105
12523268
11131568
742662
1051244
7495426
7383576
14656296
527161
12595436
11022520
12249479
6514899
10801272
5752378
4950554
12204879
10925171
3801020
2883306
16569618
2390313
2598560
3642938
16209356
2074062
2577550
14785450
4522016
8040374
8682014
14643732
6508762
3810017
9886469
13694370
15407076
7029878
6815579
8692336
5897838
1803798
3008299
12458773
15585797
964776
2516355
12924821
3807862
11226344
11369833
7346208
6484700
6036680
10273581
16403263
1116114
3642167
14470695
8230806
8879700
2313852
15822777
8958136
3538465
5109641
11090629
5142512
11146522
11911925
14835848
3031492
11701135
11287858
8709132
9528444
10313073
9140938
4633655
4418559
1841383
8360504
4584315
7232132
2668847
2045634
13976712
3239537
12626006
7265756
4535542
11372310
3676499
8576801
2759388
12486316
7425562
14646958
9435650
10666586
15713744
12429711
8934737
15917340
10376966
10071564
10053225
7455750
11026599
3272577
9514547
497410
12912301
6664182
10987131
6854835
4196106
6366880
15594919
8995492
7857119
8212330
711312
6854608
9012117
3539863
1627767
11358619
8291911
5481806
7355678
7516053
9965280
2117975
3531086
12272526
5927929
10944984
2736392
11785180
5637953
14641521
8541315
3166082
5584836
15334707
8923269
11061527
5980764
4039317
10732396
7621224
10966092
2753198
6714392
5344901
10479840
16455314
10864486
15819494
9434356
5589666
9696223
14374636
10477074
15851465
14709558
14400180
16144096
1425226
6611871
6261034
6219114
1942889
9316126
1641396
5128874
3285526
12198370
5638250
6914713
3435698
3727198
13172911
2264272
9991239
4166974
14560603
6402700
7634411
3172022
10155389
14269169
14389821
4102483
9638801
12200405
13299761
10406384
607536
11141474
481542
15629541
2523562
9126699
10739291
11119612
13339058
3500170
541061
913130
4813181
16344910
7379314
1500467
7676210
14046444
3482497
749551
7539116
15351662
1373614
10985346
3217107
4977295
7170315
11966776
4486728
12234192
4618511
654525
15639545
16195833
2376552
470678
11531027
15483404
8719629
10459104
13573864
4805327
11349767
758121
6003320
15981630
3988113
7028158
5336879
1853822
15805397
8209026
979587
6787931
16010544
12685545
14588260
14979963
4879237
15420182
3977595
6764162
10563663
778495
16366859
13248202
15843487
6526193
855076
4146780
7858590
2090106
4809339
9105312
14110648
3394157
11086715
11879097
1270235
11032797
1877645
8570051
3453131
1249437
3090020
5225740
15687846
4829587
3193845
9288064
11423464
5549475
658616
1445538
8636949
11593769
7503899
6542528
2467681
8548708
11060348
6716203
13892299
6559967
1561192
15318832
13160939
9125176
16559210
13117744
15753956
3416322
14950550
4392124
4838739
1203690
7221826
5519125
16450141
13101109
8811724
3410801
6423682
1656645
4768511
15458876
10477189
14121524
11949530
1808334
12603648
13620586
5766948
14921513
13463451
9865527
5023780
16284005
8793932
2237522
14039615
12972653
16226394
12075915
9087111
8279111
15110044
4706874
7550285
7168303
11877137
5766224
14041509
3982954
4630233
1818759
1396999
12401610
4701601
5079774
9820778
14529263
12340067
1473976
5032616
15051691
10808664
16400141
12616172
4022988
7563477
4645960
3058596
3734982
2418205
9812429
8884763
16313910
15739679
7625225
16410598
11114652
5505122
15918825
4681738
13922513
1649255
13979972
7647013
15732367
8391908
7272742
14958735
739639
1692234
15844409
13320899
12456728
12588473
3937467
15852301
5814727
2330026
6007260
8316506
10380975
2893606
2507291
2218937
2309299
2624254
11935099
11989280
12447849
3968617
16329989
7462387
15954889
5655369
525231
4928668
12071887
8494975
15049218
4206520
16308579
13181645
6765385
1536904
9257199
2944850
9503391
14043076
12488531
15083866
6008317
3370719
11802291
792579
9782699
9479841
363864
5963204
8680785
10955780
13249340
13678120
768229
4257249
15158867
3682844
8984994
11994196
10867528
6201881
3723305
3927225
7366879
7862490
3236605
12236826
10957754
12243960
3754407
9370493
4191034
3964460
16124379
2304302
1607018
5791168
16342204
6832504
16041344
10820748
3832788
16015930
11464039
9901733
13394439
8213139
7363488
6390505
5656121
14476489
2397884
11378655
6102697
8981391
15569530
14994265
15561708
7696365
4261384
7119525
4200328
8742082
7433092
7499296
3252590
12046413
4438240
1989442
15598734
15205934
6843506
7890646
10759698
6284962
9800956
6126391
9489807
4846218
10276813
9156072
1531518
1054100
14126159
15518319
15208104
776113
5095972
5600155
7728380
12638227
12126864
3790950
11085411
9785079
6742867
15173665
10399100
8773341
14308211
5932796
13433019
14864155
6270360
12707604
5968183
6400337
2736257
10055543
11275495
11462335
5417036
16397955
16566566
10761584
1117704
7411385
15224583
8950546
9696844
9162468
911110
7043688
13736350
4292613
14306235
1755339
1617160
10641120
13498468
14478814
1368405
5357335
14559615
5295171
10181642
9668421
534770
10235321
8952225
12751780
4969212
5789172
7162675
13921040
1881264
6522115
11968929
5689691
8069253
16473315
3310778
418483
4208429
10136389
5149459
7344986
10456891
8347157
14050710
7948861
1217869
6461193
5682440
13897387
3506611
11417658
15266619
902797
3242637
14402386
2128005
4096383
11563576
7678375
8864171
14781006
13977361
2895037
4367607
5548745
6311789
9520420
7468270
7526160
9503730
9289132
9421115
7813331
4222749
8302814
15200160
8697838
1408387
16050609
692528
907611
1005562
1415697
11007835
7210112
14320853
12330436
679220
9106105
5733271
2891106
13981718
16248376
12690895
9532150
9211893
15095856
13957332
4363202
7803487
615607
1176505
9615110
1612342
8682956
10605669
14888544
12478178
9981356
3136710
10805203
9751918
9310397
11573031
14939719
13099763
14783521
555262
610549
12247901
3533927
6115576
7197409
5430276
10064074
9418541
12239500
3566131
9121359
3784760
16217060
9869787
14359330
1525787
7052962
526745
8185869
15579186
13689429
5436618
7710312
9558589
15326585
15573993
12837537
1377084
6941306
14776915
393588
11253272
12421686
5523629
1062241
8716475
8037097
13624799
6866350
7809639
3272961
9107630
5166542
2381275
6735060
4958702
3503748
1112751
6647111
8798685
12284579
1857538
11246255
2367171
15241410
12402898
6481895
2047192
9291702
3254451
3188519
10574671
4591687
6684876
8767492
5596546
12408642
9038262
5551733
1278254
4998511
6906252
2380011
11690395
9400526
11467814
4083732
7796944
7795484
11404992
13294143
8927879
3070643
14607688
12243802
4037902
9192611
7672315
3847887
10043279
13052663
8763528
10450606
9422233
14771390
7790854
14957024
1675103
3027407
16303849
10446237
4175407
15019952
3504138
8709962
3573871
6971033
12555887
3051068
1739709
11504674
6761668
3728111
10657268
2197298
8543796
1903146
6917182
7407422
6915347
10310743
1442760
4283926
16495145
12167172
1575510
1723662
8204423
9691349
1493413
10687980
626827
5622857
12318708
7909854
10299139
10544988
13669814
2373913
10668230
6990742
2844354
15386335
14190350
4473563
16235667
3479129
5796286
14773254
4903465
11721025
5815218
2062389
12314187
7526163
5507339
8684843
9223843
3962337
549528
1998299
12640519
1280036
14123508
5422150
13101127
11641036
11594014
10378658
6648870
15491588
5937834
4480186
5193955
5636275
6118783
3747644
1422870
2111986
6623533
16445030
10940290
14702442
5663345
2363178
16309390
16073485
5507398
626924
16329746
15564257
6230409
2571548
3417692
2255980
3458277
12317200
15162390
9638298
6112193
13615140
3845150
7862372
1501498
13376716
1326535
7347359
9761260
7072390
4712689
13880196
12842601
9168641
13363769
6442721
15667647
1096973
6878584
11423199
11191213
8450902
2376921
13611072
11963846
4990830
2378923
14495424
16196159
16329261
12342974
12021089
11402891
5871985
8740753
9055243
14131891
4733425
15700990
5328114
7510545
14360428
355709
5589524
5960926
9425724
4252891
6666516
8875049
14500978
13875952
1880270
12772322
7279133
5188335
9742907
16478389
4777616
15807472
4313371
7224273
12845759
3969441
11623778
1930748
13219814
16588508
10227533
515552
2941654
14982565
14551467
12725707
9734872
7866123
2619801
15171082
7822576
12343151
11075095
1695571
1981602
10178693
11391643
8271387
563232
11213923
9103246
14893004
6124949
9196784
15206738
6057869
12569108
6785593
3485329
11716445
11416677
10298564
1263603
8967059
16410089
6679008
7211605
7504015
6192728
7409063
3378622
6563828
2647498
12042710
5199115
5618790
15311309
3559896
2756328
16564821
16255489
4719211
11069635
14993633
6056550
3749550
7363759
9305499
2579788
987398
16349341
5512499
12027779
16026405
9681924
13918802
5356263
11116752
13061020
1801637
3420754
10498749
13630941
13300785
12189538
14006216
15671778
10135790
14752764
762572
5687896
3451384
15173537
2080861
7296750
14036369
12329407
7917901
15720993
3909708
6163974
7979931
1308864
12263951
3657153
8367068
7648361
15104956
1681803
10267120
3079806
7147316
6668527
11911742
12756022
6471148
8078855
4035255
689303
16015636
1484002
8769779
6691976
8594545
4004917
13977264
14334749
11357674
7052580
9766903
15344399
16345469
5360507
15371845
15684296
6782914
