#Seed 2693776726
#index showed the (transformed) postion of the SNP
#SNP index
10737959
716540
10783241
6478356
1261450
11066298
4033745
5407014
5675202
7501844
11257485
3193181
13225536
1865225
15991664
5022930
12449995
6657092
2302579
14719857
12270829
1496317
5756715
7055632
5910035
12653436
11094675
7682356
10254153
587127
15787374
16517488
12426093
5966908
7945162
6172811
4495738
1073592
12845616
10433515
12848998
9954148
10538821
14649428
484610
6850774
874904
5864563
393548
6858521
8770800
7844014
14809837
9996161
4230484
4725769
15840727
4991062
11018216
9595911
8466423
7229423
6664182
2636364
9907054
12752653
6341874
3862049
724318
1060778
9665922
8134014
13460455
3727154
4192261
5670980
777964
9222480
6350306
1192870
1690144
6470747
3379649
11878863
9178176
4569325
7476948
11434615
16366648
9489316
5586094
3524989
485017
5656670
14748201
7028583
4339274
13736867
16407730
16470271
