#Seed 1358384918
#index showed the (transformed) postion of the SNP
#SNP index
12418332
15840578
3977663
6938672
8741180
3379919
8511410
14980897
10839607
2723453
943894
13846677
15883474
11357894
12976384
5329412
6937220
1333819
10228531
6674599
3903735
8092257
7855348
3514636
16141503
1820214
10845813
14988949
5692813
3988183
1358724
2607681
10732987
8576791
8841230
5948069
4040614
12181040
15585206
6322191
7174060
10636369
2908852
9447540
12122024
12272249
5831106
8625148
9650555
9700576
14738682
6694838
8596306
2585936
464480
8816157
12451456
1073880
5644085
7885759
5548796
12109564
3032808
5404355
4426383
12266720
13829495
8834835
10213439
4301679
9911068
727967
12534509
5941360
14548760
6984685
13549850
11102341
3674516
7355005
10169641
6227309
1057836
1035562
750512
7527451
7122531
5576431
14114790
10732287
2133063
6419670
2584581
14710017
3357307
5829469
11808158
12422117
7064934
2659259
4699347
6503237
4442582
7711417
13881166
5232104
4476775
13108116
4429472
11663534
13044559
3086940
4227216
1461242
1637510
12674193
10037863
6474761
10145210
10989129
8332276
3809397
10500656
333019
1251204
14586830
9113350
2471162
1105924
13956887
8514254
4235636
2261542
14284077
10475616
4224726
6535082
3073617
10027342
4784710
10624436
9194200
7040089
12614250
11751007
6486955
7004064
6232801
14971944
1556823
6291102
1748771
11176471
8395450
10160207
3209442
1788818
13337741
14034836
16004904
1306643
12103608
14068445
4246216
9707402
1844433
8321254
5514987
8538319
4382996
8170166
10647338
4997068
9422727
372269
10494080
12641932
2789130
11859314
14318652
10180797
15344110
6243456
1367912
10705653
10992686
6653479
6724331
3180548
8080089
6437123
12513424
7745799
11087268
2751189
12494088
3145735
13092737
3209373
8685076
6881900
3160520
8337872
1798245
4635240
10134460
10247811
11195017
9532996
15531510
4816767
12658456
5482874
825633
3625401
2495251
6480574
4185793
3745492
12081956
7525963
5708254
2597846
6825869
10609109
10509808
1629166
6117115
507350
10045803
12674432
13540405
12996796
6088121
10265865
8749690
3413731
9980743
4608192
12359639
4287191
3988686
3744209
2174921
16085312
16384203
10127090
10408510
16108845
6562283
7190896
2967933
4683317
7339102
11903840
6780897
12208417
14083124
3471506
7489393
11545321
1776039
1121910
8496127
5960787
3539902
752384
10600639
4466308
3330920
10733195
6670060
2177778
947944
8790366
3443977
4737739
14240137
13154363
12390627
2881096
10232644
14895241
13880971
439013
2600822
2124126
4697243
9850714
9905061
2637367
15318376
11939261
11055949
2012217
12780438
5994530
5597795
3539775
16104693
4091451
1051348
5740822
14136954
7772269
7136035
5464228
14157157
13873547
13729920
13659672
14583062
4648858
10778628
3972057
1028445
1674907
9950064
1413792
1654463
10843682
12222727
9993912
1947009
2984512
2672750
1043514
7310442
12994926
10873227
3808721
14296907
7056213
4281689
783084
14096469
5211932
12135801
14004958
2767673
12925751
7350051
2428737
7504043
9181705
13418158
5237398
5943098
13483758
10976534
6400217
10538459
1130228
9829214
12079375
14686161
6108091
10376874
884255
9689044
2406465
4354761
3266459
3708793
2178497
3310752
15275222
11543484
9272942
12113613
9562887
12719762
3793427
15303870
10469940
12386129
8512937
4983919
7725678
5737813
11391109
3380344
15221003
7031200
9443892
5771265
9768731
16148154
10763132
10353116
8093548
14940019
6580387
2378094
8679592
14594757
14474805
8514921
11311693
426222
14012319
2562334
2386058
4114151
11127091
7290480
13162090
9925497
7179175
15744108
13993780
8622998
1248945
14108675
13828626
15233968
9874802
15428427
16065306
11030396
5961320
11344805
5194481
11151057
3242915
9167716
3399629
866972
8059335
13607092
11890045
3271818
3146549
6920164
12561264
10622078
3365151
16392883
11491709
6206008
12754330
14343589
11619657
12740191
10295571
8928307
15709382
8492466
9125711
11384000
4308989
13622241
4425761
5196210
12251604
15212690
1917798
10482129
6824676
2634170
9673348
1018239
3827758
8646031
8702667
6057784
2922745
14754240
13726820
4083675
9115497
8440864
8879925
15710258
13751035
4356937
1348545
3857602
3247871
3989780
15009589
7228490
7609760
14967919
9011263
10172524
11006313
14500395
14249954
13358984
3491186
7828491
564882
9895758
13675021
7511499
8069050
14433263
13513830
3334782
8578821
5485320
7562854
5614100
3986795
12535123
9982022
3618458
4863182
3838609
7124706
14490342
9668801
2349874
6934733
7330681
4571471
2364553
7719678
8963202
12985782
9893618
11845803
10369194
4974565
10845378
5920187
8908862
12899461
608282
8329529
7458986
5378952
10611687
13630574
16240742
12122877
14752014
11654869
8350924
8201277
10746677
8266475
2430143
13800045
6536294
6029293
4794932
1130509
7088770
4613105
10365009
10009517
15104364
15667909
12766774
3467276
10832010
8836708
12645383
3448439
1721233
5946905
12297918
11362028
2985371
1968165
826690
2380890
5602109
10541386
10375245
4543865
15337039
3747782
6339262
575900
10619986
8488776
10454009
11890770
12686989
14560130
13250194
2888177
11456103
9706361
12145936
13651470
4307372
3634718
957151
9183414
5130492
16473664
7643417
13498548
1011245
13413898
2838289
7548895
14643739
12080241
11575755
14290023
2975200
5836343
15908111
8394319
4807641
728675
2526194
16445640
15378859
4152124
11367451
5080632
12256860
6655595
774626
16224833
3099506
12461005
11521798
4411508
2433756
889306
13134728
14620590
5033866
11018075
15454692
9504141
8462659
1574222
5209071
6268224
13759781
15747918
6788983
3635278
9974680
9023759
6387042
8379813
6804292
2891509
7736849
850214
11862931
10792215
12142805
9766877
2645829
14863778
6557284
8740028
4098133
540820
14472690
10388160
3542033
4198390
11698893
11429497
1128298
13353142
11323445
6514540
9241196
1935363
7638555
6698017
10804426
11599270
1178556
15091283
4097118
8158190
1723401
4772102
829784
8671053
15549705
14790283
15403669
6364539
12933656
11500078
2822464
2586586
13756921
9982457
13582910
10541554
12737778
8925715
8124061
11958891
6783650
836102
15648843
4305188
6407953
4759232
6663119
1133176
16341005
2685769
10849555
7695190
8789462
9197832
8543284
3888449
12635210
7602902
1188405
12423523
2761254
9136212
6509491
6811261
10909479
2464117
4635661
4504085
11164010
11187696
6171915
7479161
14257675
7256880
9396204
10937878
10097567
9357932
2602103
7959599
15465903
11054127
14285299
3969912
1234234
2164983
8356968
3650058
5245859
14584291
8365207
1358618
12056248
2761592
1035567
3672035
5292140
3722979
15347232
2981243
11763263
3267798
4455123
5174748
3377579
13469262
10171851
13729007
15785529
6266936
13836817
15939116
14344786
3860675
15814695
4979689
3462182
4873173
2639225
8999051
10084320
4620127
10921348
7194858
2173987
772303
12107459
2719694
13756200
14881730
9382690
819869
8856057
1121597
6352544
14078722
3061946
5933487
13252376
4607426
1105871
14885972
729048
11675374
13078130
1005920
11073343
5193323
14797138
12728942
6888306
3490475
6729590
15339784
7345707
6402150
5628954
7158389
2942036
5270842
6299290
5248537
15774237
12247495
7536467
6625893
14628689
16570744
11990922
14297841
6745005
822629
15465405
15247553
1358607
9902216
6117691
2947188
3610369
6071205
12140878
6146467
14678421
327133
10983726
14590106
1743592
10463209
9848262
2388336
15655213
10488983
4035056
1125528
2989615
356218
5429548
12729091
6535387
15922152
16222619
11653486
9941637
14789910
4816273
14885344
16230637
6628232
10215970
14921172
15067223
12168726
3916402
752427
3962874
8811315
3063925
14002521
796006
10151789
15236011
4046729
7883291
12556971
12586461
385247
3835727
14680223
2116921
15616968
14185530
11695381
4875304
9177914
14563588
7198483
12934319
8972268
7932270
7187617
9952043
3195949
5981956
1103641
744107
8338006
6933459
2837849
7380580
8638706
3583053
14942779
12481966
15563232
3474725
10417827
8500344
16221302
8902604
15535863
1446092
15908563
12207472
3694631
9369681
1987312
5096539
8117346
12128690
15127134
16387212
5219202
5413281
4999357
6972650
794188
8466472
10293378
11070263
6695387
11702154
12371241
4612428
10838451
950006
2159838
14002275
7703297
10453388
13141058
8244718
12172159
15946711
10153591
2656945
6018808
7383520
7584525
13539418
10797929
3320945
3788402
13237223
2527365
453175
9073289
12261268
3772638
11595693
10885805
13024766
4479581
9026443
14955050
7032770
15446657
9078829
13888098
13364875
6323757
4335509
676809
15611642
6933241
13029236
3042273
10378137
643513
9466313
8091899
1537933
10685184
9355865
4002607
3586814
2668448
898776
15983496
4410357
5478690
11499666
431279
9320522
8862292
3364097
8877251
6402065
3077631
10198859
2869242
10970221
14553633
3959788
6106528
9508767
14215495
14402371
5545997
7774558
6012329
1723385
9967463
3065502
4718766
10664410
10154230
3646096
3453753
10521787
4038421
1013248
10724513
8107001
12103681
1820313
8829175
10166112
324646
6920203
12278255
2724314
11411444
2132878
7492835
12817064
10583047
5533252
15096097
13518651
3838656
7491930
4775001
7450010
15988767
5298503
12358390
11931904
1983720
11490535
13721189
5524563
5026534
16102728
15476218
14692150
15631736
8480278
12516979
13805526
10408083
11382142
7975543
9151010
4805194
14876004
8395192
1716357
11275481
10780450
4201697
3914579
7800458
14151316
5253778
10528271
4014116
7070040
505414
7663585
13366291
15488483
6405633
7769931
14637170
3906285
2065665
9040061
6499883
12259119
10893656
7623257
5240079
11794265
3819761
15551665
7113149
9963487
15327070
714836
3283323
7799694
10358467
15512797
3509492
6537721
10125194
2987223
16133551
16119386
7061617
2518152
9533245
15594930
9810224
15619456
13607612
762095
8440649
8515012
14409853
12056913
5385923
16049551
5233739
1973157
3710807
9600879
4498662
7593102
3488192
2388624
10353376
8488952
5523741
3548377
6573023
3250265
9941442
9147746
16552538
15815230
11421990
2997893
7655372
14157768
12634254
11781320
5602173
7200853
16328972
12945889
7887817
4813968
3311432
8317657
1018326
12782772
5979611
11385872
8039635
4119706
1096540
4403353
1700274
15213177
9004467
9403659
1750186
14450699
14336486
12700180
6451950
9919753
11967065
1430747
14498940
929606
4103560
4143325
4814785
2941654
15806082
10399339
15324743
10950971
11670723
14734642
1771909
11280411
4286603
7009052
10564379
12228982
12257993
11476335
1072390
2657015
10290974
14707465
12099812
7435747
4489391
16185269
6202053
3061055
15893159
2759059
12414724
12770993
13015174
13943020
9308367
6971433
14011506
13525850
3412495
8317744
12485767
7683753
7815456
13963375
9905216
2225283
7384676
2635119
5096776
15100273
16493026
14974292
7779179
8095871
5088670
5570234
5226093
11668304
9435289
10099390
1376170
5182284
10632035
1315217
14404150
8671751
7337707
4206507
2258505
9787022
5039021
2231264
7380844
8564527
8781289
4600653
5291935
12810285
6677147
6316332
7699576
2273777
1400061
2011778
8018438
2052785
11969565
13301285
1618108
11413573
2190688
707297
11596525
11635067
15638611
12144545
2332724
14440112
13435343
2623025
5770419
4043330
16045780
10277497
11329191
1015159
16053702
16532561
2100177
2484319
11171729
12731242
4702655
1707196
14048126
10145436
14443139
3661218
966780
708087
8039110
954880
13600280
10128810
15150665
929561
8980324
12851360
5813958
1628230
12663009
3633685
10859779
8124126
8036603
11355575
12596708
8502347
5966513
3524298
1292928
12186970
1976867
3825466
2297770
10201794
7937139
14820033
8159585
1217989
5407631
362437
1035506
10003009
15403388
5161271
8225099
8141537
11916106
14431917
14678604
883666
10188570
15609744
2083622
2879012
11927822
10939043
13213416
1997555
13386733
2128546
13854112
321360
1902075
4846336
3643777
9473744
3753688
14712211
14618204
9586864
4088669
6249342
2860666
8264435
11429013
1292088
12820073
4937277
3362727
7675230
5431298
15172315
7606424
5986119
9716861
8288175
6710831
9918029
2890026
5888584
14267438
765961
7905575
4902141
8653586
1542093
6501844
6087835
13267826
4783738
5214851
13268006
10298516
5906105
12663886
13948859
3423903
2424521
7148705
15150439
1804622
887895
2951305
10637012
7252814
1208008
12362074
14004875
10488696
9131556
10228718
9992231
3202663
14494103
3247182
8045000
4348882
14108521
12970864
11826149
8852542
13306144
2542218
10913235
401996
7039150
12989589
12099710
6599466
2591628
12095204
15707162
1594902
15533712
5621423
7992765
10554341
3697814
5929425
4020911
14734225
14753302
12921239
7991258
12259790
2874915
13032690
12299715
10663780
10525186
13398401
1656108
15720495
10171024
12411067
10998094
2851173
2526894
2295879
9980161
9166602
7605493
15103707
1286805
15231069
11081176
4484842
8409854
14404551
1926885
16097690
15509970
12301038
568349
16227993
3311074
15740847
2132770
2369460
3612490
8804708
7846752
10409511
1850097
16465706
16597254
9061440
2089744
11835680
6594253
2070260
3861333
4091310
9484937
3875030
5845300
12988810
4400276
13968005
8439659
3918362
14145490
6542612
6273090
6892769
5424800
8033349
8108479
4048809
770039
9682694
14525648
5645414
8777043
6586008
2735037
12058988
16428920
2572212
5404555
1452871
14440662
5612553
568357
11209234
7484857
12006856
4154718
8859889
7626809
6686088
15672833
4061588
1542565
2882082
3650066
7433419
14008338
13691143
9034622
819598
11473693
3521218
13832272
8813669
6859843
14638370
6785164
4949684
14650218
10824092
3245168
11626056
14514443
15147330
5988157
14540247
8045521
2881517
2056756
6630426
3462905
4135691
14739797
5872384
4627903
10596053
9614883
3746972
2730105
12112803
14318483
16541832
863625
16506483
8808134
3938531
7673675
10338657
1651387
4590427
4570750
5358767
10628669
2282043
13310902
8916169
11730598
4799416
9104623
5632084
13326966
15084280
12143146
12721007
3745908
2896837
14473995
3682312
10142170
4927831
5541372
11912775
7947934
6076251
10167381
13368827
2593507
5923951
7373795
6897506
9137285
7487458
3860208
6757493
15301234
7741273
5334010
12435947
2963162
15136193
6805593
2484838
6011000
12097046
1381938
9924334
10205333
444768
4698417
5255064
10766289
10202945
9989117
11019381
5271596
6072548
10760230
13688830
11977744
5155613
5926491
16322234
11431334
15563340
4174141
7671143
8395023
2873775
10491974
6563174
9494841
12656389
13233056
4742023
6243699
7093818
2060220
10826960
7381965
10190410
14684575
9777161
965148
14081589
4490397
7270552
16323986
9742630
666701
6112334
13810342
7026794
3402005
3310800
5376112
11367076
574581
1061841
11911742
11729146
7424058
11950352
2124882
12977259
4207444
6372912
4872557
8700583
2200318
11230552
604418
15132825
9822150
11252859
9618133
788886
7968100
5785760
3420097
3782185
7431378
11464338
8392506
8669773
2193971
8736377
12889169
4528776
10894267
3011817
9253028
8499817
5952842
2017115
10173856
10921354
5874322
14363084
2120594
5636304
13690125
14549280
2030187
10189889
12102962
12959237
9006405
2956228
2807142
10496527
7045688
7255010
7470251
14204276
10552770
3975666
500136
2524571
10264405
15343803
9278975
16105811
4367582
8498937
10905128
9478359
3464036
16340660
5883106
6452817
6050182
14292263
8150421
12153738
6190216
2747980
9496771
12139951
2552646
9206925
15196855
3969571
4180875
11820151
12639880
6992275
12104166
6951979
10882877
1648642
8967634
5092004
5701620
6896767
2601607
4870746
4020557
16426661
5199834
1644184
9117219
11462002
7729954
13610102
11252171
12934345
6281584
5565190
4128856
9935024
6359148
7747583
6212732
5885599
10907487
9603519
2772799
11404085
500942
15584205
2875619
6302058
16522951
2643962
664359
2576858
16457282
9965713
3235804
16442955
12392464
4411130
1065369
13001932
2534831
16314595
9685279
15136921
14070321
7481232
6341559
9487252
3258168
8788216
14011062
10485991
1039679
2250988
6688640
9959351
1113770
4719411
8881487
1546252
8297132
7337423
3783653
4429116
10912733
8993400
6865828
13244247
1729133
6462587
4614963
6704524
13748088
3617327
9754379
11347603
2663990
5651764
16499679
7634794
4066056
16321827
898094
916917
4182804
863081
16129443
3688273
3978877
7020742
4594087
6896701
10256988
3654467
10571617
9880461
1559939
12937197
10623943
14070263
12156370
13435342
16301748
14741261
2430752
1214434
5896216
16336938
14776668
6291172
8667107
3762748
14998059
13925206
10053866
15147372
6765158
9945400
5194077
16441498
7487610
9438823
16076235
8996708
11874942
6194030
12405572
1082748
13536473
7173945
4935934
5135434
3501520
5166186
9409021
5818516
775518
12672439
1533243
9090789
4803336
11410752
3597096
7605436
11390128
3163692
9301077
14330431
13437937
9535713
12611307
4461575
11839638
6038648
1848508
1846517
11782359
16095142
12587809
10585192
9332315
15432729
7767966
10960619
14859180
15485986
902690
1726920
7793780
11367990
4133354
11524283
4047897
10006843
16183707
4356100
5186863
2527208
7962528
16278749
6258162
12909320
8904881
4192829
12696205
14572829
3327368
6471088
1010641
5182850
3157094
9296186
9427030
10468103
543676
9359446
12364723
3981414
1002402
5757492
12020665
12164452
13299086
9825076
7224943
9209671
14098870
3600046
15244222
16086050
12877612
8642178
16374101
5919937
15418519
11713954
8284024
12516855
3643009
16201847
9315596
10249801
7106646
6623642
4389196
11806722
14429747
15115188
11047651
3837813
7985862
5765931
7457754
2615199
7626746
4378537
4782595
16456356
4585806
1709850
10755401
6984805
10801472
2549953
939282
2093468
3950157
12659453
9488597
13512264
11077771
4824918
10998120
2340698
13147121
13944882
8334979
4845784
6412089
5780791
4459140
12485491
9751281
10136636
11746904
16388336
6776727
10169238
8845083
15842794
15541088
5597434
11128715
10466996
10500769
12268787
1428590
7612071
1142946
2769294
5436508
8500958
5858739
1923530
13589864
10634017
353898
13745534
8987720
10140910
9941020
665234
7826910
11389114
1342482
4995935
12320768
1869394
12343426
4548525
2894576
11755604
1538119
15032261
7449311
5013773
5736765
13321694
13771598
13445098
1775156
5768476
11593168
2219967
9216984
14870633
5287142
13045175
10015980
8285235
2601700
8662773
13444683
7712644
3473237
11384047
4981521
12542434
15952630
10742241
16045257
10007209
16202586
9254213
12325477
1556556
7179207
8301512
6132403
1369952
11951614
10276156
7355548
3697637
6720729
4927605
12093307
3105544
14569625
1099193
5060080
5900091
6717039
5725394
11389954
12638544
14418659
4229488
8740839
6445010
15208792
3715019
1630602
12498198
8662641
11462991
15234279
1906649
8919796
8313563
4273792
1973853
8290335
1329887
10895468
3194587
3225847
8547897
1224756
912870
10476228
3719884
10628071
6165653
7721040
4197559
8312830
11821478
13187277
9898126
348137
14408475
2591514
15956062
12588609
2789334
2672786
15021702
7441625
6314247
11024558
16483078
15908226
8991040
15931591
3726438
2509565
2521117
12790708
16498437
9132726
15600364
6660095
10317896
13958649
12050593
3863753
14315457
15697176
11740453
9299909
9345853
2011300
3588152
7968652
6480505
15985616
3517277
9094444
16042942
8758355
9825482
1772017
6327757
12724507
5679959
2748696
12446398
4914323
12063515
12488272
15883965
4172045
5512846
14076323
10467652
2883443
4106938
2475077
547266
5211411
16433115
7806146
13952711
8521973
8634816
8064345
12845762
12199484
7124027
6553243
5932882
9393325
11365967
5242866
5228812
12894230
9107387
2910489
12007441
7638278
14659211
1300181
3895992
11494404
6458952
8036947
14318593
11481649
12808647
883415
5723721
4349129
6517215
5556637
476829
8581143
15412230
5123341
2176618
10899089
2333557
8253335
859497
10082230
4662930
11146877
4485761
7208648
14377785
2395426
6576543
1369527
9750795
5183657
14403818
1654943
1824036
8259856
13678385
1039051
2039083
9081331
9543632
8363690
5222070
9702508
15865611
15321063
10323343
11124674
5540037
1219527
9180325
13876332
5002221
4317530
2798594
708919
4121463
3533599
12156169
16217904
11423814
16497845
6125406
10376538
14432126
4873793
10914216
3473381
7932186
4965106
13572816
11376838
5022706
11817666
2885568
13109640
8518022
3290258
8361800
15945731
3666962
11719758
14540983
16015847
9591147
2515291
11385646
15670039
2294558
15403466
10731112
4510477
11671169
12185145
8116373
2783967
4144943
9942661
5580159
11735080
7460940
13128214
3519419
15262276
1791904
6435314
6200580
16465491
6129246
11989535
10003455
16224314
5505943
12191776
11256939
9150083
11786381
10360686
4458602
9016415
14021671
15475918
972214
13575454
13936636
4189470
9628242
14042595
1509089
14518965
8348495
1242572
1306618
16332308
5786799
11246202
11156656
9611731
3761511
9426298
6155101
2768122
1439487
7790938
10169343
12341157
9326751
10064397
14606716
5168704
2653741
14180056
10018796
15732588
5884176
8185553
8664244
9874088
7255360
1360305
3227768
11594138
14384166
4828453
930212
1174180
16264788
5763857
9181617
12691722
12172917
7903302
11853117
12635455
5957222
5086562
12990599
12444630
3297725
6454995
4256622
4491702
6156640
10881194
12637657
7272841
1000237
2267833
7793068
1412303
4953688
15195015
1343371
1437715
2604390
6083176
861371
12000534
6403984
3325347
15997586
16029608
12734554
4123725
9161355
2411792
3615471
7507035
11925970
15675783
9590632
5989133
13870285
14830963
5165035
2795702
7736163
6535442
1741198
11763615
4790754
11807503
4463015
13677852
4359045
11913789
10664889
3657174
2844782
560195
3311989
7850637
3386545
7887189
11936605
15337006
9063851
6578455
3390393
2653676
14292402
10372127
6001231
2251890
5961350
1146853
11174386
311559
13101802
375329
13059478
11703304
965703
6917061
16320925
3586311
3365374
599796
3616134
6656916
10996906
9251798
4612067
9957458
12476635
932310
11687489
9974078
11451095
10600004
11951206
14952227
3447537
3039360
8489059
16129333
14273900
4841721
14706641
15474750
6652464
9354116
4058331
6109230
6670454
15674016
2476190
9530070
15888904
1272009
15233073
12226368
15796875
6151786
6805209
12230608
14436638
11768029
6915635
10662568
5751550
11049638
10599902
8878711
11990748
9265037
4030456
10035847
3520085
10148262
6613374
8217328
13335781
4096085
3094688
15465042
10373194
2791779
1628296
12127833
10079629
5601850
12216795
4441205
14771214
13710233
12953577
11786356
4667027
5430801
9771772
12729348
1840016
12446508
3904775
12596381
7337938
2919885
8035616
4399607
12181067
13421564
3468754
1867533
14804322
4466129
6262649
1492153
12132617
6083608
1966855
1456358
1313523
9334940
12180252
7681045
14339330
8881801
3682530
8932692
10770797
13613700
3976238
14911308
3301102
2205141
13475269
3139302
1979595
10587933
15667057
11177882
5091603
10383873
6687220
6103438
4870591
9484568
3802405
6482390
12499519
1286509
3936880
5035232
1128923
3096890
14017044
7738114
10567379
9187556
9498358
1405545
10134731
4047801
7500024
11027071
8392854
6655210
11671885
6209093
8999039
2054241
9893253
14678928
9079612
9384979
6857804
13379547
2752752
1387508
14583767
7616096
7381411
7065089
10692101
8261155
6182739
12937118
7260690
2158406
15739164
7975321
2176945
13060452
7798953
9753360
8861264
12946693
2189357
5467127
15425294
4735287
5494424
12124053
4585471
4912718
15691070
10511381
15779005
3453310
1128199
6634900
6733832
2717875
1059652
2473567
10784431
15329320
4108303
3813828
6852817
11014486
15708590
9355078
1671145
13605354
9125056
11835727
10392641
4374515
4113412
843615
3039653
3391508
724965
11493538
3464297
16597300
11746994
13438202
5293029
6772153
1342047
4950454
13489252
3040730
12770490
14408999
9898371
13208367
16370429
9662548
9651380
5300448
13689127
8326611
16311651
1232594
10897096
9338784
14298209
3208992
4440724
4223692
4620529
11360150
645538
3805766
10163763
8780184
10395066
13365731
8723799
1262795
1905515
2656053
4948910
7241080
13910434
3383490
2289683
15634021
5952050
3276849
1855025
3751910
8842028
7406830
9944585
1480593
676522
15919037
11917220
5404625
2643205
12872485
4735737
16442671
10230912
16346962
9952203
13927264
6235140
5682515
5099299
15992890
13817240
3524461
9401469
2031030
4484118
3806496
13160431
907683
5393777
2238914
3449466
4176659
1266744
12189446
15609391
10490525
9737847
8815815
5478491
16226419
7793486
6235911
5713710
4565601
2903056
11456996
3995835
15873406
6151534
8539469
15213478
4849645
11244664
15317508
6592689
12238348
3022289
1997933
9933096
5969281
11986418
8790880
4291963
9428446
8822871
338857
16448623
8343217
12744898
2132302
1742038
16333244
6768152
12376484
8402060
9107733
602647
9440291
16220557
5120301
6436062
4225299
7405232
4467627
5153294
10804765
8081954
1721492
10115101
8822935
7144977
16096791
3064496
556090
14804680
12862112
3742888
5733665
13483842
15086547
3027706
15208793
14505549
8023601
11020582
2288558
7389667
13486475
5846156
5874013
12823737
3311011
6746954
5969998
1035657
5335962
7636025
15083085
7836302
7532767
16427039
1949460
3813563
16090444
4248161
12053190
10087552
5987186
8823091
4399674
4212605
15396891
12993084
12597636
6568720
10745769
15059111
3212714
6414298
14320308
6885305
2348961
15065043
11823113
8964605
3877921
11255035
11139086
6573577
512434
10071980
355522
16346306
6723557
8650543
910210
7155541
380998
13114055
8211069
8363149
7833058
6062741
15896306
1667298
7651030
3916749
3052213
2819863
3319346
11206072
7377671
15998643
11839017
9669727
1524533
5274041
306184
6701510
15106665
9871077
4413466
11580159
16414673
7079502
9329634
10943202
2552222
4919940
4712439
6517303
14763412
9416139
13937896
15409354
8203658
2295817
8386877
14427075
9341059
4649054
7814605
15924826
6708962
7639774
4562363
9413583
1362037
10668053
1870060
1744930
10896768
5619125
13576820
14594014
1457701
6550938
13980486
15400234
8087126
12758883
5738911
12731894
13273233
11507011
8699831
8093642
5606845
4119324
15336553
11656714
6962614
8214757
10949960
9477339
16577336
6050485
12241428
4055553
16125989
4822145
7486416
15510724
11965642
7338451
9534984
3367389
7762171
16420161
11066298
11508355
6520466
1871463
6818004
635260
10717939
14198799
6147799
10843508
5260950
12937141
10949861
5061400
11941215
2720754
6352563
7910958
10601498
2824720
6321412
7546400
11363029
6128466
9897576
16250131
11383411
1036021
15660938
4045695
6127222
2188076
11031214
12018990
10443078
6838978
4086342
9031554
3479885
16570404
3662209
3887707
14626971
2527868
12824100
13895664
13134736
4865203
11255529
6260022
1959604
13669390
10581880
13299459
8890281
5202073
1915077
6439727
11484074
1952331
12818109
2873112
1318326
15754333
9647647
2523037
1626738
1308593
2400194
12828962
6289556
16280826
6045789
6157944
9442750
6511259
4334448
9185105
1786878
2228728
13859978
1735342
14185609
13378341
15639574
5199764
13912582
1465615
7866846
2908936
6101143
15965613
9802304
12391961
8060791
4941070
3914598
11898152
9902888
1040380
6126479
4266970
1928920
7354085
10100071
11551605
12335856
11026599
14929466
5421400
6562037
952882
11555068
1543782
4544540
16032357
11127214
10954368
7607342
15711388
10325641
7247763
8407133
10284060
674778
7549210
10560621
14310925
320225
5457053
2886034
3728924
5200859
14314968
11153902
8001785
9857362
11834649
9829262
763300
12316928
9858817
5068464
10102139
8439344
2555379
11689381
14150041
713040
10161916
11694614
15454759
14772081
8064663
5960283
439432
10464227
8164588
2937597
16113317
6182619
7816783
3583356
2603660
8580029
536348
7478783
3697324
13947116
8112085
3018043
15616973
9341167
531890
12044972
7018266
15359330
8554694
8004224
2939600
543982
11941829
16286063
4575538
13789381
12964654
7447271
1843943
6910402
5275596
3018998
6825447
10656729
6845494
12959513
11932196
1792408
5687604
7405017
15990958
9740637
12430843
555225
14845853
14075054
14772441
6154725
9629647
13561624
8258894
12172781
14135120
14832420
9604856
12157527
10165633
8355976
13743530
10819213
13341599
9431344
2055253
7255430
12741156
12334347
15707729
2881514
12262410
11328743
11887366
12244476
15754721
2924548
4970498
8708456
8273110
10643007
6876502
6127750
3540009
10899495
14429280
4140896
10293474
7630736
16176815
10729348
4800733
405861
12751513
663985
4068489
4234386
1663133
7182479
9747252
1760147
15981837
7353666
758308
1701185
13789241
7924076
6489656
15746906
5634014
1925535
8856523
13222894
10224841
4580802
5268862
15349647
5987189
16044264
3581927
3557487
2562541
6677788
9067612
4529420
14533212
15083087
16123672
11424875
9964067
6727797
4613076
776824
6996887
4690543
7185607
9352345
9411765
5832517
15742608
4529767
10489383
5156778
2052418
16414818
2733577
7412656
3599390
11737931
5757153
14077690
1057209
5301155
13180613
15391163
8228419
7159548
7543075
12903429
14598182
4588680
7498012
9966312
5934562
6060147
14187851
2580587
7016192
14098581
9174909
12168845
11873225
6117819
2815510
12374373
9446362
12144486
2272629
14402043
8193673
4126345
14518330
4495779
3082084
16514904
16592178
13199918
13564384
1782486
5081109
2811525
6056497
13282522
5522768
11837249
5718973
6388326
15982724
13255303
13673627
12503566
3532999
7321402
1527448
14336854
14236913
16540900
12198645
2795794
3207453
11528748
13282385
13767240
760823
14748759
8814217
9210082
5059610
10783677
10557239
1388002
2212143
13013692
9744182
16525684
8973490
2806376
5170913
11767131
7948019
16322616
15798988
12832474
15584502
14375035
15642395
15636251
11357477
3514059
14174229
12812257
10561818
15888774
9956427
10691478
7537177
10740304
3686817
4019107
14148162
14537073
13346420
3492809
3890251
7563599
7989042
1271132
10619169
5665891
849320
8008655
5088410
1244278
15245573
2258258
2923673
359916
7870839
14237404
9303986
15514879
12298424
8862415
15588335
12628784
15367366
1502720
5945010
14586277
16415317
14630006
6831682
11610761
16270576
1641035
13820555
4405334
2569206
10775746
4026622
9766209
2614207
15690369
8411160
9841205
11943080
4793479
12514180
6032421
9909060
16382487
8139034
7735692
7551918
11358849
4329488
11761909
2591640
8253387
9831051
9738410
10474524
5259866
10564946
12287226
13550843
3326557
1100888
1813961
16283843
1864407
11544487
3235311
4367821
2704041
10061468
15557408
11676767
8632748
5034918
8023985
7309811
13109773
5847288
5592126
5761573
14472266
1701710
1967155
14331566
13491224
9749430
11495876
7934266
5387879
15304163
14538541
7789823
4569003
15548407
5909806
8191054
8217916
6702380
14873517
6317198
9636701
16564615
10868282
2947580
8690933
7380803
783589
656846
9368514
9172736
12609780
4337703
15945333
6854668
8359173
1463436
9738794
1346532
15166331
11084638
6715355
5526427
10185104
2385027
11832331
1124412
11878752
11511874
2224934
3259031
2754251
9692815
3483625
1895346
7244536
7128499
495024
10707514
1114572
16494166
2241148
7003072
6977768
9422258
5229974
15211252
8783249
14573566
13519273
7438837
8361940
3879689
10375019
7197770
7482929
8051830
5714176
2809246
6245361
7987851
9056847
16028097
13732430
3931488
5803274
7618532
1976799
10013307
6717516
13145465
10276617
8010173
3770679
9460647
14843055
14813012
7397866
8690289
6441486
5270042
7653432
9179656
14253664
9367696
9855731
9142853
15687521
13168549
8438030
6770380
4659929
8635002
14345213
3248748
10167284
1278738
2344245
10929928
14096194
923547
14247413
9789900
8472102
1467199
13636218
14461443
6519515
12460133
13661092
1523783
15464544
9892562
10269020
626945
10736448
15930306
13392329
16135714
6357353
3313039
8294078
9729494
6070740
13924661
13027222
5127082
10917869
15873112
11482279
4786609
7593955
14648437
1691405
6942489
16530357
3704457
8563181
15191538
10973271
9607713
10750216
10575546
11217798
15218589
654264
6845230
4823248
13870993
9359105
3561309
16480375
9992390
15745453
1814544
6448283
1777519
2414639
634423
14509862
533262
4367179
12567380
4803696
13202364
4951908
9031123
15551807
8663020
4418527
7539715
15723673
12588230
13727230
9351124
2458589
7931032
9584343
3617119
7685695
14744250
11550051
4614210
11390668
10515644
12361576
10083831
4747559
7509888
3120050
4600266
3929408
7477422
2488430
3520839
2871180
11958352
4431625
2179230
1109721
6198231
9155380
1702782
6294959
4717686
8536655
7355606
1393227
4978279
3390297
11745030
3456726
2059817
10717830
4324738
8785668
16249159
4394385
8622873
9719115
3331487
2284778
1289451
4393833
7314380
10128823
14551106
15400650
5733344
10913024
1387713
11771274
16351427
5558756
6809441
6396976
10613625
9362579
12800350
12585665
8255753
505825
5491964
6146430
3628457
10729788
1913036
10830551
8734570
5960565
7489820
4156063
10276793
14378881
14593840
13648339
7530980
309772
7855556
11698510
16241325
6652371
15317727
10479580
5872993
3692159
4441624
623721
4112658
6207189
7273402
6009928
13156413
4074103
12949069
7232421
9535437
16147049
1707671
11736787
12318014
6902350
5618527
14191956
2286504
5202451
10430915
3997561
13355509
8590906
9523437
12225947
13618612
5588157
8002018
14123550
12184295
1431712
16190714
4750922
6178284
7593150
2041876
8154277
7791538
13901270
9408373
9281700
13110225
7396602
4491536
3692498
5716612
6158844
10240495
11098152
16170462
10687572
9391479
5454485
4242313
4494523
5363161
13444841
6812422
10781337
12295079
12838549
9549958
7754591
7357810
3647129
4310854
3434801
1938949
6632605
2614031
12905920
8177999
2283805
14399422
8161085
11996694
3157614
3148295
8657480
3994776
11737621
11446510
7441334
2035782
5180227
7776110
9068081
14979886
10296159
10370494
8800254
6922232
7966811
8446760
16539830
13066626
10381801
15801386
10095935
1251183
7120088
11354305
10632842
12290103
13232934
11517899
16103854
7924718
1025646
11803864
3574175
11517978
9136272
13924012
13761087
10166742
11263130
15761196
7131353
1959810
16482780
3187429
14512311
15765467
3333591
12188294
1658810
13189912
5473102
9259205
7474309
2860211
14217450
9483905
2635011
7629936
2989281
10212109
1877864
9582674
14479457
3005053
2534361
13599904
3401994
14834235
6670575
8202009
1857050
5284996
8179518
10464699
10528500
10115794
10275418
878961
16243425
4567124
15305868
631216
8334435
12550032
14215666
15414910
10846924
5720158
4748703
9684385
12578683
8840258
14243342
1147030
7480632
8860762
7413957
4506531
4458121
6601767
15337331
14862362
3685677
10833694
10642334
3851828
15979967
2451018
9268521
2937345
4368949
6234495
15634982
1621798
922586
14541285
12133153
8796221
11610193
11165807
12592244
5518396
12082389
16576169
753045
15547919
8343614
4954317
1816659
4748130
11779489
1051786
1444207
7333836
2427770
10856320
6422046
7718218
10288303
9737260
16405680
4068615
16055729
4104079
6202491
15501891
7745440
5863929
15699754
13851334
12854501
5488870
9261067
15691012
16242514
5522217
8461231
5166790
6975572
15053413
14084478
7677003
8052132
2173154
6745509
15751744
10160117
7659968
9992272
9781385
15093672
364329
9088184
2244319
7393776
11672602
1312870
3079253
11227086
7816327
4462624
13406142
6234124
15283183
3483034
14871535
15058372
13541874
6883888
11690818
6201995
12059345
6774592
2586359
5259448
9610028
3184237
15297685
15225905
11065800
9733007
13611240
5206604
6055180
12710449
3468932
8515626
4825708
8829606
12319078
12570766
14961879
9022386
2378637
2707765
2248135
3135197
8312523
8846238
14094330
3403292
15058132
1303617
6975179
14141106
12720935
7288349
10488306
14582393
7515965
12157561
10995457
15057084
3648964
7049889
10516778
15011978
14890097
2619334
6076020
2629347
14811632
9741767
7042382
16076633
10178826
722539
2620624
1184803
2471854
14615296
3836262
11049924
644082
3298321
14617343
11377830
7674104
11456709
15908442
12646026
2389563
2519374
4664939
14935497
1921599
3057057
4571989
13115486
12162947
12983184
15118214
6585313
5876556
1057019
15962589
4397052
9035952
353539
11775891
10574637
15921021
4794401
11251244
7756795
15946909
7845306
5324528
5991886
2111563
8630991
10509091
9126680
14685593
16585772
962783
6916871
6507202
7069270
1184732
4288000
976968
15953381
15973055
10980175
11477042
8129226
5354688
874392
11983360
5604481
15266552
2273671
6679943
4357087
2897414
6886169
2272535
9166832
5628960
8771259
1406136
16507036
5523705
13341473
8895241
12819604
5970218
13645076
14802673
13645414
1665296
8303457
6015361
13926466
11629774
6180954
4958590
2221990
8363156
11435655
2603775
9826354
9361975
2582425
14840419
6082705
8952917
8524157
12395238
12508890
7140325
8358271
2274961
16202947
3651124
11161908
4860294
3850423
11194621
9322763
4886168
2872560
15166884
4412686
12857197
11450461
2714427
12510973
8162383
13907120
1051535
323161
8956042
8062083
5187103
14682227
4959513
6354196
4293092
16588820
8971154
13629575
10043749
6430796
2344441
5891570
11110138
9340118
14893155
10880192
14402141
1418324
9043564
4125047
2760761
8887277
1960200
15082961
4728517
3036955
7192794
13143108
11604481
5894045
3382190
5933330
14366855
7541998
12738629
11859480
14455905
1589646
11802011
15143360
3221226
1429156
5157165
15686563
9681147
697931
11564644
8899888
7543933
5986389
9986972
9692317
7014479
15269066
5596732
5626793
12318478
11416463
12245276
11392715
2903539
11632978
10918381
6055603
6147529
5406706
9158895
2170048
6114083
1633767
10516552
622354
9604843
7824352
14736377
9230016
16034548
15889858
7407658
4485488
10236355
15395878
3511118
4132821
8419982
7088677
417949
5246537
2397582
16390946
14701262
7509955
12250570
15536668
7180494
15745550
8381681
7129569
7180806
11357939
13133355
5959299
7412517
12528462
6002365
2695016
16175602
7614392
4341688
926829
7888431
3800656
12137681
5724754
8446206
15695543
5313543
7898958
14209702
387906
14391669
14714556
2304138
1313745
6063810
14986287
9873621
10441455
11715047
9437445
9661730
12863221
14064646
6306476
5373047
5267845
4642851
7033445
6335958
10202213
5946901
12148388
10937794
2353235
10983794
15104152
4170074
4872559
7888590
13419842
3000999
2096373
14975932
15840887
10985951
10538824
1892726
6853162
634687
3911948
13407251
9394452
13999421
1030469
14391112
16103243
12698058
13594696
960905
10594730
5883315
10392802
1407209
14220708
3061512
6994944
14433450
11516484
15905079
10894166
12322098
13810806
4256849
7669309
6750894
11513327
10650465
5813392
9239250
9690406
4993735
15311200
15317869
12175269
3093710
11559200
3900929
10934759
14965600
2986037
2922825
5114571
5452112
14184958
4969377
13270615
5055347
15828850
7042884
5839961
12604890
2979772
7595259
7937137
8927256
3141650
3869387
9351841
4294075
3301196
5404886
2059688
2618185
6454888
7446306
571567
10840988
1158437
6710626
8348534
2002180
12265059
2973111
2082003
5534613
16123884
9649861
7514916
5060217
13102046
1695235
12727519
7217188
11338846
12342493
8879019
8139963
2020004
13380581
2366652
13376796
5823668
5363744
12256773
6202602
8731066
10265542
15139119
7589159
15206424
7238545
16503020
15419227
4570784
1144877
10809002
10334138
13613792
1935685
740686
461406
16151875
9432166
13938064
10971542
9342581
9632212
9380627
2574356
860730
2847586
15207526
1463466
13335420
11734186
12103763
2223300
3727821
3128418
13686789
5669314
538631
3143773
14616931
8589660
5450827
7993815
10674417
3553422
10103152
1617737
1544644
4338981
5821395
832386
12571969
3234898
15390845
1014347
16022887
5645876
13609467
13587500
8951024
8485533
6963579
5201466
6884966
6913649
2708934
7155071
4349085
10094142
12591691
6284823
10287207
11484830
13971661
12523548
3988196
10869627
9620320
10194319
12645443
15606578
10096069
9131639
14947149
1945170
8162721
12154418
9493317
11652647
10722801
12647477
632837
4666396
2229076
6633294
14689641
10639431
14410613
11958741
5896367
11921057
8520326
12122208
8451448
5109916
13466171
7480390
1543467
4566469
13000126
2822250
3192646
16146455
10755165
7737910
6593282
7107196
8293723
13433916
4087031
16546736
906557
14392335
7422278
6024095
7525191
11629895
2677737
6247280
3132219
11167998
11577546
5181596
10693250
14623535
7787761
8993843
4383254
2005606
15796203
11284002
9733597
1037963
3204833
7579274
1696042
14959818
2055886
1923470
3206514
8254498
11704474
13171016
6274364
6213992
6552699
7247005
14435061
10694743
7168251
4962914
5685316
13906488
15314785
5382272
9587154
15828177
2587600
5078406
6020115
11420533
8392869
9170596
2491186
3516425
3819062
4361660
6183907
12980873
11481363
1037378
12931432
788049
3510085
9873858
7656649
6923374
9651505
14748950
8661092
12747867
9266532
6537587
4136243
13545193
485160
8550647
3227912
4617613
4238166
8557428
14638872
6740427
1811612
7688404
15323607
8990808
16502341
9849443
1848039
9334267
9206025
12536897
6200366
7982631
6124054
6282844
7765329
12512300
13968720
16377250
9497187
14041048
9182115
9236106
1435809
7526025
11671583
5375316
8490802
7089387
9445382
10279143
3699434
7730561
8465688
8527970
2049739
14068808
16489465
14760203
2485063
4647195
16375458
14057718
2727584
5845446
13840483
10944855
8034355
2625553
11031034
2246342
5292225
11915442
4747343
5696359
9368197
8080657
15761799
2756682
5721959
15733148
11418169
10154852
10982713
1908292
9097363
5890479
15130854
15601572
3410294
4008862
12825577
7844725
7931144
9999292
10149021
10531035
10852223
1097282
14589459
12714493
16584578
16581451
4922155
14212719
5177437
12249319
1889156
6646785
1078258
2320624
3932297
1524532
14947495
8433459
3752039
9718517
5490864
3582119
6772058
9566274
5087290
8865584
4816796
11854313
9339805
14905154
624310
7730851
11479563
1423523
12534474
8262519
6726486
2263048
1933821
2571514
8558545
10987347
9885255
4299679
6182675
7352296
10134050
5341041
1479218
7587311
3431338
2956015
14176621
3600508
10046408
3068899
8400191
6719743
5997503
9579794
11278535
318170
8632127
15350862
12537172
12623674
827711
3388694
5741252
2145762
16005004
7300472
5014811
7036015
7434224
5793476
8735402
10682660
13591356
2796431
1011361
12815898
13252220
14405431
614354
5363034
10160126
15599766
1856274
8080398
1906420
2896183
6413632
12160031
15694194
14544028
10260811
15378686
13929465
15989315
13996625
9355740
4326624
779678
5518613
6704610
15395751
5078243
7053350
13051957
3298015
13731580
7641276
13945585
1755339
1299293
4111904
12505318
9448334
5459905
868862
9872559
10420432
16103944
9556484
14149404
6530557
12918083
5219012
3897576
11019793
11632384
15778241
14816553
11419433
10710382
15624366
6687518
13321315
9728641
8780670
10021399
16490172
10293661
15264481
3252051
11901269
14208626
8869459
12515805
7220600
2000394
7297833
5049443
13063493
12750120
8203428
14148075
1741007
8374101
8764290
10015798
8649201
7612763
5971525
7193262
12561219
9204275
342927
13561831
12162040
13244032
13718808
4125257
3398602
6728520
2321382
12347963
13633064
8689329
12884506
6071170
16478141
16077080
7563434
2496724
4284519
11052782
6731696
2500565
11892545
12194024
6871772
15759565
9246419
12790675
2260112
11297316
11265196
3353647
9150425
12083637
8335924
13329360
14596467
1560877
5388560
8278647
14132786
10466086
16364336
10650457
6935105
7309748
12866219
