#Seed 2097660085
#index showed the (transformed) postion of the SNP
#SNP index
12856900
13654291
10851659
9998732
16464195
7312747
10866749
7196080
12306893
2484859
6726121
7870733
7366102
10714954
6037152
4403962
3950000
5237934
12206730
14655377
15166448
5303687
4466707
2018808
1189440
4628601
15976106
16347709
9896024
7178215
14450006
4016503
1657669
8455874
12374333
8191631
7030989
772962
12802888
900393
14295876
1806395
6968044
14837419
15874956
14638023
6305662
2676445
13356997
13436390
4685269
14082297
10902709
9538183
9881793
3542494
9296716
961683
13330579
7573812
5155495
1080413
16541009
10813355
2409825
14358237
4341041
9098025
4813878
13350075
7621262
7943362
4919153
1762572
15581592
2334209
8990886
10507747
6924679
15368635
10450612
6027930
8338735
12619438
888180
12376979
8597648
3887402
2758106
5101893
2673257
16488343
2272704
1813675
12258783
14927475
6697513
6544251
2567153
4679506
9485483
12981094
1024058
7584755
13299107
9439222
5211347
4366415
4601433
9987967
1703862
9198186
15827885
11055305
13850977
2883511
7752248
12039750
981718
11356237
12968079
8984127
10001693
1226350
8394454
9302233
6672181
14135305
15006558
14206714
12887196
7507920
1390161
9302248
1472052
2042779
9854874
1604899
12566554
7119922
8882614
15217843
8066316
8304986
16405075
8854724
10393070
1391257
11065047
1121236
2024713
1008034
6819030
5315380
9848881
8264447
6701580
14975203
9178402
14216138
3131433
1517425
5928353
4308289
10153187
7183385
8328888
3854765
5670391
4335007
11355434
14467649
4678760
7810930
11833419
6999937
16072856
8454104
15602982
13120668
4053125
14570585
490113
10926953
6708436
1460280
6364751
7963963
2335714
7375427
10625019
13154599
1998838
6028110
4141742
6554258
5305980
4912530
2473133
7718108
2569714
4481446
2020423
9359341
8620837
8701522
2308435
7211261
13066498
3570356
13344247
2809047
14922703
9596010
4185202
4114657
4853038
15007017
1650715
12276370
14092718
15657481
7440889
7561959
12884191
3058799
947065
9169530
11301489
9809898
2101054
12801603
1044288
12163831
9190840
628508
4870849
14359481
2025036
15437171
1627717
5926328
4775788
11991678
2692144
8036672
6387656
893570
15640217
8882481
11000604
8056918
15308717
16538468
14061747
5959011
9435961
4293692
9300433
13946264
11907211
14706956
7030483
2754498
1046029
3835476
2259365
11350814
11545822
15837446
12217246
6836006
15966659
5298707
2922835
7769305
16270514
7803597
14998819
13516052
12675022
3586292
9153621
4375003
14873943
16150978
16203802
6930754
7613134
15468908
13256031
8123275
3307379
15186960
1926579
3794742
14966025
11123436
15972284
1541824
16031614
7285275
908472
2080489
6045815
456817
2250841
14027674
803716
7896585
5098039
14516703
3619894
6289631
1401233
6219803
11430697
1740294
15261531
6029254
8358799
14798624
2088771
413281
5705108
5640089
10500305
13015788
2765720
5705357
3289228
5470153
2828491
7945305
7323378
6976687
11451976
1018923
6729557
4580486
9740928
4809978
9281196
16217154
7367352
13885892
6446618
5891445
11105596
7994859
9095578
11140078
14534429
1692117
351486
11766610
5138891
12683090
2907679
1953503
7498095
4812175
380929
4598929
16299120
5620900
6438271
2025859
12935592
5741266
5283635
12582099
14206506
16163602
12688587
8244237
6865344
16488493
1765262
4401718
12595666
14576477
10710674
9159692
2831930
15359133
7282565
14377346
5298951
8814319
15763999
13051465
13619077
1270109
8604634
8376527
6100434
7443979
15166554
658566
7384842
2182882
2684845
13305064
2914402
13428375
2186953
11136192
1004086
14981221
2792144
6263164
6809062
11695538
11540782
2948483
1665730
13759448
483868
10226353
14530297
6876002
7232415
7898573
12131937
4471463
12358259
3653851
1100406
7227633
4690784
8381562
4212022
14725637
13550128
1339879
3822069
13879490
11469674
2838472
5145612
7188467
15962721
7457859
3367136
1301748
13204711
10280409
8765013
10209681
15820328
6887047
11511860
2205752
11279504
1005427
2781926
15599956
5052521
13728288
15727138
12805229
14565439
16298982
4500746
10397248
3367810
15270636
13327992
3193902
5625028
14363247
15988767
7166809
6459682
15543142
7732948
14060884
5220700
9072202
2890024
12009714
5224104
1848358
9608965
11746766
8995035
12847748
3694347
4765381
10661945
2843802
1545410
15988048
12532866
15551075
11084692
8046838
12056937
14445673
5597053
13872076
12915969
14897926
4050341
5581040
14846511
2825339
7063332
2323989
12682154
1600695
1211132
4125039
2333966
13340291
7394571
2810366
1066748
6287378
10395672
11113985
3926728
9564473
932864
12839863
1238399
10433191
7664281
1949741
15866160
6317652
14968264
9941504
1450627
3327586
14486274
6258490
3914154
10656628
10282621
4101197
4008048
12251956
10019271
11450933
9239370
4883935
16129540
8966234
7843947
8365265
14831977
2624602
4672235
2282588
10854391
3274240
14902082
14080425
14569334
4761209
13175531
6146326
11951921
15272947
10092815
11204371
13844556
13958029
16121689
922519
14051240
2773540
15410359
9386090
14977776
5418659
611786
1217402
7683578
12394192
2056756
9073424
7507475
9582212
9606302
3220672
4410810
13736089
1878643
8783118
2244808
13499158
9413979
13911069
2770484
9450879
10427247
14730937
16195896
9900400
10107127
12228983
9190813
7218600
4949621
3797000
15449771
5842087
513795
7379172
13195359
3772638
15145311
2047239
12968234
9389938
12053615
585972
3466374
14350541
7861494
7764031
10124880
2196403
1446114
14838913
14794277
4732223
15342821
6499073
1222408
487629
5447259
6193806
1818469
3930195
10167333
15562112
9859638
15671778
14138348
6267112
10941455
2958101
8187737
3826635
3286949
14512311
9932547
6301659
7472872
14402289
12357944
5336777
8083118
15946738
3545983
3627006
9871723
13453328
1281835
1636631
903585
11751261
2764021
7058459
8743394
6911185
15810438
3284767
797439
11457969
6612164
2618053
6886384
10232420
2226568
6883789
9386362
10251821
8789318
6189059
7601197
9692332
6426708
10431680
408630
5487591
2093468
3139537
6536216
13712810
10638940
3888571
4778372
4366326
625480
12177536
16389176
881728
16065424
13757583
9543618
12575780
10922609
14752682
6518778
8725859
9012100
14905400
3850936
6489477
3161996
3987358
13873220
3356751
3117775
13899896
6454222
3541382
7573118
339268
6252625
14307332
13538543
13476715
4567629
10815501
3504939
14805463
13261770
5945211
8455066
2055910
2310046
2658367
8970436
4892709
7231091
10224678
15276637
13934101
10844174
2575677
8879957
5932575
7656098
1056993
7178971
2413200
10098122
15059256
3866801
8656390
923253
940620
14634050
12237524
4090284
474911
15854302
1622977
12585979
3359407
16199945
7045516
11613325
7464997
11688948
14929773
9083729
10417739
2447056
14842742
4648920
6396139
3281410
8704361
2659808
4457361
8638209
11827121
5279857
15420409
16437190
988827
6447936
15284163
8125078
6388665
13698280
1042414
4343008
4201451
8875298
1851219
2319151
3014987
10074831
788712
15725504
15432968
4449648
8484904
16389918
3024230
14375477
3406548
7621495
4839501
11644462
1889029
10698730
12533553
9795146
2736553
3401457
6910587
10574222
7664916
12320304
3665160
9377576
3530321
1969107
886578
7750888
4826058
5768303
11899254
15897336
16503991
6500918
12603992
4572074
15208695
1671627
6104997
11191425
2180535
16233549
7395022
4097415
1171511
13160208
2538895
9027585
9312797
5412930
935078
11483608
13959671
4019694
6065688
4999003
2460900
1361858
10658242
5654613
5338289
7876310
3886409
9435967
13875818
11823377
3313483
5746702
917023
13455196
4683405
9517820
9093023
5105733
4204873
10089872
4466237
12054889
655243
7264355
3999005
12180165
14780364
2522743
1531340
7442424
13045515
5870811
9724155
992599
11261767
1972227
9577544
10218957
8619502
9397162
12558815
13556020
12714161
991779
10755174
4736196
3494982
7129719
15844739
12784402
1414581
13720036
8680527
7985399
7143345
1277802
7727300
8364165
15843534
11452405
9757850
7449131
11042752
7708751
1161909
4109354
8216351
1460344
7645866
5063777
9989101
10826141
9849994
2762957
11998716
2259688
12158488
5693582
5301658
5978170
12414104
6832680
15519146
9479170
2708911
13351540
13486148
15880527
9486059
1994671
9920265
3575306
5710471
1565425
10112357
8973871
13539743
559956
10312002
3286260
11996694
5803898
1169874
10568856
14872909
15943933
2716201
4016664
3747843
4727799
15763928
7345708
8788358
5878120
6092328
14050173
11653626
2929916
6747166
3117803
6766321
14368706
16264370
1365289
5211645
4540263
434462
12578099
14909928
9923575
9513762
1201091
4965035
11881571
15991659
13786171
5433541
11385407
4046919
4508508
1435489
815335
9233878
10216048
4771889
8665900
953751
9190054
11808080
14993349
4585436
7844261
6319800
14443247
11621336
8361215
5209749
1772183
4069618
10022554
15932938
12952777
11888973
6035103
4559794
6115239
3007217
12663548
8792852
2779837
806822
7171399
9691246
4739803
15094203
946390
6482568
13366614
6882860
15426215
11600889
8120122
8795376
8145480
1333914
9756527
1740873
8994130
3971453
1327164
14723570
11016831
13251503
1369560
587101
15648151
2802548
10460334
13116208
14038496
12537165
11527621
5527513
3107597
16403058
10504027
5006051
6118935
12548506
6449647
1875320
16173906
4300384
4762485
13465114
8211257
9504249
4282574
4972596
7674375
1363285
16425676
14181082
3025621
8834889
3963372
14636347
14267672
1986804
10784917
9930693
1827998
8384626
8964884
12791771
12650386
10571022
2489691
15515074
13056363
7683874
8250512
7784669
7820289
15540770
11672338
2447817
10302228
9357558
7185965
9347519
10837886
6268453
3906985
7221027
1885319
5136471
6876440
6418767
7015515
15674860
3748402
5783850
10204171
10879156
509853
8928341
4401342
13313289
1572319
4379076
12362519
15945351
14801443
7404535
9544642
2646940
9706361
16509266
14539684
10056313
13799640
10534596
13396901
7680197
1638785
8621533
15065908
5989201
1769860
2435806
10506038
1104376
10303760
4143886
11207408
10491654
14572641
1393417
903605
3477773
16125592
4658448
6083596
9108575
9455115
10856126
1094762
9986689
8401379
6308120
699693
8230125
9160797
11218920
13906074
16445903
4375474
13382689
2855779
3287235
1516527
2899475
1526601
8931407
8047094
10989358
12508311
9230841
14470729
4811508
4468745
5733893
2220525
6912161
13676586
10695721
6394499
1537442
14434234
13812830
8128738
3250741
5035432
9676908
12737778
14535559
8984773
824078
8712196
11026141
2442701
2504790
920269
3420592
2354858
7888784
7678788
984006
13419842
3389870
3580389
9273521
12553419
11677452
8651789
14433759
5721272
4444202
12631660
8866276
3842982
14531172
9011568
14747496
1864718
9634675
15623068
11996652
8821922
14552289
3480280
8503124
495541
14120134
6391963
15311171
5756838
9383453
7738077
4613554
4653974
9856035
5723861
15034864
5111499
10260103
10506633
5622764
7996123
15604703
10439459
9778735
16483814
2637095
8150421
4025162
958364
2527865
7362982
6850035
10073407
2825123
9049575
16197095
7974465
9249805
4299679
15826745
10096381
1699049
15169813
10366306
16018220
2079248
4565551
13092956
9696962
13072229
10420273
5165480
16056362
7696984
15137619
14359702
11816900
9219480
15236924
13257541
13133952
7324121
13957207
13951449
6776355
14412263
9590073
12853640
10892675
14241261
12197797
6369788
4058677
6090536
11999262
5189440
3355248
7568208
14578078
926724
13311377
6360861
15554868
6739532
570486
7999562
581420
8260617
13892366
7267108
10604957
13248745
764838
13549335
12311285
14275336
8035500
14194073
5341877
3121476
16315101
7018010
5952022
12559053
14426355
1982457
13163532
14656860
14883554
13554408
7408270
10354765
7951479
5734844
9273414
9716919
16323174
16114866
12300789
6154558
15160104
13123792
2268299
11212673
2033362
5979556
4693168
13120866
10451828
10402490
8078652
15549140
7270673
1287146
7109709
367602
2278002
7362087
3223019
6246168
10093446
9603828
11994470
3399858
1984356
2551788
12166013
10211666
14536366
2145612
8714872
16201847
5633538
9734406
15108321
14623826
1694882
1209095
9835074
1158539
9684347
16314384
6801601
12800478
11920771
14796474
8574569
8711430
2001825
11352657
13280312
14338718
6375054
13975979
8819599
5050440
12028841
2001270
10772803
3436964
5783355
9133679
8743176
2300798
10463981
13799060
8517652
15579530
7398992
10316025
13514351
7111944
9874856
6839193
3952628
12766579
2548334
14588281
6746414
15391513
3380389
13467135
11669969
14929466
6460657
10082342
14330048
7692853
13106391
4392533
3270817
3403581
4371443
11543756
6720570
7478733
13175117
1219230
13435359
7068418
7748437
10405442
15703298
7415955
10714150
15007646
3438945
7284403
15628098
6693673
11366314
1338410
2848122
5539716
9079466
15341446
15253793
6815772
9405639
11562930
9475817
8179594
8728551
9051357
13298819
13315221
7625347
10334005
7504297
9272948
10467105
3814946
7672071
4441700
4983554
14863024
7651215
7765749
4499219
6736476
12849972
3102179
914173
13393880
5662515
8577391
4468716
3469232
7826164
6240989
16406193
8456267
4808245
3091425
7509664
7360005
6208159
11548211
3234696
15241092
7371384
2019547
7500878
6148003
8118456
8098078
9337767
4264594
6868734
6430815
7737926
1245801
15081290
11667773
5194481
7468939
2238721
8673810
1367196
2122239
4673046
6270902
6480992
13537955
3946774
9773696
10359710
8270533
7912334
7468906
12584688
12010445
10702677
8471672
10379771
1186440
7183600
6720772
9178879
5094973
2575308
938426
16210135
14249234
15972531
14408074
8191554
557931
1240080
9757021
6739972
12601341
13309289
10267733
10157106
7116026
1651306
12001989
7131824
7062728
3133893
3545359
8376671
4233518
1772137
6935747
11940126
13388546
2041496
4904218
7599873
1844309
15799479
6632268
13339096
1792340
9646538
12680269
4011143
10263186
4299635
8758029
12231399
9149981
8850997
15848430
13011016
10505591
3749111
8824331
12693427
12670482
13244222
5648156
14207845
9004215
7517892
8323487
13068554
7447199
14863958
14370167
16197417
9426565
1147045
3630092
7359964
625399
1028055
14683920
3940586
13023126
10959473
12302255
1617486
14677827
6832979
12239209
14206145
3992827
4029312
10271533
14215894
10061076
16082691
11819755
3468319
5686351
4171413
2900960
1328867
4461945
15178455
10769811
7884496
12308203
3475548
3378090
16270255
5320877
15676089
13125654
6902429
15958568
2359514
4137337
1093203
13431332
13255535
2877237
9082488
6436365
8751704
1561785
11559907
5311367
14528997
5574742
5364031
7081662
14542852
6480986
10561564
16061121
13291272
15844446
6351083
8522894
8931291
10522740
1045040
6102800
4783135
2762439
12332074
5156931
10791039
1862340
4582296
1529547
1614427
14754644
8384605
1451999
12118455
10718277
8929552
11193525
1696939
5900283
4173991
14349967
15141943
2426731
13423839
6338328
2133418
2469487
16057908
9728218
2342289
15694188
2293307
14314430
2943494
15160635
5069914
6406890
12706961
2528155
15224199
3513429
14476814
12037047
12448736
13818257
13538417
11376759
12576557
3154733
2112353
4439890
6269337
9549942
12167905
13887492
9155123
1314213
12531252
6791493
14760113
5582572
9167950
15562530
6989832
5710813
3170869
11464683
16223863
4865353
3371186
13382895
11694735
6144373
16056123
5669032
15140623
4223510
7415384
12341526
5193769
10712503
11838703
11439025
3744924
1360633
7204457
4418317
11760404
6761557
702685
5453921
15992342
607343
15601233
13217957
3367279
2014856
1883288
7105848
14905064
766256
2471094
6391769
3523569
3108016
1643063
2553366
12478751
730464
12657805
11831188
8131298
6252815
2382014
14227460
1782003
7246042
11235154
4005648
3056526
3190779
2393773
4691454
1086050
10862551
15450234
2183125
13703643
5948240
14775527
11804681
380299
9221958
313597
8906712
4134502
8305929
11645652
10200515
7981080
9489229
12847250
8165723
15718893
4364960
10866555
6215389
5170913
8448180
1089762
881290
6129558
10108469
2832533
10080307
9399035
6574688
8834673
2018960
11737925
4046533
15930280
6087438
9598788
2489235
4800471
8284776
12168653
6208832
10930900
8438137
12630923
13607135
3251698
9649220
7235611
7595660
3962093
15004006
12441609
12154669
941800
16293906
3391881
16053388
9334226
2350940
5434576
16339498
9444703
3360010
16297312
12265335
14986004
399093
1941552
13022390
16015401
12606532
15649190
11976806
6577141
9304497
3440853
710985
10413409
11444802
9887842
13855687
8871600
2133435
8411744
11908840
7307675
4469095
10557953
4423075
12583275
9228729
16478947
6758367
6390521
3513452
13925720
4114786
16144476
9646570
7599717
8652528
8048575
10154301
9787482
4737003
13946760
7910672
10937790
12547355
2825518
8019238
3826238
4509301
5576822
9659105
7711668
11601409
4284623
5030778
8598360
11788503
8317958
9122561
6642498
7767923
2870180
14834486
946057
14799217
1672345
6414754
4893653
6530659
1630798
13918378
15038550
4299404
15992277
11959708
11886888
3389445
11114911
12652761
8833535
16386518
6552956
2216651
14334410
13558708
10849913
7854586
1359990
1721360
2992551
1485855
9750496
4001443
14958864
3401263
478328
3873286
15265367
11600261
8436698
671063
8879509
1676126
15629935
4098621
7758676
602266
7644317
8266102
12701759
10522764
12992228
14119977
13501004
15161385
15655203
16098644
7949469
5420645
2821660
3220595
7241312
8579862
5242592
9564780
12871081
9229301
8184701
8154102
7147654
4971559
4573773
8714248
16327584
1034141
11723306
6614514
1621014
8928974
12327934
5026755
15434827
6914892
10930515
14752422
700247
8811242
14818028
11798611
7065551
2007497
10467519
6218284
11464106
15297734
2958639
7716480
6498605
9064885
5016055
6914097
5510132
8607446
15819885
782571
6747153
10368138
12325664
3273649
6713692
10011712
6086275
14261656
759347
4495266
301201
1858986
7002944
10479768
9360918
3310329
8652565
3199850
14524320
6309846
13752886
1335433
9129759
9746561
3631399
622906
12442365
12954499
906036
15690254
6997997
3215564
14043076
4742189
2022140
9552441
9094994
937952
5643854
7755980
9916842
7761417
3365645
4232855
1600066
5111086
13729860
3556579
5093618
14545929
16179697
11924503
1676583
5062381
4582508
14951899
7093990
5692167
1215839
1177280
1794869
6532797
15634553
9922105
15791873
13643915
12638589
14943459
15968027
1442121
15924281
8104585
1162089
3711779
2946086
9401510
6898091
4240175
13464103
1655506
9840050
7764421
5918776
5315252
6553624
6780084
11899836
5133651
2297524
4765167
8974750
6117504
14909867
10329190
6157865
16148902
9063126
2165842
13944897
7623785
15942274
1644763
13957878
5296684
10057503
3667651
15467529
4179636
14773201
13766853
15153739
9749789
14736697
9668960
12227573
12017045
870842
14446976
2855618
8921699
6335127
3547613
8173073
4267993
5453356
3037193
1256187
8188060
11342701
3628141
5024894
5778822
15424630
15762565
1476662
6734748
13969099
4105314
683058
7471591
4670394
3230594
10668234
11374069
4548184
3811254
10597965
4214105
5611199
4250162
14215977
12726543
15866709
14908558
7534026
5778162
2905610
6470445
12347726
1344247
3323667
10434586
13322786
11314954
13000489
13718767
16183948
2066555
8176475
13651347
6519049
12292671
9268422
2620776
10154031
10906887
15740266
5274503
13667838
1400655
5959944
6578041
14432344
7298307
11285673
15782354
11688650
7167176
8961310
5372542
16372867
11795043
962705
4552341
11360805
15265147
2440613
4055110
2029939
11219103
7901527
4805987
14843056
2198191
3277728
1499636
11704090
496003
12989625
3203729
6820283
1381734
10422460
3658791
3929528
2266486
8751906
6573544
13273373
2556890
15499768
1192913
731056
5446879
11454929
5620269
16398928
15527941
13777871
5511220
8196804
10294126
5509722
8230794
5664316
9984421
15409483
11711783
10381934
13736531
14658081
2415139
15741402
6964600
3950383
8862300
11398090
769670
14417981
6049044
14086196
6605422
9092338
3858705
10021931
1568018
10244012
5903559
8768506
16185013
12408939
3077989
11377995
1951049
3348147
7539871
3328173
15878018
16065991
6183667
10181085
15141195
13051089
12410504
6019587
11453002
6353952
4352320
14311978
4784729
9530545
758782
7650605
6264602
10674553
4837119
16565612
10093004
11970422
6249724
12384777
15566272
4201410
4029742
11759248
2531255
11474957
12446525
7094638
13294188
14250227
3240727
9078361
1229383
11547597
8986689
9801544
7777499
16024303
7207805
12048516
4332546
7327589
4391117
14760002
10762625
13432537
1886868
5750493
6549499
11811972
4884566
14258825
11344556
7786322
5816555
14579125
5061921
12643060
6531126
4481316
2263589
2736143
13924752
3460441
13812915
7795535
5160985
12291480
4639907
6625667
6478917
12419231
9165494
1309239
10514836
10838451
5221586
6985412
3634184
6511084
9821364
6757843
3858671
12824017
10680447
14554029
5378724
15778784
10282328
6312504
403845
15963224
8582212
11433132
3337537
10478667
7166537
10092179
2370729
10105707
4695808
14841397
15321133
2591065
6615702
1027043
9600829
1706352
6416951
1794198
1193052
4258679
14744878
707194
1832520
9091023
1472007
9307478
16591693
14173437
4870198
8269987
2397661
1996762
1051602
4653599
2913298
11196346
1347639
1443255
6465833
1485769
5353865
10759288
9169104
4001745
4332713
7228911
3470111
2591417
9571397
4679814
1608712
3792471
1809937
1393848
8609535
7623257
10936361
10911207
12271274
8177488
644040
10361569
14355993
6667909
10997664
10269760
13745293
7597300
5605724
15437923
4682585
2414926
15122438
1365846
7627946
9913983
15948320
4183243
8036247
11875920
5792434
1806880
16418012
1902320
15534903
9500866
9358997
9396278
5655926
9674817
11877148
11257382
12484919
7239932
1710102
12161338
5522490
856099
6798007
5560098
11388547
9324769
14307051
11466396
775382
4503044
11878608
8086185
10673877
6541820
6668890
4880697
9468396
8765322
9511571
4868953
10240054
13174880
3503586
11576031
15397429
8631907
5155270
6766538
924995
3793553
558163
2537222
9892740
8960717
5329384
4211623
7400089
10588947
16040516
7260134
10000602
1644920
14764883
13046167
3851457
9130991
754149
7634313
9917663
12965652
14831954
11957834
11124058
5505467
13678225
1989911
5102811
12310012
6620034
13438920
12355021
7140201
4309164
5378987
6849831
12532930
10829696
12089429
6772132
1551339
8023791
7963510
15791844
371862
7897794
2470035
11759034
1656365
15877725
8261150
4044217
12399547
14786242
2150132
6263160
8829398
6091468
2584979
10230831
11596777
15824468
5560656
2937510
2041186
1978621
1752561
4122940
13950764
9195983
4531006
13637510
15085439
14821304
9791788
8444892
14983105
5144809
13362468
15692156
15520251
11688105
3117313
6237478
15938049
6996133
7326118
12598862
2618957
10206208
3756653
6313127
9207562
10956763
7643042
14731909
1287101
3731754
1357565
16476751
10828609
1623492
1109226
13821044
12655505
6595984
8062477
3153841
4938666
15138911
2368181
16160441
6527460
10826127
12335612
3016267
14350538
9177837
15323797
15754956
5152119
1890482
4927621
803409
16561385
5200511
4359878
9223208
8191629
15706438
10813312
11436569
11878550
3340540
8175099
14070302
5495335
13105567
7936483
8260843
3496119
1885404
12162524
735848
2697309
5470085
7201237
693784
16177597
5102595
6581975
7839401
12464597
15169535
4370785
12722965
3462812
3033061
16555761
6504352
8335466
11948529
423807
3613855
12684088
3071047
5274232
9775253
13148094
1519329
3502572
13450406
4258711
13213273
16564111
9374304
7118349
8677053
14286681
4522637
11194776
13106772
1545081
9186805
4429256
11014661
5676486
11082113
9225855
1320096
7482604
9464768
13449979
2747896
15656313
14147643
2567562
5610760
14416043
12630337
3332440
6433503
3806381
16127140
5945553
3851108
11746399
5185687
9207514
12018046
3324321
424849
4563290
12231532
10240013
13656159
9560020
4710304
859059
10487258
7195223
5424397
5522768
1247489
10848420
13073156
10068822
16068047
11698231
9979666
6514156
926813
7883924
15628433
4387543
11265865
14606796
9410515
13500163
12304211
4550500
11924027
5239702
3134908
5479255
4597265
7348681
9981342
3407785
12791519
10729987
14076751
1871867
5883057
12501479
4301640
6550570
2446442
16054681
14996863
12134451
9738334
12302253
12187608
10961815
2122179
3690127
6063489
10462427
12431264
3357173
16181208
14281445
3660881
1203478
7916827
12189748
3829038
11048650
459763
13409679
11593901
8218222
8915264
6890116
8964653
6141739
14056699
13431334
10431016
10714429
13696198
11320546
16285839
9255622
5616201
10528405
9037677
9723063
780260
8142453
13891831
9936898
7298179
11321534
929292
8064176
8029248
10144621
7167853
2821561
4744834
1647303
3354770
13532709
6660402
3466842
12424814
370322
3166699
4236834
15389807
12312067
10439612
2229677
10438165
5860235
4017477
11064938
8278656
1675950
15461777
10846096
5303352
7104009
10268038
11107299
7290249
10670993
1592957
16573322
2741377
5119888
14083967
7029690
1603159
1374311
5004139
2028274
6736555
10422740
5801284
1458525
14135039
16471339
8741707
10173578
12153424
10909481
15366061
5531049
3472759
1317647
12195074
11316923
6594417
13588809
973865
6106600
16015151
9753485
10469043
1828126
5997369
3976503
4837853
4655988
3985377
13338032
3982418
3881430
13152093
6865414
7739128
15189801
9805814
10362975
4941826
8921570
10469788
9092388
1762789
2645190
12072573
16549370
6902884
10800165
11238847
15370679
6637851
5314339
4879839
11942272
3786733
6427491
8844272
12500832
6329395
12403079
1941345
5660036
3955355
1771909
8362385
10762283
12483528
7401663
2702899
16427762
15503252
3481473
13232680
9643975
13907130
1009314
5930739
6077942
11987672
7937727
7445816
11468368
5634489
5538581
843721
14279460
13381602
2974966
11423040
12279610
12641029
11201940
5333703
523551
14906736
4457780
14076148
13754083
14544522
5315284
12808027
11947679
10052702
9763106
618329
10584144
3178408
9147783
1263298
15545525
15753526
7590801
15076455
3819731
8179835
14145114
15782787
14951276
15835375
1234797
1718630
10375333
12447867
7717784
5482241
6428648
14706148
2397698
12885597
4767167
11037097
12169577
499286
4172931
13917782
1616983
15612075
12679062
12147106
12508570
16347348
16101850
11865586
11402025
4347291
2194966
6449745
3875410
543383
2406478
13655046
5555499
14562231
14439789
13197195
7624041
7022528
10552086
2687125
7608497
12425021
10367763
11325930
2538100
4378551
8838365
14481855
6987400
11573244
7193995
11242755
8584385
11583937
3885750
4670572
7231097
11580498
12289943
8035170
14345752
6713651
8973240
9512438
6045853
9577903
5183085
763790
12159888
13664196
1925187
11257053
15748653
15697699
5621840
14334427
11423520
14385098
4112313
7865800
9137939
6057124
5275491
10098923
518215
7119678
10711867
3649846
11724742
2617778
12131137
14506775
10566362
6400761
8880780
9608516
7349229
12076788
5899991
5969555
4360509
12322823
7447338
8655420
10459815
1680721
11601454
9236200
13674579
14521622
1974800
12245276
1084842
7416441
7111362
5682831
14948466
2160713
11115136
4396095
10716626
9190688
6891505
2469442
8966275
7140081
14767341
9116138
12253655
8125042
7598964
12394290
1526741
504409
9917745
6761677
15340492
14457044
12184599
15609418
13330756
11309825
8012308
1265740
4644872
11847427
5807373
934228
14142641
2218499
8303808
15613871
4980766
14261449
1407522
10976534
8291884
5630785
6265694
2830978
3919701
2490583
5804740
5669901
11282857
11973791
12454638
14700813
8625205
3450505
10668514
8664069
4895061
14761353
13224303
9289749
9460262
3892652
8142386
6076600
810769
14003477
8970071
7365051
467215
11879209
4962566
1725109
16428155
13963084
2576342
2805351
11470042
12082109
9348523
3135673
14029076
11426774
6181527
12612514
6186601
9424285
12337395
998310
10881393
12873633
2903168
16339601
16432550
950003
11572655
10556425
5718609
1438120
6127447
11158572
5454428
4253370
4119576
11810467
9034673
8794634
3319551
6433927
2138949
7767395
11585492
16532818
3874714
14603791
9822924
2941455
13670303
10040302
3180256
3332292
4538029
9723053
11542863
10561926
12851672
8138318
5731619
9407433
5800680
8488216
9874404
3751624
8048780
5107245
6753478
12836314
15630285
13740951
1637204
8258247
3858378
13540624
8959259
5581606
2053653
1609227
5607407
13758478
12064470
9729713
13449385
6135878
16362449
13757152
12459332
11985613
4775546
4730144
1136271
7227648
8314343
16031455
4780210
10218794
13427898
7648912
2204066
8755588
10177422
3640476
1842369
7637108
6578220
15292123
6845494
2537930
8733153
7838511
9118775
2362522
3371117
1560975
9023536
6058609
9769363
3152715
2330519
9020610
2933067
9322440
13331529
6113187
11369672
11836524
3238888
15307090
542320
6323235
5447627
15469916
9462487
1320142
8239828
12245180
15892209
1704250
1058874
7186077
969409
4739445
9578342
14421878
5200868
5553032
14586032
1305759
9294483
16247945
5111654
556311
12617781
1875254
6503731
15014009
10831906
8107974
13412068
11820788
3830628
1880198
1790706
3822269
9033002
12495923
9961381
5539038
2806843
16113351
4004150
3313039
11468145
11367573
4794652
11955701
10462602
3153556
6173947
1522185
6717905
8782935
8905574
9691790
8842536
10895086
9887849
4670528
3035518
12420343
7899211
9110926
15943683
9477547
4835342
6243630
10256338
9363958
15724122
10254431
6428884
5091760
13664656
10438217
9381739
9475485
6062839
3638802
7731834
1560987
14134610
1773122
13126369
6476179
13554537
12148504
11312391
8454156
9892424
16512312
9823354
14471237
6191671
7993222
9538759
4707061
6480508
5619441
6459721
3967858
15668991
6485918
6016445
13539650
4218521
6760420
12891656
2091250
2998021
8293834
2092003
11522927
14850310
1210682
520471
6939031
11570311
12217668
13335139
12694195
967402
2848912
12217083
12532545
4260067
13932341
11453713
7742231
15192894
8953303
6794344
2186536
13883727
11682653
6968475
8810485
15095800
10029306
1446588
11305180
5621452
2286160
1707550
8489457
1824535
8235492
4233635
10557922
13953615
12652638
3409489
6520332
1931574
914629
2449791
10654598
1553182
6589888
14793034
1127551
1185827
7983322
1601103
10589523
14331092
2546202
2668417
3780103
3240860
11424454
13015485
14007780
15489265
9668826
10620596
1929373
4166687
4782322
11929571
912882
8749578
11234980
8439212
3662250
10517606
3816370
6599357
14710795
2749614
5944241
4489980
2050893
16224914
6413808
5945960
7330437
5147522
9289999
15725156
14180574
7520150
14099136
1373523
6914092
7112609
4433730
9111333
12305276
6932597
3521580
5895295
1024094
2378144
2616270
5935204
11155622
10333944
13428865
8393127
9988115
5901617
7088710
1007957
9824980
10675534
14623458
15231069
15939560
3888600
10421890
11090447
14124384
7255994
13776369
9314647
16464925
10972686
9173879
4488145
14477822
7468213
1436086
6556334
16099971
12002603
6186507
6527065
4282268
8482570
9785432
8741236
8448049
10590600
14664748
5699875
8013273
1221140
7031987
10415944
7011270
8790255
304228
5477972
12517749
5792253
12464796
16278587
4373045
11872741
2111304
7235852
10679111
5528000
2616712
14781205
12492973
11397831
10905526
5895787
2496360
12903528
8097481
15674740
14362458
12049568
9252007
6018384
14947477
14250043
10429659
8923787
5069125
2398490
16037547
12942947
14043052
8807357
12351358
5569172
13754450
15883495
13282346
14298676
6400401
15362476
15638012
9530300
6589352
5795484
9062796
16026653
1098966
13070978
8546763
15987762
13632882
12407866
7478142
5548372
11017011
10558181
6104918
5002101
14634788
4359616
6873930
9542900
15690067
13344389
2586192
16445717
2141700
1881220
3274374
687847
4593636
648404
13167478
6742548
3221791
3114528
12361330
3946458
11261495
2067423
5313280
10282792
10082692
13599733
4453758
11014652
3933312
9656224
605299
11781595
12524707
16360709
7162724
8498291
4953406
13144077
7481395
11573508
10390855
6554079
11128371
2779096
6869873
2000928
12067126
1609046
7368711
2505315
11125948
10177240
6588884
430312
13673742
9554476
15649305
16228454
7622903
7613333
4005265
15371607
2196468
13307941
1067782
6117559
1495078
5954282
7990023
531332
4957577
4665034
16049268
1539323
1083327
11828072
13967513
5000463
1448907
9152836
15221691
8540593
16195046
15243910
10564306
13128009
12301290
7623052
4563394
10138582
4569291
1474587
3682478
5967960
12358635
4097449
1068264
15285673
9512436
1673114
8148670
5055668
3819734
9444363
13232602
12571544
1040622
13612047
14985315
16252969
7620835
10346503
2848008
8000241
9432090
8515591
1765663
10843726
10859378
6526625
14476574
9915036
11803530
14139452
3648548
10695623
16327042
8732485
8055616
9416916
14467860
14134584
6547394
6097633
12020432
1649169
9417203
15868668
2528105
7281668
11756271
7543418
2777789
7870353
16439439
10676904
4264925
9914198
5832507
13523673
7046937
2345910
8006743
2684814
7328290
5553018
823554
10277966
4924201
5821159
15159454
5294552
6685461
10184535
3050605
10254634
15301889
3302653
5872025
3504697
2653150
5055529
7580357
4849361
12767011
6749074
3442392
4699021
8792468
7357810
5563473
16201460
14851379
14874004
11286050
2810853
13302953
5025439
6756075
7246324
2279447
9120921
4308068
1895492
8467118
12017971
13437767
11077587
13162878
6820745
6235788
10772433
14753965
8401965
16084509
9174781
14387467
9872112
8203334
11817638
2619801
512438
5002080
10853655
3140227
6903449
7594935
958076
7186351
10984325
1564155
531466
6117070
9662756
3057695
11573999
5003478
5273494
2919559
13896169
10811962
5667844
4481716
11888121
15404307
940221
4269252
3509611
15692368
6886086
11346049
3694235
985969
2046043
3387494
15884192
9092894
15035453
1910062
5894707
12295228
9723947
5176453
1208830
4056782
923314
5967310
2388789
7638246
11347636
11276523
15720959
6064914
15037022
1778511
5344044
9902085
14198726
1417446
6273747
13377169
8366320
9980843
8482559
7906975
11159233
16356202
4136946
15282022
6859508
4166473
579400
15929482
11094303
7783741
8459902
5906439
4855342
16028328
11706108
3324981
5401783
381483
3200677
2335349
8147279
8510497
14387628
10878302
4432120
4359847
12641434
9842701
5809778
2055681
14940852
15415460
5626016
15236830
13684543
14497731
11033622
2803608
9451093
12830126
8893933
7151397
16181517
13316958
4195516
1663111
2011397
16143872
9205912
4791572
7956662
7241985
11993954
15292488
1093506
9712762
12580469
8215425
12579713
5609430
12392295
9925705
1916121
16533798
8979305
13208946
10847667
1068946
6138310
12527011
11185774
16413307
10360058
14920176
12616496
2302634
14575627
14696314
14471223
16541483
8347290
8624280
5392255
1723221
15326539
15372290
14718921
11776511
1182277
8000772
1638836
3958527
11383413
5971026
8234165
1942561
7311638
4827466
3770552
15104515
15796242
12008430
12567428
15248363
4433050
6265031
6359612
4262752
6222062
10294562
13779898
2243437
15054830
8334496
2012217
5408637
10183969
14003326
6622016
12158655
9093764
11836750
10084211
13368473
16214552
13420880
5859324
9536765
15908489
2726697
9331690
16333351
4546717
14202866
13959252
8011161
1346532
7899224
11158410
9094753
4260356
7886090
5691107
10970405
11719472
2641459
5747747
3395262
3447279
13430531
5777163
12099126
5161233
15419758
15748912
9729129
6067031
14903666
3435332
13018195
2342818
9049084
14026828
5484248
14602896
11155301
4064655
2968454
14559776
12076881
14175721
13227301
14890625
15093758
2657678
1254417
12498474
4755912
14758470
9933293
3768894
4288722
2015439
9955825
12857671
1487983
14325998
13063699
4368703
9880382
12526009
5170858
16108093
5026642
3217427
4238099
6257050
1018540
15645219
13515661
2483595
4392195
2411842
955494
10060130
2032008
6955458
11674622
6356771
2896136
4063756
16097164
6225578
15046441
8780505
3939129
12810349
3377816
4133810
10632376
16566849
5672188
1191968
12481383
916016
6082474
811362
16155109
2467158
12455798
8457863
14288034
5515559
7562422
8569167
2890452
11381080
1760917
10120239
7641626
14425214
10471090
10664169
2750285
1800890
9468794
14928601
4624233
6706989
9252877
14055158
8381464
13048238
12182040
15257542
8163093
8533643
7093732
13002174
6247510
6705976
1821614
13212231
15897137
3730539
15031648
7619895
14007234
7003361
2716809
14501368
12079506
3114158
6491541
6166381
8813358
14444780
3046930
15560837
15696653
10755645
1724501
13274472
8818763
8066686
2405157
1872696
9136356
11996930
8077094
11832192
7329364
15270533
4661278
6769670
3459269
1220246
3473260
7011004
10533789
346827
7544637
13923695
7141025
15857264
1060507
6045849
9467003
15479162
11531253
13534483
1728444
11164473
12125773
2452951
11830924
4997505
2025037
5373176
15484978
11165650
15219017
14049892
2767055
9150006
6441486
13227826
13289411
12395130
14486987
8546863
11479219
11943496
4437548
13461440
4208222
2532015
2790915
3901733
16328483
15941443
11270398
591659
10590760
14590168
7327985
15370828
12989746
3418891
14343864
6401592
5944743
4856690
874375
16433573
4148806
8260402
12368328
14595801
13757934
3244327
11394116
15262984
7919706
5332112
11512258
6449335
788740
6444944
16372572
5923324
9505421
6933932
9117522
4102858
12548637
6187342
2869116
15953778
10094929
819236
15877828
9717146
4000259
6654946
11404466
15164050
3638702
9783195
8969537
9599303
4769985
10004306
11112305
8197210
2975657
6793091
7428920
6230280
14502917
9158771
7259689
4153348
16297060
14961262
10768479
11229692
9273655
7655375
5397933
7136232
5333413
10284060
7683739
4719079
594130
10098433
843030
16019374
5676352
5185854
6502898
1228095
11969914
4423117
699696
10227590
9240984
558874
3415519
10320849
402156
12388737
14051954
6202241
6284187
781679
10652004
12076553
16120206
15294491
6551479
14782867
14016125
9211818
13593806
4768476
16395197
14120691
7166554
7800606
1010818
10249394
9652451
5936014
3823085
1711286
13401188
13449634
12542166
8984907
1930465
1949466
15350396
6845731
14689369
14785053
6495173
3736431
1321805
12115901
1394564
12421601
369399
7148130
6394336
12780063
1382347
2977165
6221095
10509017
4961376
8813098
11720304
10129546
12982022
13279277
12418479
12417446
8706600
13816239
3967735
5070066
13128988
12089179
13219300
12661054
15315899
4731488
15951806
7202104
7874236
5233084
14469111
14808780
12738091
3668934
4177218
8301400
12598332
6436903
7526941
1874830
12712147
7025927
5239599
6714375
5943706
856763
1740817
3835107
1028752
707700
9187132
8438353
2691406
2496141
16122478
10331839
1243066
1728370
5041508
11809936
8393953
15674153
2749456
6109331
8610622
2637689
1504719
2061143
11876711
1476656
12167521
9366876
13207618
9050626
12828027
1729658
12303487
15169389
15857585
14043663
715093
10030007
7865500
14213434
4721415
15493971
5092439
2689486
2082170
12338744
3535437
5608735
5838297
2605760
572026
8923047
5995578
11559638
14755591
6770283
1010573
6759886
11613045
3520070
8193141
7462732
2222130
10488401
15888340
5849403
10876525
781665
1554725
8894846
1550122
5618203
15311821
2903223
3514496
11305964
14611596
13285612
13224635
3250605
1749615
4401969
12400569
10789235
11869738
11475298
10989308
2689811
4227621
10909021
1299456
11204314
9501182
8734154
7520461
786994
2820294
14509170
11410355
13253370
4774319
7808522
13952669
10086389
12425410
1113592
12253353
3438291
8062337
12014297
14309236
16549798
6898328
12666447
6232867
10487657
9871077
9250029
741611
16199268
1582966
6234860
15480119
9972733
1866131
847183
14717255
1507057
2137615
9042797
16306797
12413399
15646779
9175899
5629030
8535851
9578101
10673014
6553306
1760514
16369661
8790879
7635607
4232292
12101175
14547591
16017252
1075725
3114693
460681
4365730
15863502
11695231
6110541
387254
4612685
10114771
14797602
8359087
5784695
7696338
10449198
2402082
14378199
8089293
8030760
12472938
7501321
7747766
13134419
4250900
15775639
9221272
13189912
11125632
8312124
12125324
1408264
7953742
10405998
14862957
9479721
6682690
12764186
4024139
13502675
2063266
3470349
10596033
675524
15853062
5815218
16536306
15352912
3340828
12150854
3331824
6426567
2135521
11025768
10086874
5501230
7153716
7213605
12563137
11593902
13980797
10419022
14057476
5328787
10316705
8298305
4815832
5326718
2342349
5828678
2501835
12631862
9781863
14715235
14397950
6250523
11808421
2427340
4071054
5054244
11475300
11413567
9177669
13848803
16351550
7028941
6796507
15227522
2393504
601906
10424005
5450658
2585611
15221154
9107604
573450
14357154
3007045
13253289
8057226
4126959
14577339
3043323
5181997
9567331
14946606
12881931
14682959
7977721
15756798
1658367
11158911
2392045
5425099
1393121
5898161
4575316
1968257
7913385
14801097
3522167
1066775
2668696
14704331
8687336
8612724
11237557
1538873
13577942
3716573
5361561
13481357
11247194
1765822
11489959
8161998
9115865
8589335
5291324
8533210
1484048
8589569
3640472
7656858
3854756
504362
11530367
9286370
11122649
12375622
906748
15869197
2571382
2275110
16541955
5326124
11279577
6032997
8702626
6505179
13205698
2439950
7745481
421531
7582408
2620550
1512726
14289236
6128832
9080694
9930625
2280383
4884635
10758076
10797929
3965399
8732821
2816116
1478688
15894780
6005874
6812565
2361757
4786996
10968570
8280325
7118894
14801672
7664417
9098751
9826251
12538802
1904774
3039416
8496129
7377076
11110215
7397683
13858497
6907907
3333048
7343129
502394
7092840
12999990
933156
12770515
16501111
2319879
13182231
14615323
3278601
10582916
14362003
11168867
3625642
12109918
16220996
15531108
1082682
12879514
13031535
2516698
3380534
6680210
11288914
11646450
5570263
15499587
4976559
13284337
9018758
8920878
4313959
14249118
7849436
11719820
5583489
3571081
10152648
4136963
3589996
735564
7693801
10778370
391602
12881189
7386957
3934702
7023041
12619600
13726631
10563963
9928601
15158186
14224859
15161160
6741807
2054091
411813
2656692
6878026
1077135
3203913
10783889
15073164
9399374
3663122
12683496
1095291
11364124
2583510
15498737
10054368
1759662
7775915
11177254
9432238
3006466
15365874
9775878
5615071
15379803
16585310
6749156
8617049
12637532
15731535
4041694
11505126
2839060
14323853
2424998
15516408
3208840
3806391
8111270
5208766
4248148
12478274
8820197
5627339
4791297
3725425
2291027
13699394
11027698
3694403
10712381
3270229
6078950
12913499
9687091
14996330
2047291
4988760
8159364
11758416
2028879
7073598
16415131
13801968
5395364
1995172
5861408
10645080
1789118
4230760
8973922
12111377
3030885
12158897
9492142
7171519
7104396
1163376
13854507
8545893
11982693
5154567
15226592
3756030
2544506
8440476
10414395
15530840
11071498
15275656
15446512
14075054
1169220
9340241
7807574
4209238
15085002
8017296
13762027
7636606
8847819
12192464
9648862
3373322
9082870
13781980
13205256
13775726
1888136
1808391
6580546
6867723
4263159
5437319
1170698
7232803
5009594
1367169
14455156
13946449
16174877
2397629
10852374
1332629
12543571
14617164
2408830
4423159
8986432
13339880
12425142
11923887
7595699
13961494
13570329
2245770
1283163
3381482
11616668
4202681
16084018
7479161
9344866
4319191
7362542
9115764
6361335
11902510
4607122
7598432
577919
2606363
13170469
7057867
9868663
2453910
1785645
13073196
15727949
5201396
6904956
14821795
4935721
1189644
6732128
2084662
10111320
755804
5917547
2648446
6286169
1373909
8009869
2660888
7105934
8133539
5765101
5614131
5538523
2402884
3645903
12911944
10071072
12031405
9001063
9905697
10503924
12597946
1426686
4307215
13874782
9155380
9244999
7400991
14448882
4894845
12243257
942258
5263168
2594947
3651909
1053355
2414199
10841802
8128346
16557570
9345348
1275494
15022884
12544089
12213149
6968933
12726867
9315357
10043658
12119561
14621420
12371299
15952466
10880272
12778370
13962234
14206290
6849696
906070
9739858
6458582
4526650
12640326
5224959
10084885
6474048
5756656
4213267
13919767
15011695
2213666
10557802
13459652
10544666
16133155
6147539
6481667
15667437
4384655
565759
3583203
4911175
7208554
1303808
876156
16050028
12628177
12377370
13533287
4903338
6196633
7956249
7829234
9825600
378664
14373235
13772965
16030159
15992594
13749729
1358044
9932597
13401266
6846949
9060593
14814584
2296648
8604259
14993103
12013039
16061901
13773150
15182209
13512665
4195084
5492392
6182862
484183
12861437
13231339
3697637
4357695
14994494
3541067
9817457
5368224
13951020
9973869
14518094
12523041
14570036
10537793
5041314
12896579
12221180
3415093
12122194
16471548
3258168
7205858
4587606
12391532
16363038
15851289
614619
3671572
6931764
16270796
5524922
2807352
4428458
11194385
3621482
1057944
12320871
5996377
12704024
12692324
784607
15086745
12453546
10271179
14650563
13331698
1793763
9004495
1764987
13815810
10650775
13558431
10328630
3298297
6310043
8396963
14264853
3999172
14364786
11567864
9369114
3468749
3051629
8789719
11536919
3261645
634940
14436022
15974255
3457551
8464814
6170468
7130771
12780822
1068234
8859003
14899909
7567337
9416511
11716986
12099275
5511596
8375636
15312818
5330443
15141176
1048988
8092064
7961825
5475465
331108
3035885
15199420
7381246
14279767
7898601
15387017
4661940
5786684
5885541
11973387
9411626
4225192
11342606
12509204
3186150
5375429
6873239
4476296
6037194
3195996
7793252
3610942
16355957
9304273
7081715
7472996
14092007
13233232
14841538
1092025
1710731
7122110
8920667
3159892
4915329
3752744
16399466
9973867
13581399
14217096
10179044
6461908
12168490
9926992
4050116
4218600
6271050
6746600
10098649
5916751
16581036
4210320
3304356
7166267
14276215
15744088
10036418
6742850
7410399
16117639
3475321
16228691
2024127
8402484
2007929
4831534
1653862
10807631
10125478
7070663
15395183
7647422
9513009
13092896
15181648
1098113
1540130
4973964
10237499
15849558
12044842
8187804
14349664
12730307
6724723
4268436
1004014
12342977
13248349
8056322
6187880
11608575
15830506
8193837
13090251
3280593
13627325
6928045
6963790
9546977
14369051
9644445
14057970
11349615
2634868
14464458
5989016
15905336
10774927
6361291
7504212
4853823
12292613
6025085
8815172
12385362
4903311
14414954
612495
5606199
7469419
6008317
16405519
3281654
8661701
15210137
6908567
9055490
3520960
6779373
13710834
13455586
1922574
13260650
10376966
11431075
14534587
14840439
14203532
13393249
8936088
4967744
3205430
7310261
7194592
777600
14526823
13438752
14378864
11216267
9529596
14282006
11266723
3297139
10775804
948260
10812204
16421853
11354729
6169165
7556131
9841330
6580362
6958068
2879479
14888561
7511499
5079935
14264348
7792840
15499589
3111651
3543715
11945839
15648546
7008943
9430024
6849428
15864132
8199535
2830322
6513057
8946153
11878397
11547886
10011365
8728737
11565389
15409410
8200334
5162302
2295773
2585788
12044013
13548556
7060373
8353159
7780676
5756455
11984665
12098565
15728802
14115787
12385792
9049419
11013863
12724967
9424170
6551563
4337459
9041984
12117743
4313371
5831821
4840505
16340696
10427600
7943063
7536214
1370692
3615670
10445826
10103356
15791406
10860840
3176043
1422927
15558523
2094754
1580315
4004621
10459827
16217502
8818638
14037712
10944959
15841527
432165
649978
3306840
3728603
9362323
13630367
3014020
14920257
6152917
3535664
5666216
6274133
12719539
13877224
14017712
5578449
3348811
13641278
895640
11824157
1192365
2727186
4748795
6030766
13195917
5685095
2562728
12546859
2916029
15520308
16442541
15869156
13697115
4630775
891936
13703314
3262823
10846985
11609877
5540537
3369914
3911521
15455844
916937
8065431
4387431
3563940
7717054
13623478
15146816
13489155
6993805
8115370
3001402
629514
4843574
9698135
12452811
1818324
2925161
1562236
5666295
9961164
9221268
16518852
9688026
7623647
4537017
8011314
15468911
4065230
9672169
10337360
14581571
13597032
5465302
8829936
9519586
1043237
9195172
11399387
3845562
6251678
12528698
9815018
1019363
7138507
13823609
16114779
3275593
1050569
14447533
13729583
3729094
7233713
1264540
963687
6164693
15613294
5075062
9569759
15703621
1081030
3390060
12651653
4329172
12026524
9450141
7999942
10815813
9514470
10316653
15411047
3497126
10757669
6876767
1892702
10043541
2061295
6360219
8415698
12275394
11565446
5689065
11294833
15103342
15969741
3889341
4446747
1529810
7615633
5817765
9110343
1321029
9432210
5853012
6196158
914195
14111320
9407861
7688351
15969652
10707221
9232379
9541756
9188742
13743569
6813663
1282030
13829131
1035234
9083152
2719581
10545389
5605043
14312436
4693864
16396902
2061764
1125567
4161499
6929617
7423606
3541667
3532282
6207483
8852325
1499807
4344828
5898503
15666774
15003973
9913172
1181781
13251477
7185793
5193020
14173772
6350697
13358594
9325022
6916871
1027513
14064160
6519987
1945383
5860547
10533850
14500057
4668893
12174754
10701590
14310591
11059538
8992538
2200270
14901230
9969104
2311619
3101400
15149042
8740839
3488753
16438707
12539684
2370765
9893547
14834791
6675614
6693971
14960521
946293
11305145
5289832
16024287
4054527
9802955
9665419
14424244
6707938
10656234
12972653
3617934
1320633
11852833
8335404
10828157
4337713
6338231
13961650
15453916
9218615
3259484
12158149
441100
12279600
13361160
15478191
11800918
7268098
3075987
3849972
14217646
2098744
14669918
4826432
10757003
5903818
15093812
11115645
10387606
15472649
16055592
10755594
12129938
15832805
13203692
4277931
1142178
16004527
15236377
12005392
2904571
3470556
6210651
11457473
8202673
7024812
15240445
455027
16291037
15830287
10976099
13134196
6949571
11479109
4054859
8080296
13200336
10259278
4224978
13326800
15607529
578832
2008861
10289943
3443833
11748134
12701865
11590339
16370796
3999856
9506308
6963121
3511365
14274535
7412656
6811607
12622693
5420527
6253326
11448114
6788849
10392790
6422164
6308734
10127912
14199711
10304613
1843348
11203932
14939364
8251311
13543267
6595322
9506028
3406780
11245217
11622577
9349256
12571086
15413788
12522496
5994163
11043427
5731977
8982519
11035716
7116521
13526162
10474746
5866192
3843420
11802809
5112610
7726506
15053202
14757934
3273222
15646568
4168675
11649128
6147741
16029861
5769610
4916171
12858778
3738802
12070137
4031534
12923509
8501146
4290504
9659788
12722244
1565185
7736881
3434367
15704908
11943952
7849680
7633247
8720117
1662956
9518651
6972823
2311680
10050494
6749076
1212518
12052670
7435449
6118916
10708337
8585169
9155213
10498274
15461847
8944419
5471667
14309636
13957042
14501898
15606680
9159186
11940978
9436791
3954203
15337884
11869697
3108405
11386283
9871440
7568583
10529777
9104003
3518185
10749346
15502348
7507902
5976486
1090249
6745392
7241619
15904673
15839193
9215237
12250299
14834769
6560292
14724046
2508637
11170550
11363699
14510763
5362091
9888152
13350604
13847613
14235102
15951001
3471796
1982844
2400644
13597934
16311825
6541554
15729160
3300614
3573925
5554368
15792263
13934420
14532958
1871662
5644444
12424564
13264780
5252985
9637006
12431398
14609342
2838607
1796625
6677497
491004
1223019
6546971
10810033
13988923
13944731
15937772
5929934
10476666
8348200
12143634
5581440
8411440
961830
2316107
9772459
853330
4696724
15858105
3856968
11209458
11388470
15648158
9508767
14248362
4088871
8978512
11801030
5495776
9526744
10633762
6570151
16304548
15941547
13928424
10087497
11059497
16017933
7920906
7038024
1312373
7037549
11223751
15962297
7230916
1020766
9632100
15150747
5623564
1097919
16429861
3226867
13914163
14518999
3103931
2494364
13282199
2553629
4680324
11572127
12156770
3520929
2814050
13983349
2459153
3680800
9341599
8454884
10626520
7963600
16454188
9471150
14632860
6341434
15163619
7652992
5462866
5955934
12413083
16155686
3722353
14933917
10544347
611988
618414
8394727
15685835
2776659
1978319
7592677
8634979
9925954
1914065
752441
732902
15490699
1998497
7363311
12713003
3028105
15767176
11305215
6844752
9935911
3426066
14975556
14516692
3421688
11056626
12333081
13939937
16566613
5660087
14637700
6246332
5376612
7453311
1630520
8716988
1201475
2871788
4115062
16437996
2779032
16132601
1881574
5825224
14991443
15127774
14277585
14164912
6249523
15978801
2694836
2721617
2124397
15644746
14194783
14026437
821035
5651263
10756501
3765930
5759564
8248142
9133189
829468
2276052
16360637
10617445
1398273
2063232
8072968
8103123
15449107
12519417
5063574
5310061
4909439
7694774
12199939
3722475
16097989
10136571
6930550
9277454
3902376
3260603
3527150
13255962
8923765
2426355
5211286
2250860
8816463
2364368
5648702
11743417
5864847
4272610
4354506
4218587
12334242
3888367
14771635
11599502
10852533
12023370
14558735
9114716
556119
10072625
13280547
15992509
13852607
665230
15238348
8048006
2931166
2163263
3339293
14416033
9909444
4712101
849426
8177193
4517370
12554388
15166458
2706836
1201323
6022560
6304113
9287685
3196916
6166346
4214607
14960500
11395738
14243007
4032689
2291434
876498
4418383
16016198
6184765
824620
3658210
6492888
2624486
5383532
16427187
11666698
13557381
4827621
13453631
13449292
5127271
7242540
3316312
789802
850027
15814442
8674599
1748771
15501703
16078933
4203375
9744566
12261838
5695121
10129931
14756517
11180958
8821584
7404751
1602466
4302403
6270970
4580091
2325308
10784151
9837773
12862232
5493745
3925547
4517429
2009147
7460286
661350
13427821
12443203
6768776
9931374
14579586
6320381
10619670
2090870
4921676
474402
12297569
7061869
8710164
2184173
10819811
1226625
3706261
7511741
12627660
7306593
3996423
4633435
1335492
4925139
13990942
11467078
9574131
13364741
10605702
322543
9304956
13385970
12710120
15776860
4967852
3197837
9401109
15128193
10334514
2351968
8636421
5901952
11103773
13853813
10917421
5708124
13528574
502180
540601
8760959
1418574
10288812
4873129
8206479
11228349
14935107
13290222
4318020
8732125
10168108
6824264
5591265
1544120
16044264
1460069
15760563
1597992
16599015
5010397
16516466
6136689
14836967
7467717
9461941
12537733
9752911
3033490
905209
11062082
8855340
2553990
7595841
2847249
8890413
11508563
2296273
5969318
814114
11127124
9973236
2409384
14669785
7423694
13612241
4406304
15743974
8342413
6506949
11875266
14866176
12006350
7866846
14033829
15380847
8442741
16057429
16009587
12280290
12362971
3839816
7982240
14964259
13824458
15083706
6800190
2126546
7259017
4276432
5399210
5871194
6069940
10751235
1879606
15152084
5686540
9962715
14950644
7784093
1775259
16149719
16335498
13216876
2158676
13260280
12439102
2188192
1033139
4411494
15227669
5671669
16223268
2190533
14317177
14327043
10618855
9668211
14037130
8170059
3258475
13867333
9342028
6858892
11492773
3798161
7980833
2594576
2866996
3796295
14226827
3404833
14066333
15370925
2656224
8700414
6265116
1166969
14063169
2459330
16001643
6803838
10775170
3434081
1055098
15141796
16531325
10033059
7609882
13657413
1522620
6513046
2018606
2181187
1280425
16347771
8466265
3126307
8086700
12072970
8523837
6278499
13918263
15900073
1159132
2637695
6861703
1289405
14364156
14456632
7544176
2029336
12961765
8465911
11204479
774816
10333093
5001584
13976027
788982
3146761
6777176
5914981
482471
1789089
7463622
9002021
3603025
9943029
3452649
12197890
15347486
4703741
10965224
8034801
1074914
3775268
10284553
8013218
11400054
4852245
2109875
9624994
7010693
15774500
14785839
10949346
9418849
16303563
2247623
9021944
8181337
12019414
2163416
2959313
7121942
12785163
14367220
4583512
1793827
9047104
12390089
9795602
15507486
8049598
3109160
12876796
12990770
5990959
14594813
332706
9869970
7281966
14520475
7548715
4171809
6914256
4888740
1158683
2422479
9961615
15730620
3136271
11056060
5686668
11498457
11249040
10683017
628423
3627326
900420
4153128
12487198
2603189
8316316
16452460
13004340
8434830
5741315
12770801
2544705
14462146
5867093
13200532
1131945
10032999
4241251
8556167
13336968
6956261
3228744
5898194
13966619
3937920
11604455
3529555
13999106
11381238
4208124
1094709
15441982
14363566
10449715
4452682
10849258
15631985
920644
15925037
12080289
12166084
7621889
3347178
5281492
15458489
9997495
10242365
660918
1285979
15906436
8697549
6243912
6913368
5096022
8175463
1002176
1923978
5042596
4326853
10799692
7190704
4972214
15104797
15686173
2100456
775922
3150839
14829795
778957
6449403
12749960
6701127
5076322
11617184
9705812
6183651
9338132
12836005
12174707
16467078
10545796
1420421
5896592
2203813
10434576
14566030
6409306
14297709
3704346
920880
9492668
10056060
3672371
6322672
7625990
12992889
675378
16170303
5504181
2322430
10280196
9391015
12796232
1155722
14921172
6712149
16043235
12129250
12285740
7044859
4182604
14373982
1581107
14075217
5572599
7501257
5344615
1705038
698179
16374372
3292339
2932214
3835140
13469129
4300519
3934289
9159429
11602939
15829391
5805882
2323598
854194
1071468
8144173
12256764
9226106
13509017
16280917
1761461
1469206
15551255
2725757
8333465
14306698
15814648
6824676
7161637
13954922
3550855
589891
8222813
8199506
9625931
7538925
13184946
1421924
15244018
9038842
8778507
6188779
11421934
5985784
4343252
14069757
12406075
5809121
7189407
11135329
12433951
13940826
9911634
7375018
5745536
2290697
12758501
10204543
7051654
6528161
13525403
1905414
7106260
15795295
3428062
12771994
14690390
13593363
3237190
14461782
7628785
6727678
11825073
2312084
11093539
4137009
4603912
4783504
13238550
4885539
1017175
11768175
12721750
9074418
8650926
2939711
8068954
13752978
12595409
15721401
12238447
4708705
15457208
4168130
14358258
14078679
590104
1478787
6123700
11805103
1726484
8797145
15009904
13228032
5091089
11694218
2712223
13475736
5896981
5803849
5196280
12490005
16109403
16014929
10322613
5590725
11592174
12235055
6370585
659502
1982093
7838426
13469364
4349999
14255572
12437265
3861464
1248998
13144858
10395531
5949980
13450652
2037091
12243359
3453663
1859394
5530530
4451017
1441537
3698090
9704854
5572444
6895418
11565505
14702556
2722373
14742488
5352669
12546273
7373321
14461543
11982126
11341514
7229423
5839517
5099485
16101530
2138145
4842611
16182392
6091908
14106020
957278
16073703
14590830
5343369
848558
16456195
10978004
6121342
5915276
7758268
13631022
15866060
5265554
11580159
9649633
3364101
2774204
16412668
12175935
11165476
14030268
2308097
9310128
5519320
12551795
6401102
7745584
7440836
8678435
15640712
5400377
9088433
9017977
10812156
13850406
12128779
9043564
7423270
9100522
12132946
5356666
8614494
11816789
5125183
13282757
7574124
9957388
4430061
5857156
15884540
10327266
14573991
15840542
6637822
1660172
4148422
4404207
5547108
13201550
15334234
878345
7429475
11953619
7537712
4176425
4621493
3712478
4536007
4302179
2537322
2228363
4313652
8647902
7317504
15061303
10806479
12633573
7340791
8137708
7292956
11642930
3817741
12071314
5939129
14778437
12367308
10243570
9330162
6516447
1308000
3665180
3188914
1566890
8252291
7566754
8186255
853302
4560146
10938554
16306823
1910186
16318930
11765885
6120618
11023062
12550236
3130599
11295945
12586976
3834224
1453155
14075452
3703016
5283460
2608758
7481033
715801
11510344
970908
2587700
5884865
3224479
1634514
11023781
6383974
10048406
5409624
5761112
3615253
15689813
11763279
7303957
4423721
15415901
12804665
4141068
5721905
7338886
2978415
1600958
11497947
1508452
5102164
9668801
16155572
5563538
4398601
13411057
15213723
3356950
1211040
8867298
14679646
13725499
8087251
11722070
11270469
3157614
2737259
5078579
9981588
16585607
12413329
7707824
15848279
3804619
8922992
13613812
7138203
15820933
4684145
6769124
15153681
16181616
15650519
12376301
3611077
10964105
10630312
5101373
10306056
9719366
744987
3249839
3685176
2108753
13928797
7382810
12387669
15820334
12125970
13960472
8797894
6182018
3436806
14046515
3804387
4202502
12833772
7966165
4005689
13046008
15537997
13714007
2316717
5451934
7240794
9276800
8748387
13779969
10987018
11826068
11500146
2916164
14044596
12293400
969651
12391115
1974302
6826908
9449862
7575105
5462943
1771022
5677251
5537844
13567913
3866991
1475469
3598597
1458905
5516037
1954255
5501309
1540905
6139849
8603694
330996
8734997
11380043
13237961
6212801
5358144
7738148
12377856
723689
10355807
15799000
15746303
3731826
7426104
4428233
12241143
5604039
1473552
12235887
15528876
4546740
12019957
7050522
11234316
3751184
4536062
6798331
14154064
1613764
15349438
11204946
2051541
4541821
6789293
3318157
3615815
3461944
12936350
12603133
2853490
9525724
5397581
11069150
6098864
11004273
5444174
3159740
1772712
11334558
2433542
4469940
13998717
5240563
1371142
7875066
10522999
3735809
3990588
2528082
8813177
5361824
5512275
13686995
2218761
12532431
9850594
4141790
2999860
4397142
14060816
1013822
15243358
14267866
6289729
11329654
9172663
12831623
6115941
2195713
7294373
2623526
9826359
14687818
11528290
6592654
10823945
1419983
2007997
10166085
1872815
14645364
2777981
3961654
3309264
7265029
1011208
3578679
14986220
15133363
5524115
3250588
14437778
3171581
3742994
8984711
12191787
501159
6116024
14483295
9443232
15406890
781274
13364342
7711262
1569043
4788690
5087318
7749751
14898135
15766634
4413466
4499773
11506474
1036832
7048127
5885468
1953594
7738549
14566173
3786308
4687886
7607295
16138685
2655637
6546570
4572396
1962367
14851713
4870690
12797559
1148185
14097801
1650527
13040440
10988391
943929
9969962
14743168
11550378
4022368
9199516
13026394
8206536
6199378
5615637
3133051
12204364
810418
9864123
5614019
12017090
2659995
12543564
2576650
4519739
5998657
7974916
838769
6497417
7094833
9004188
14190522
9529509
9124639
6238070
4391552
458163
6634328
5707488
6828143
2686507
16366633
1156979
16326696
13511171
9480479
10207235
14397955
8808859
7697017
8069143
13483422
6850519
15468364
5461168
9003455
13263354
9451595
1611235
5608915
8449832
12742878
10654562
10072507
1036987
5600959
5347240
10781264
11168682
5580530
10366560
6859072
784638
11219462
959912
3311724
10548322
7290171
3082965
9835021
1833132
9721984
1319168
4543840
13457624
2097566
10439487
524088
5761426
4819151
2724654
15670479
11323250
16130808
10570966
1832604
7300818
4442982
8116780
4410652
15397487
4343594
14238883
8445374
1653118
4815244
6565962
1970826
11147753
9066930
15379230
11806076
15087161
15288588
11315994
8839314
620107
9267173
7387325
3663521
7633308
8971012
3828538
11560651
5150875
4807548
8375246
13464627
4203239
7093882
1377012
781918
2501331
7584554
4087838
3963922
12947123
14860168
991827
13443320
1519916
2861765
1439808
909731
1491051
1282917
16135023
3862232
1673236
5822891
15895681
4189654
10455187
5625803
14964862
13204517
6290086
8727208
9307740
6998625
5200649
5950763
3832347
2376288
3113423
10210375
15220287
5730991
7642486
8806066
16590160
10093412
11933384
1076943
12104262
15004574
12272806
8811600
5418815
11942467
7384770
7738893
14147893
12590660
1960316
12369997
1388813
3444992
15305016
1041483
14157822
1446564
4648910
9544424
1687546
11915132
5055683
2311276
5465050
15630938
14593178
3963521
3566232
10915994
10538193
13525003
12674728
4951407
9607263
7410994
16173726
5642692
8761931
10147406
8186125
15291109
2536447
9476264
10147690
2373194
433810
1182572
4907728
4113462
13859188
12215931
6220749
12220677
5519890
11003783
12161866
12844416
4941449
10827991
8300573
13933344
13794236
12162309
9126807
10941440
4046929
11052233
2416931
5323780
7572576
5396932
4733180
15899524
4305709
1028956
14851228
7903540
2811321
9021145
9326992
9492964
2096953
9299141
4571826
1634703
12755722
6744359
8301424
13693081
10107768
3274373
637551
6078835
1828355
4520462
1677358
9254213
13452861
701132
15351647
627422
5469859
9603762
4803840
8931712
10111015
3866923
10227338
12216290
8760599
8316120
6789239
6975526
7240407
5751210
2113906
911283
15512580
16350427
2114631
4920291
4760324
10070323
11356988
8646858
10027376
9184173
9693195
6302934
6098623
15634459
3697538
13896190
10022549
4184209
8555857
11652037
11653281
5984913
2747141
3543604
5707039
2282249
7594356
15201234
1186778
6923459
6978528
14279441
5512736
3621190
2588700
10616089
2067427
6568794
14944320
8549498
2927728
14356032
4014100
11013356
3717412
15743069
5260290
9592575
6122831
14485752
11891065
3602971
8694549
14878787
15487525
3231606
14976805
1722309
8092337
4852155
13800713
11807979
3950669
14763194
3894170
11758723
7303488
14392501
10853086
15694108
16376514
2480590
2406553
8748731
16466320
7959649
1811473
7850079
13763528
6046594
2510663
2445814
2312150
3532325
8494330
15118686
4443785
5742789
1801565
10214881
10921091
1868354
10386391
9286623
16414548
921815
3977259
4379553
1293528
2244277
2256012
9743784
5687633
15258393
10325320
2372878
9419212
6639064
9051744
8660396
12912501
5907171
6901377
1218956
9937692
7935056
13199471
1198956
1138370
8482297
15092388
11653343
15092434
6679118
12679059
6994242
16125460
9823412
12436895
7039000
11533412
3862717
9670916
4211293
16322009
2943520
13524346
9180927
2722897
11990738
8403215
4178479
3975990
3348580
2352787
16215100
315802
13750638
13009297
1678236
6490868
11656756
13275056
5638974
522014
15262113
8881862
11033351
10241985
14075566
5032101
16373468
15198723
15212964
14715770
13985473
8625232
16317618
4169381
3387961
11639993
1846979
15348350
13269728
14464543
16371179
670560
13981734
4757048
13645076
12646098
10189015
10262563
439136
13274616
3984889
15359743
774948
12686199
2000737
678007
5040157
2535355
2239297
8433679
4009534
9916233
7750782
3450442
4835996
9172198
3755310
13470095
7560976
1854925
2474042
6651141
12018482
570120
12135963
14063549
8093091
16164916
7482349
9195713
9987929
7997777
11567593
2970586
10487411
6871579
6712819
10005174
15074152
6459713
1677787
4055543
5042971
14854885
6357421
9104237
15871429
9502133
3109743
7760983
3381120
3393594
4940788
6759373
11685848
9010714
13432636
8671581
4049642
4602661
6093650
9550498
4834345
1020790
14029866
1999460
1963722
1643857
10093094
10259723
4596558
14685876
12653366
16231236
6947899
2630436
5043403
8237830
16524941
4270502
14435417
3155414
3160823
894794
4414918
8380133
16531038
9680047
3249442
16431235
14195002
5392103
10722134
8862327
12412640
9832974
13373354
10587563
13949631
6987687
9716404
8010271
3185592
11347276
11392083
8066254
7782535
14004593
11566853
11280542
12020087
774135
12256134
6840488
10589224
9396725
10768329
7027674
10246834
2896995
8335134
11718838
3105644
15311200
3748922
13057369
11667712
8239995
3063130
10566331
5400486
15597450
4221359
1745663
7564079
2646836
3657468
2081511
14759087
12176059
11140232
16410468
7367135
6322479
8702030
4349363
7811889
11659299
7344553
10322452
10286336
14796110
2996781
12920885
7057305
15181631
10901479
12194365
4701378
11333654
9359042
4119031
3235663
3319968
9083947
894077
7838394
15649856
9908283
4270691
7943432
15038019
4979546
5798680
4156135
15366960
4344737
12013648
9479215
14197695
9561836
10613391
15487663
3250558
10228723
658747
3774805
14872063
14436712
8712485
7382559
3010298
3328459
3009768
4951396
4761459
13842918
1392342
3885895
12637127
2029915
10383783
15006034
5267404
13216177
1946329
874129
5814196
6045722
4076651
14981924
10747507
14265325
4410775
12585849
9819708
4374353
10104698
16066218
12533736
3406355
16061092
5073106
1015738
3500196
1119689
1812008
856326
6549055
9155237
13558221
7450942
3153315
7091194
9644770
509059
11751956
6498680
849668
521035
4735875
15804997
13856743
11860925
11965891
12675984
16038970
5853908
12619977
3002943
6000476
6390873
12153888
1890209
13122881
6843647
7489952
10972357
10194603
2893100
10983158
12827992
12472748
11407684
9792230
13019240
8791391
2717147
12585663
414575
13223432
16070158
5667880
6516662
16495261
7495797
8044799
4348000
2164393
6812069
3795043
5309899
3010007
6866115
704449
15689452
6826767
9475184
5679441
16301540
13933206
2186642
9841009
3317355
7466583
1362230
12230495
4560129
6481942
6847763
12675155
6669216
6701669
1366967
4232631
7251502
12864738
2012910
15434470
2365652
15343832
869459
3923103
13616701
721441
13515468
3227989
888712
15260403
12354805
6547227
14707389
3452187
2695283
3385653
11411444
4719104
12141074
4534939
2803730
15289356
4232820
10793906
9001319
3177932
9684535
12821261
10219172
9808961
15340761
11705119
9076277
12551644
2906292
5569054
15910859
14311709
509107
13513350
9189402
7739704
4315936
3720205
1932727
10512021
567250
851381
4684685
2092500
4793281
511536
6116464
9595419
13960960
9265921
6882890
13502562
10622355
5091441
12400544
5059161
7759172
10703508
9262056
16369548
5382852
13891436
4152722
4789045
6111129
16472648
3429026
11818448
742458
2614307
8033009
12438720
5985618
14672391
3549111
11216413
2748230
1717879
10374776
2186179
1140135
8803069
12572918
12302406
2272469
13629360
6570101
15341737
976445
8342925
10335524
7803990
10777155
15608393
6805599
9993425
1105340
4583743
12109022
16230979
10691690
14217317
13911797
10118334
10352475
1432656
6495582
2675366
3460667
7391053
3022498
4744264
3580186
4620573
8409464
4113328
14769178
13189025
14897506
16398123
8623682
9352248
1755405
4097604
4402146
863786
15896308
12736618
8440784
6365532
13813365
13222389
11843607
6713425
1697578
4052224
6946703
5944752
11705836
8904550
6252609
6296058
13808018
6868430
10322258
7698904
10698204
12403719
6790104
7231871
11040188
11152479
6968186
16336412
1863350
8098974
8023118
14466647
6445425
4720460
8187185
9649058
11896462
4028238
10776210
9055288
4277466
14394815
2778345
10434827
6993735
3347546
11186729
15795274
11492521
12695192
13287822
10085569
4518384
15821534
3232474
16527364
1816343
3248815
7797697
4282686
15201777
5576554
5704499
6841138
14890259
10960611
11206768
1838375
2864418
3645063
8198518
6195388
2783464
12134583
12811414
13171202
13778613
13338745
1653258
11198721
6277527
820056
11327887
12231862
2588563
9025699
4297200
12062206
5018520
6377202
15431671
5012801
3185610
12148246
14894431
3947269
5407908
4197873
3645395
10427012
1505695
12343106
993088
13494649
6383803
9393744
7069295
3245189
10694590
5530901
2537926
7092161
3885449
11886703
15509840
12311988
6021395
8755350
16415742
12603078
9245355
13705502
10093421
3885660
6259662
10786663
9696935
10058544
2942414
13576766
14513066
12226444
13156517
11242506
10770252
3763711
12200900
15194074
7334843
12863671
1062548
8897276
7327860
11526097
1366881
4405989
5385875
14559085
9942745
4827328
13536942
6075301
15330883
2845738
12491481
9631005
7402225
7849800
4797930
14136394
10737566
8173061
5023588
10842957
12211071
1316123
16523833
14392974
15884329
1948589
11327453
1930895
7009296
4334791
5896993
2602361
9020608
1529612
16363246
748628
7354041
9234509
9060981
8623020
1715323
11806407
16524344
2503257
9556339
6991277
8910716
2456475
12771499
2977778
3139723
3941303
9905519
8863979
14196914
9507093
7400246
15408579
10457118
8743110
1475608
6930373
12693700
3000551
2071366
4389411
13304400
2901677
11644249
1723980
6842612
16307019
13078963
3789768
9394524
15101931
12121500
5473682
15283271
3643559
7777246
4477438
3650119
1525351
4431672
13565650
1443800
12216861
4610507
6379195
15247890
7921073
7616503
9685500
12414538
11820633
2050777
2842341
5371711
7854165
11323682
3468157
4797595
5360539
10557222
4975481
10450219
12143171
12450664
16116576
12444460
6773392
1678505
12343265
3729440
1197092
14345493
12275614
3643615
14710237
3170614
16323048
4932577
1236723
10470675
5365575
10615508
13710361
12111595
1463370
12600693
15726237
13095237
14684541
9398067
8140846
1902821
3439723
13987447
5732748
16467071
1917333
8930996
1795038
6995681
10189003
1838431
4603971
15555454
10583997
10508451
5877929
7864108
2739110
15333424
8232117
13970089
12831634
5888896
11194810
1031032
11385070
2193643
3040183
7804323
16097872
6460537
8015734
10982541
4391790
13597358
1238747
13866565
14769265
9799300
8556165
1400737
11999361
6246836
16271928
11782011
7623109
14500307
9595674
9358313
10982598
14358123
11420437
1349877
2260909
3014704
8993211
4716409
1747038
8457082
3401057
6192871
14401827
16327352
16133572
13681972
4174727
6210951
3771412
16483067
7418092
7436187
11277983
11135023
15187735
12155592
13490859
1312593
5696420
11352799
2421824
9017971
8581700
9131435
4310786
1488855
11068431
5583531
13163486
7301389
13276676
11083488
394408
3406959
5747497
3443509
14181886
8790401
1320287
8338385
5945857
11909507
4337518
16229599
6748207
7050466
11899652
2658025
6047084
5538219
9686749
11577394
832646
14635088
12071436
9891827
15309048
14193765
8960954
15490310
10835552
4419061
2267644
5269764
5503324
7463037
6300387
9913974
4359787
8273861
3478608
10609704
492404
13791018
14552475
12757949
12614096
5469948
14803149
6927348
5020543
5393181
13045967
15361943
1217573
14932110
5611177
4670838
9961131
14450443
10248027
3385897
16302645
16228305
11852759
2581849
14809803
10637502
3539221
15485175
10258634
12561862
8805747
6600546
15214097
13983194
10705809
8547211
7038674
4290602
1917695
2994724
8892380
15899332
6452688
4491747
11548324
14704773
12840197
3696992
15103350
11902146
7750257
1513719
13220047
9022434
2313029
7592331
1657847
16583799
6499728
11357516
2620189
6237972
1983374
12067440
15583290
12667422
12108728
11779776
4614441
9005104
3976621
7754104
12928780
1688941
10607781
1603448
2846838
2419546
14342477
10483809
13864039
626002
10550846
8678469
5775844
14073451
6758527
12575796
14028136
6302328
6741702
7927922
955882
11049827
12117282
15969882
16391103
12023350
16307129
5647230
16562653
2630662
963636
8151332
3132690
10954373
7434284
15452362
12336053
7101456
3741441
10089444
1224458
6286149
1001647
15662756
11102919
4535294
8177468
6096481
13022042
1383013
13499221
5741983
8996621
13635630
12467597
9434322
2939426
3968155
1628344
9645272
6189125
5763346
6154655
6530043
10316416
2956005
3848103
12380071
11381563
6585107
5074155
9360705
1232767
15378146
13049449
10450518
4244646
6574163
4555760
2088156
12008213
5782868
9015175
11123891
15046770
10141529
5245240
8670694
4408686
9172521
13716943
8067051
2219767
6658805
11405079
3743115
1190327
12566525
7058873
2594045
6038381
5194165
2882497
4168690
2784261
5184045
1605255
4786917
10322459
8456081
13935261
5357770
6006597
3393425
11140226
7980524
1419430
1240855
11239808
6963872
450459
5513014
11341700
3149883
15028372
11253680
7571622
1211297
9190965
5758953
11158824
7041593
2469139
13728395
13356095
14500750
2901936
13067183
12266202
10763380
8133135
9190076
6075080
5038686
11855236
3139348
14164716
13319286
1101876
16500436
16439162
8630266
13521985
14493188
3020778
1340379
4463052
6503813
9789739
6834575
3294715
3966994
6779752
6949007
922402
10299709
6601729
14480846
1439636
6264805
8359331
11381141
14050984
10059022
1658772
15311505
1192490
391062
995502
8061836
14556319
2232598
9715679
4139725
16358583
12499037
8370563
9789883
2620448
9950907
1339178
10362958
2728636
15501793
3826551
12562824
11829304
724331
10956433
15575098
4755063
3758525
3544411
6221127
12382028
14011887
9708870
12040259
16144339
8238881
14352833
15570703
6201571
7218246
4053413
11060029
8477132
13153169
8478395
15893316
348412
11706747
9820738
12355957
6931559
9411707
12455056
13617853
1567163
13279635
6740727
7861521
15292395
5317298
13201132
16013362
14127427
3698518
11290635
2514436
10330948
3057594
13794394
10956210
5626280
9039633
12368865
11103326
6334074
9592256
397893
13083375
7547741
8657769
1450611
13963705
1790642
15438802
16131508
6852483
3498628
8534907
13509800
1494535
6411934
4952680
12266461
6686645
3751480
15800641
14272395
2124816
6842513
4127537
6854574
6772267
14524926
3112488
5413670
1285991
4257722
11965472
13030528
5595066
15937978
12650105
15898707
11846893
1441806
9111180
9645617
13197425
11175733
10115933
14548227
7618346
1846987
12300945
5613011
1091331
14258901
11306481
11834011
1495547
8038984
8747117
2010292
16211016
739261
1969659
8729004
590756
15694384
4678814
6505758
10448955
8605108
12577923
7895067
4868374
7059094
12107506
13678492
12170126
15577201
6608421
10913260
5489570
15805669
16599093
2476131
13346166
13222932
13738937
14832002
12832227
9630088
3031143
3547122
3024189
4772955
11731626
8076791
9290327
9298995
13179821
1431058
5601211
1585753
11576048
1244207
3307113
5838984
8748705
5467298
7027414
893309
1376743
9139389
12510480
8362646
2512469
2326978
6779890
3428593
14376843
13134426
8991485
8913223
999452
10781687
8972418
6145849
1814557
6626837
16196347
7063302
15654352
6425459
9382083
985238
8524902
9310885
3250746
15608730
6893859
1250092
12195101
4583989
12925687
12822332
6505682
13191782
4845377
2885065
11418014
3329987
9742822
16480552
731438
914322
9932291
8906779
7077743
15036282
16435431
13854111
3185517
787270
11899473
5474160
3937081
760336
12277351
636674
8000248
2347853
14535384
1405615
14006503
4188003
4020814
3831884
2754219
10420905
14152581
12203436
1180895
11567678
4864865
16110870
14268844
9438442
9243350
2803769
6773419
2035807
16504787
9054746
9635142
13899171
9194640
14337300
7568863
4261311
14719869
14984765
15298600
6131367
14001077
1566094
4484130
7403500
14316979
11542380
7103350
4296574
4517119
12611553
7094049
11604547
9308506
13271818
4765212
14139208
5383614
12270005
10570364
8444676
5298270
5129057
5490726
1854932
945972
2143155
6738337
709333
3698441
6052595
8109242
13365110
16133193
1947286
9380477
9698031
12520737
7423439
8270230
1716633
10357130
11278032
1825403
9234939
5448926
7079589
13296268
11367851
14260499
9643280
15732702
8916035
1744724
12500278
6114747
3712672
4003905
16019620
15754962
7292830
2067213
3306762
6493710
15240313
7729955
12265832
6148822
13104338
16224833
1896269
3133341
14380748
15487147
15078996
6465917
4775243
5565787
3836277
2255238
14472690
7563203
16531020
8643201
1199788
15965453
4732156
2191853
3611878
1381788
12603353
8114702
5332155
5589960
15147753
14858682
16570382
13845035
8335821
3760413
6332257
15859318
10299644
5437738
6863696
3998085
536222
7543928
15392877
11243725
1199369
6557019
5132313
11259746
15042529
4407755
6653840
300354
740164
15256284
7565815
1440049
4384576
2703560
4362043
13455945
2150498
11629987
14565310
4570295
11449305
2813008
14784938
3678048
6215172
2387380
1505974
12565544
8203080
8337992
9395628
4624521
10353870
3355015
13576513
6036676
12325498
6951077
6035415
909718
2952684
9499624
8084546
3721900
10449822
14760425
4249766
14292344
15413898
12572915
1115348
9860672
14610784
15881687
8102586
5143166
6377282
1937540
12057577
15453371
15565338
7776952
718051
8112996
9200981
14164525
2718430
12269230
493719
11765735
538631
11265365
4122938
6986188
9453000
12683588
2205676
12883116
2705584
4534489
3132154
16416799
3110180
12628841
16205211
9209310
13366046
2530540
8139034
6074058
12372215
5507941
1482917
16355380
5160176
13255373
7647287
7720347
12566665
12969250
7999348
1858606
10271298
16396408
3411411
13660868
10635228
726745
8941572
7113038
742610
15198406
11026599
3717648
6960612
827558
2892003
11887422
6209182
3557325
1492835
9896335
3733677
5666739
5203599
13953320
9812244
1271646
15387757
483667
4873910
12875756
5317406
7390751
7466188
9191883
5684066
4233647
6262517
5343154
12722924
9809471
6163150
9635839
11063238
14371856
16253008
3336386
2362509
9295473
10272182
10607100
15715273
12271097
9257433
15329009
9840010
10194154
9399008
9631525
4973828
3416860
12761382
14417148
8850986
7122543
16142787
4020834
9437487
9285282
6726182
8618833
13796965
13845403
14198934
8449212
15965188
6134750
13569911
6284190
11646966
8755607
2754662
12342366
1553385
4963322
2535946
7197870
15818798
1654053
5062845
15359803
11851934
2662098
7625975
8445770
2994989
5597064
16053739
3621980
14047486
6743919
1777716
3833039
5129320
11044939
535111
12960929
13665422
14149380
3989180
11492170
10713608
1381867
15808581
9207224
10453019
3025179
754178
2054997
3274002
10852917
8264066
674059
8125817
11482337
10055841
15214071
3114157
12552947
7078083
2475077
7062611
10976865
514598
13866770
12068283
12949874
13750597
6029868
13791000
10184840
9772220
3640754
984361
3674731
1931528
11076901
3577017
2647386
1650361
8835724
7052132
16222310
14367847
5913884
2569076
12093077
9323895
4430653
7532914
2245903
7790368
9225688
1168269
2909874
6889278
10769037
14042157
12612547
8354581
2362291
11930160
1558906
917975
7738339
12775615
3521477
6894684
3888368
13917763
4555690
3605771
6032750
7727234
14197110
3978114
13718307
3315671
6541388
1978882
7556249
15603526
14832860
13522770
8205180
5622762
10314885
9103478
16500042
10541292
9885012
13999347
5948818
6915330
9256357
10846082
789227
4664800
7112523
7990214
16014099
744360
7863344
3867772
5675633
1996793
4607324
4268942
3682063
6599512
4147968
13499827
4031792
6963172
13235361
8295093
12131465
528239
11123387
1583291
7903171
9494761
5658080
6348426
9596310
15848230
1748328
7756732
1321000
3141713
3354764
3596759
513442
8571696
7960524
15508984
4632659
13821103
6778764
678081
8651193
9691816
6670877
6001037
13228484
4376472
3793778
4736083
11879293
4950081
5588562
1941270
10861882
9525780
11530029
6615575
15470683
3209540
9457257
5960375
14247258
12139203
7951786
15983161
12585430
12759796
5665332
6750456
779600
9746250
15162099
16491572
807653
6074748
1730469
16107592
13092297
11943294
3814908
13755134
6952594
6489996
4820058
7072390
12270469
7420671
2210036
16128506
12414230
14220763
2332688
717460
7175329
9811432
13421590
15739488
4012354
3078152
8024048
2677634
10125132
16056000
10561459
4722970
13712076
5872633
4818943
10510389
9196604
455264
2723686
8969908
3319863
4353762
10356241
2435185
694423
1170927
7896015
4304949
10823624
2015760
2996050
8106437
16043216
9323560
1199891
2561001
8951633
8560475
10378626
2551248
9902603
16345239
2237372
1305791
7359603
12938997
6479513
2553974
7981026
10853172
15191308
2493938
14677120
15096902
5481953
945347
7437715
14186596
2292753
13393357
12786538
11447365
6068968
12835615
2467342
10554656
9473782
7593955
8114650
14371052
4232416
4216973
2598009
1603681
6440085
1162006
13108117
3093179
10214714
5606975
568323
14455627
14700699
10888354
6109695
14888242
1681770
10754842
3376062
10290649
12883521
11186433
9245039
13784306
12220363
1122658
11413970
9132202
1280921
7507865
13675951
1973556
2153763
5254123
11448199
2501121
7668534
1061464
12130307
16068659
11383373
7687965
1483417
3586813
4482351
9316151
920911
4779489
1737216
11537128
9612414
4661694
9382223
5465470
4747428
4302651
3638986
3757956
15918836
12178998
12329231
10156564
14837108
8149252
11476805
7925005
4084701
5166016
5982767
526745
1025597
5518482
8586922
13440249
2856916
2941582
9679230
1380335
9223060
7190816
11512975
12147665
13009537
1239983
1183440
11018629
15183324
6945082
5534565
7352841
7309797
2166802
15509906
15459456
829661
16510459
13353165
10008453
7616542
3832351
16153678
2567693
12827612
4206846
3123741
7605960
15203697
7038841
7455133
9579163
15971677
4097969
9336955
4101056
11403565
5680756
13812647
6754291
1851546
9733523
6402586
9587377
13393663
7555164
14027411
1429996
1848375
2041436
2397493
13237478
14474933
11506011
11101204
6976012
14947904
14902324
7366441
2355442
2851831
1154089
11064034
8814436
5530996
1918907
3582310
11306586
1006586
2462449
13700517
12697727
2230654
7731578
1981588
15987518
13151546
7620085
9120129
16462081
5878829
10206963
1123186
3685216
14471698
11932518
13618099
1948866
3846763
7460068
4695593
9023035
4483638
10522659
13002169
1029883
3132467
544438
3396139
5430584
1605526
16319958
15757535
12552509
4175233
6867895
1754830
12074446
6773520
7812709
11484459
16431305
746001
1646223
8964599
9392635
12903476
3456337
10944155
6004527
1974504
8791700
12795672
8940942
1944730
10193952
12053576
16016743
953774
16185008
13618282
2111446
9537729
5611262
11512239
5611396
13109423
12175546
10554625
6185290
6113763
5231677
8063104
5795144
4656660
14490958
4522690
764876
4224569
11668991
2765611
6910933
4994335
12307812
2433834
12058435
9703256
3875198
10819652
8425059
7277464
14197601
15088970
14886071
13179718
10092035
6607169
12583410
9844396
12695168
8899392
7207246
8911058
5171121
1642002
9194597
1164846
10010519
8362312
475896
2073510
12360450
5876745
356190
10877271
2098080
5174632
13205242
13447734
6650028
5752378
5542850
10709745
5036703
13076914
1693843
4309065
13802538
8859492
5211902
14391669
15780967
12372167
8456712
3398462
6496359
924928
11133367
7356905
9988148
13700078
8450395
1442469
3074711
14033399
3644723
4207603
3423374
14887664
8958173
5818537
12807128
6726661
11668656
16170790
3966880
6236544
9173899
10347432
13896902
11059114
4897751
10956575
15954001
12544024
3160726
9542933
891258
11747488
9043747
10889555
10173995
11495995
15483008
7921863
3842624
5253453
4798714
9184367
10126031
6045252
786305
2737903
6605091
3561215
7993252
6984680
10780032
6706076
3721894
4950695
3577647
1222878
3465890
9930148
3493262
13632248
8789513
7090295
4245948
7602692
5412423
14789112
13108548
8241983
7263401
16152987
5428872
5520804
1068432
1980238
13586948
14547468
1902226
6132055
11806343
6958961
7594921
8744034
12165750
5956303
4978435
13311439
9272894
641604
7415183
12637657
12475512
2656363
6125481
15886574
4040196
10248623
2081362
7360794
5194997
2212866
9222347
6413497
3875276
4061300
9388347
12247994
1523694
10913286
14638352
16029779
5217418
4063138
12799560
3592445
10168421
4824854
7081293
4339647
14429839
13362024
7022343
13176360
7461889
15973301
10647512
15005874
2015802
8760063
7539630
14017596
1696616
10255860
2401673
11348810
6103107
7097101
13550063
5207564
2585177
15578392
15036267
9942844
8395352
4326744
3807270
11050236
14045174
6307723
5648123
10352547
13147178
6230617
7718562
1115874
2773320
13949465
8116645
10124460
12277783
14374457
5918731
9410819
1166968
6767411
16054449
8652681
7425914
5876534
16597998
13105213
11397676
1500113
8616158
16413977
2174728
3571290
4674083
3592097
588921
14567120
16504256
11243568
3783560
7698886
15164562
10199935
12111374
14831573
3749246
