#Seed 1387980038
#index showed the (transformed) postion of the SNP
#SNP index
4804687
9918390
4115352
758348
14945351
5858767
356387
12586181
2817542
10752383
3934295
5443988
6627363
9826544
16271183
1587704
942396
10345116
11573588
9536623
10266786
9859657
2265207
4303227
1976192
836552
3727802
1563984
5995599
10811449
8540656
11414710
11803696
7259206
11909920
8827125
2375478
7122514
5780677
3524366
4761582
4857833
4070593
11103557
5200696
11189260
6727153
9304730
2697695
16335049
8028502
626658
3395366
10071314
4211321
4722000
15921881
15800360
4249753
6698836
10623735
2574607
2225684
12989690
5434520
7630775
3596588
8542366
11384346
16265791
1397580
6372416
14086441
7282489
9479844
14489346
7696365
10965730
2009320
8740040
7267637
12276621
6102994
8192204
3989955
14634939
12836483
13659793
15988365
10613896
3528943
13016914
8158971
10079398
8274761
12257626
13117931
2489866
16384168
4381741
9201960
13206349
14308730
1658218
7373275
9972096
11974503
10201673
10460215
15207107
10797181
14392342
8748973
1882403
1181199
13608639
2048020
3016760
8912136
9419802
12764579
15150526
5148225
14922840
15401120
9078127
3594000
11530280
1761924
8395703
1616696
4516776
1765280
1444893
4951524
9813082
6635768
557443
10568678
15096197
12254018
8639995
1557218
2890897
15301001
1700526
1293165
4210692
11549897
8869097
14407037
10366965
10191951
13526258
13111969
8334806
8634982
14444993
13063127
12777488
15132999
10303074
13439609
14710232
9617266
8762039
13479855
14745200
6474756
7073466
11988968
8925632
8844124
15535475
4040597
5495382
15001014
13827883
16439162
2413849
7119891
13937659
9056685
4903117
15788858
8545471
10248117
6578692
1827597
9707880
10444907
2233836
9289301
16542826
559352
4255430
1100256
4702058
10316705
806846
12049646
13989623
741060
3685899
16131352
16157668
10759066
1833206
10177193
3134425
1986114
9595885
10438908
4796434
3360966
10229149
5522020
6427803
6299886
14716994
11395658
8140165
5332772
8475590
7089451
5143670
3123763
7055342
3575243
6942955
4036248
10719097
13478357
6572160
11795951
5143164
12628872
1911970
3360722
7722110
6216849
13709095
13494937
5078854
5879539
3072923
6233069
5666696
13296490
669039
4238259
15997659
9220339
3983383
8635415
7453311
5081465
8576678
15258048
10051276
12340331
4838050
2666337
4745868
13949101
10501572
7168026
14702590
9153295
6186331
8816817
11479239
16205552
410249
6298482
5523258
15585456
302999
12403722
9272176
9806975
10531941
9091862
12111103
1406164
4348861
3696880
4442982
9356751
9549415
10250741
15317223
12635565
13403054
10636728
9097719
2834232
4792311
13362910
2194231
6918995
12505930
4700445
6801259
6371195
1535354
4454523
12165313
1003777
9938834
2349017
8506410
9978622
5010312
12383739
15439770
15773507
437394
16186285
7573675
7238580
6480071
12895207
2540519
6436060
7571285
5311215
9181757
7111944
9348087
12187258
13320020
5910271
422725
3276038
15760818
3344870
14353590
15652521
9180515
346897
4041079
15341287
5233930
9644308
1627952
12607487
4035340
1967659
4535943
7194730
13837005
6578625
15111210
7140325
5138858
7711052
9342052
14013325
3630807
5725578
4884566
10006926
13598133
3390611
7341702
5318613
15068896
11222524
7717247
5163507
11904238
15074426
4994335
5403478
10878468
11249357
6524757
3910017
11798574
12577691
988565
11186729
11641710
13474597
2254662
7481243
10097402
15958528
7205174
9232951
3937210
1633095
16161822
7232713
7427790
13222508
6218714
2500510
4893709
3717751
11604846
4425078
9604339
2786147
9623296
4165185
11544008
15074675
13635623
3319968
3032163
2547423
6422843
6690152
16424566
1285074
6871933
8578134
3668012
2986355
4472170
2718978
14753358
7619688
11206629
12467422
5747382
16523387
16410559
2888045
3575359
6514671
11849701
5516896
11349307
13413906
3653417
2456487
10332622
14371937
6444378
9395722
3612677
6428245
7228796
2701427
14956524
4263173
5661660
5744784
3665323
1281528
6746352
15044766
1022329
4713792
1866131
15612905
4515667
11071344
4521767
2307249
4820313
11798738
2514440
9890108
4140227
2226403
11914901
403886
5306827
15389193
13812446
3154096
9306471
10292090
9590062
9600161
10898703
6201523
13191732
7357577
6920976
10047366
7692308
6508682
8366799
9416831
11899169
11995398
8902168
5982450
11741329
12028650
14664972
10896758
12848048
14819245
3201106
13135383
6804377
9927129
6622383
10456623
10119552
13248932
4641649
4112938
15253219
10923643
9744168
7525922
12913134
8771796
8916646
16144886
16155068
9336358
7711706
633472
16105627
8853647
6916774
4626155
12566763
2096331
4012078
15813396
5587053
2380636
388778
8558545
10641753
6185265
16458867
12010254
12120348
2596877
10450469
15872022
15517018
11243321
7519161
13068018
11776926
15086828
847742
12760890
6834483
3045258
12356033
15039175
13814138
7460386
2332973
14683619
8493709
14007386
4703031
6133946
1647370
14191082
9902835
16388202
10593510
14782953
3878989
7589961
4161801
2692214
12843447
3481429
393688
781110
2870705
13253837
4299140
2202224
8030040
1784581
10513824
15288303
3447443
1537556
9462742
15398384
12987355
4979844
9130522
13107933
5754885
15156412
2114356
11584908
8210326
12142011
14049202
4537159
2794310
5977022
11709570
8649082
12936444
3497495
5241326
12190463
1740784
11433947
15835270
7207535
3057885
9105004
10868662
5501408
3103568
9888910
1244130
6209093
15820126
15088155
12514221
7059064
9387778
8504268
6391825
5528664
10401419
5369589
6890818
2324180
5945516
3815746
3387406
535652
3659700
15901935
8020616
4168781
7252447
14844355
4409125
7455696
6351271
798002
6679505
13533232
13869523
3210110
15562638
6720698
6960127
6868877
508878
10660256
10961774
7995415
6730354
9837957
10822972
1812347
12121824
7978091
15998120
355371
6368042
8664796
4269126
15825593
14202696
3483085
14979248
9720001
3546616
11034764
8321291
4349748
6141747
12237524
8557844
5459884
611519
828868
1628465
16305006
3530321
6408453
13610641
2044453
16160871
8580078
3731675
9810984
14927523
7957399
1268931
3220543
9809446
12067611
11193230
11983548
14894323
3156348
12320034
5184765
7612399
11692526
756593
13921730
4733395
8743691
4082842
4558641
7546145
10267043
2334641
7578674
12576016
7800246
8860033
3155818
5003214
1411229
543812
8960620
5456328
7116521
8330875
4472996
12864541
15444329
5984802
12604129
4183818
10849656
12946977
13355676
3787426
7401417
1312402
9193080
12940182
5400563
5599424
2190680
8899327
12080446
7060843
3502310
15884727
9525569
646221
11280138
5235167
8466371
3646528
2341537
764810
11230035
9133679
7668152
13508871
13841390
3850396
12358398
8229190
2049725
4347532
3410366
16304073
10650339
3671792
11027071
8064464
9332217
14226842
9194641
13074384
327008
12577977
3760869
5142325
9755483
1170773
3717801
1251356
12656853
9046729
13412952
2866020
5345417
3610684
2205946
3622719
4914347
13450406
8967346
15817286
12939308
9390090
8989750
5879828
4604293
2602206
3974371
12584127
5379218
16525996
6513811
14269538
11024198
1412224
11417597
6760524
11808345
10261249
16394714
12747492
2575980
9049426
5440564
5094187
999839
3350836
2678582
6928367
2754223
14393379
9908161
3853086
16170728
3284462
15756640
5270086
7621048
5246960
12185130
6327288
11605178
15756154
8912198
14213558
7191078
2746593
3304966
3206392
11987515
5005835
13770747
2841787
11656524
5262089
7640045
7831533
14632708
13449265
5424352
6189634
2825488
10318312
8905748
2475023
9001286
6130342
6126108
14834483
10552663
13790013
13903108
10190765
9018471
9153542
6086063
5311805
4577369
13966074
11420095
9077498
16352362
3020151
6046775
14733266
9422012
13940087
4160222
15912025
15908780
9300828
591354
3824041
403483
10277297
6183641
7523461
10443653
14497224
4725416
2565232
11409818
5651516
4070306
2536448
3200305
9166294
13029791
11143788
568384
9228114
13690675
10445086
4111913
9965547
3416907
12783410
6246627
12523985
10877082
7044772
1180912
9110773
8843667
11407111
6051132
12918027
3564229
3082786
15092926
8547223
7965213
2301120
3132412
1004514
3791136
13184930
5391951
10705760
14545370
1137908
10215317
8562368
3223511
11213823
11502642
7113423
16178168
7704407
9736055
5100772
10927802
14607577
1611158
13961105
6022048
8988419
7410521
3793488
1206846
11328181
12025046
12116977
9617905
351128
14962047
1939573
7751214
15220885
8606984
10170469
15829824
2843775
2616811
1788920
4377473
7165138
15362826
11778899
15436984
9137439
7269488
1721843
3863602
6875634
4480953
2105710
9043716
10068482
10899117
2602275
16425676
3456900
12761168
15210065
10292203
4798892
10280812
6009127
10616352
8348692
10890667
749551
15964245
866867
14727661
10508382
11355416
15809353
2774649
12082361
10302853
3605116
3954559
11555119
1896465
13446273
11864680
10194931
7130882
15979027
10540988
1770059
3604243
3418871
4844137
16039561
8056918
2939143
7149657
5220208
15331457
1206941
3610178
797693
11786034
16195110
7952506
16491981
4930917
14110311
13784195
12509949
2494438
2551481
13825604
10225453
11536621
10786617
795737
1913803
11352523
4887860
14848169
8167509
390303
16022086
6831850
7662034
1489777
15374065
7425090
8119888
13846005
14606716
10176199
5852210
1396478
9734578
12382170
12351199
3844111
12745114
5700927
2049965
4474255
8108972
4668772
2255926
2925964
1631119
3484684
16288742
3430374
6149531
11859463
12274260
13913223
7406277
8993211
3928616
506973
4487819
4018555
10838632
7782792
15805937
8923643
15702055
15796129
1034843
9548804
7224571
2937366
7122337
14324698
15455882
13615752
10229572
12259674
12357545
2610158
11481472
5511643
13162617
10333983
528142
471960
11033484
1344207
4102869
4206670
1617470
8072749
9505924
14611821
1151541
7039794
15904070
13994430
9137021
9056562
6722401
6604869
14849610
1822822
8657028
12242989
10242725
6510384
16016836
1119748
1970011
2561194
4861986
7927036
2649939
4136596
11182786
15872691
7976832
4559992
3304400
1683880
14511923
5994232
9381996
1711758
10460101
7189541
14840585
3783287
7538760
12401760
10944570
10354372
10120336
12422462
5713070
10758627
5499843
11001651
14476056
16226443
11700561
10135890
4331854
6129823
14128549
3943209
13382632
15562112
4932242
5336934
13104628
8698802
6357820
16410744
8705765
13391418
10283306
2943692
11645590
6157218
8285224
1945217
3786238
11038823
14105120
3230923
10762695
16036662
4651872
14811218
7753350
3507975
7448200
10146819
10479306
3061623
4666142
4073317
8262971
4999243
1202838
14123331
1439920
777989
2736117
12498908
12303326
10194877
1786214
15760542
10695062
4057684
6997267
10020606
9324243
14151604
5327299
6942306
3756437
11834193
1359702
9018391
3494158
11434272
2181374
2863214
4304845
893569
9630258
9646952
8876929
13520926
15715488
7070187
3357944
12320962
6422141
1851219
5763860
5783850
7372019
11701901
10221606
7505254
8431746
11427633
15413377
14514079
967641
3371130
11225478
11055665
3327786
930997
2594584
14340833
6205494
11472474
6434549
3871471
4827580
14101745
4338779
7984815
1096560
10833631
1943060
14226657
14604946
9048714
4217535
12516428
11928149
9705740
6252456
6832031
16465835
8053800
502445
3589171
5535395
13960821
11203886
1278102
1552231
7915588
14788386
13392486
8068246
14361063
9197635
2576786
14058174
10584377
3738249
10821077
965654
810878
3472531
9293629
400464
749489
2522988
12017720
12078870
15974254
12613029
3411669
1490304
5930745
4897501
12288017
9436498
1638167
6977176
1465981
2790320
14097876
1075603
5552495
4493960
5620889
1759469
7683911
6932752
6163378
4060832
3250605
11383088
7891299
12465419
13573950
16516921
4675727
2765101
10784431
13138780
4821636
1385421
7047555
16326163
13767303
12261506
10334501
16182305
9963437
10571217
1275334
13617501
6980311
15081604
1477579
15479423
8414924
8214343
7350663
3847608
10558353
6535238
3933539
2756597
6727508
6468896
11427255
6177552
4174864
15778273
4053111
4576883
1979277
10301446
13666158
10484816
4043226
11797171
9072346
4958259
1554457
6827412
5828097
5660402
6439612
11940978
1442617
4066927
1296993
15456137
1726737
15321797
3704077
1786081
834257
4125495
12324826
9985611
11596108
12838595
8455305
10548115
7156320
4461611
1731027
9347224
12296098
8235564
520047
8869064
8758053
10884093
4740181
4329888
15021572
7334958
14333563
1553196
11048354
8100089
5937903
7023041
7381644
700657
14405691
13243555
3600441
2292914
13192667
14217074
1753128
4187601
16459258
706270
5545018
1476830
6214104
14540693
8243058
4123657
10006562
16053127
7175496
14087513
10901254
16243205
1270112
12747203
8548740
5952642
1977407
9651232
9354655
2868612
13336689
553770
11388080
12597013
7168596
2546670
5445965
7064781
5426257
8084623
6613492
6422774
8734456
12465908
13571212
1368620
8827253
1934637
11339905
3182899
2689921
4989380
4252290
10394807
1086699
14216471
8307294
12623045
1046425
8442074
12372759
8106013
8318921
1128923
10063451
9582480
4570682
4590820
3811492
14066353
6005067
7970710
11832591
11457366
11089738
13169816
3242509
1787327
11712390
4789600
13824503
11176717
1735779
10044418
1488250
14345752
13511840
5191663
16036477
3909545
1595719
10530406
11379972
1340235
10696611
13026570
3966883
15551548
10279853
2864608
15974515
13579622
2476271
14613819
9395079
11409224
16599039
11880515
8130483
8212619
5555768
8847168
4392833
1610478
15380074
7068518
4274730
4933498
15598830
8995527
9494139
9901795
10035713
13374606
2112751
8937804
9324399
8394758
11696008
14578602
4326621
9355830
12136059
12683075
10438502
7665648
4138372
6590570
5693268
11488108
4793210
9023406
1650250
12750196
15366753
2823093
10622139
2421735
9584497
4162364
11174540
13368722
14029056
3095037
13107061
11811545
4433184
1304103
6232820
12681957
9103892
16098592
5329222
11447430
2002683
5548905
12119524
15087706
1527015
10124968
10831613
14322773
3984956
2264462
14055148
16529979
12910918
13237540
8459167
5283143
11517674
14098792
4284623
12075357
9736010
9884981
7072663
9056014
12860967
13742016
5194192
11988934
2153362
9626821
16522340
1778096
5249100
13151978
7996323
14717592
1660964
8917607
7406502
16409283
7335638
15395317
8223282
12113585
6910596
12116258
7414107
3559171
7677589
1832255
4270893
12809378
10597824
15842301
5503554
15531775
3063925
4873374
2942264
1928699
14993298
7908537
729808
7249686
10571424
1515500
12741676
14038633
14180234
1611002
10508451
8063575
10156128
1743278
11584515
3312547
1445120
11555584
4990803
8895593
15630268
1530539
4776175
8669735
8640007
14746982
305654
11512032
8017823
1848245
8077194
8182915
8635386
11076173
3452770
15235506
5618363
9388483
12817018
2604151
16229392
11848067
10544052
2891075
5760547
13479485
14879738
14580511
4302621
7551644
8539894
1699186
7599995
14020993
10602902
6058257
8780030
15696839
6631667
14360274
14641390
13929115
1651387
13494369
16476101
7236730
7142836
11938689
5824890
8409614
6573386
15596017
13525403
3356481
955109
12119997
10475978
10882182
13251882
10473986
5417377
15787483
14761862
5053034
4780962
7748027
3687806
1995000
6628609
2669451
872440
4855288
12484288
11968996
16091442
4139067
12604899
6030394
2261420
7692421
2371085
15510028
4676412
14553347
11833311
9922746
10717939
14777152
6754981
11921034
3298138
9431359
2922826
6628194
11601271
12462989
3200459
1728552
15266791
4129895
3047537
14580581
3086505
15525169
9066829
662377
2604419
12667882
10789656
9958483
9872794
2978802
8123178
5405930
12538819
10554111
12505464
2437541
15014073
4718422
8371069
1434918
8797075
14624161
7487925
3220094
9265277
10247829
15440893
6952085
10222106
7811609
4247238
7680629
6952366
4321975
7181617
9637872
14913788
15106958
12051669
15659977
4091780
7138179
8875671
2931557
2725778
7709894
13972287
14445348
14767603
3327272
532792
9802333
5272934
9354528
14285902
5935551
8448169
14631537
12393672
8992943
2291385
8506925
466237
7811747
6250909
11361992
2610197
3154417
7043568
15420517
14509005
5875439
7576758
8900281
11060700
5078040
5265475
4829227
12779667
15580370
8608414
7053683
1829544
6327086
9537911
7025234
10344628
5784610
11863413
1388042
8967601
1508437
2652156
10307439
14963229
5962033
9722842
9531149
6374399
9121468
11086310
5757358
11147875
6752293
3471123
4473161
2820529
7477658
3755624
7907520
11265596
3131498
6662605
5038884
3437512
11791000
2465780
13864440
12008882
11733860
7102633
14413614
10552518
548621
4069365
12090529
4070754
7466518
12712147
4456186
2499967
2075412
2898448
11149500
15518280
2750419
11598910
14220566
14973124
8573711
9774724
6823980
4955901
3625273
11491709
7978475
6089724
5849581
2013573
4167562
7441946
7971757
10244851
7504215
2799773
10284650
11936407
3925534
7945591
3179067
13485044
795037
4200725
7042830
4265982
9335783
11609730
12488072
11891216
7507598
11024067
5209161
15302371
4838250
1684137
12550367
8045088
10764852
8421078
4627955
4935064
9610732
805275
14834791
5033363
4412266
16504215
10679750
3579588
4859250
11438419
10549846
7078463
14361782
15699538
13183813
16494172
3218487
9338380
13224780
4762115
2180464
9786525
3862362
16153908
2287114
9183668
1002419
6578170
3982475
3667462
15391604
7115467
14977256
2957254
11917913
12615697
8973351
921562
12206838
8062473
7031295
16185606
1580306
3981120
15889478
4894845
7349238
3836738
5477998
911708
15515895
2363553
2055910
11284938
7128953
15251793
6108821
1067093
12984870
16557883
8800560
12504564
15622616
5694875
7932431
6029623
11393360
4375065
9722757
9088096
16368055
4882814
13206810
1189571
11036150
2677729
924675
8515079
15014060
6835272
13195529
15374130
5050073
10970409
13624529
2871199
1538196
7937823
10973333
7354055
15462252
1919125
4029743
5235672
10297312
6434253
5856046
6925952
12241639
1678267
6074461
4133138
11257828
12886128
15019444
12498091
5453320
10380975
7406739
9631823
6362952
10152541
14435456
11535530
483707
7832378
10387510
15742017
10567834
2693443
14308464
15909069
3224476
6245843
11904196
14878054
4781924
1689478
8759054
8573630
4450713
6805209
4642886
792757
11609674
6348604
530849
8919656
6950788
9805586
9926353
10163996
11196736
956921
4824628
1488026
7383628
912566
6709196
5921639
16550212
2335349
4377458
7063332
8677738
436439
8043524
3092190
1165100
16495835
3641918
15590711
9668334
10737399
2560812
978395
12499151
1416995
2537533
15594653
2746258
11291881
1262612
7206553
1843114
3354258
4599792
10891939
10704809
10622147
9270799
9472763
8157700
11725786
10827838
1505677
10821620
4036289
12863150
16366374
14716238
16193270
10059836
539832
8972150
7100824
9564034
10338748
6313420
1016844
12571572
16212595
13099445
7158790
3212043
11875610
8013130
7656640
12169578
7535935
7013172
912618
2680358
1616792
2658812
9215031
9051278
12877049
13781936
5378018
13410654
6424696
5020485
12409269
3814977
6436406
2639211
13985415
15498827
3601941
6790858
5228952
8992134
4700377
6942826
2859421
1497096
9256650
16207285
6871288
11102273
1445194
3833671
3377681
2076429
14255077
3961864
3446980
5810020
741283
13352785
5453310
4207896
2356389
12545728
715093
10830549
9355798
16121232
13773652
12157690
1977609
13711679
16488038
4089117
6776406
7512064
6047536
10897696
729117
13287144
10925519
15262930
10448156
11368127
4528659
6267271
9149874
11795781
4469353
5379078
8419314
10001545
16380537
9340174
4714981
3964720
1926423
10790047
3860207
13491538
4469331
7569831
7259663
779082
10007337
11378359
3705403
10355968
14796368
8336147
6014245
3640527
2344228
9661308
14275638
15109851
13901355
9596841
8421864
1941074
3155542
10971976
3550257
1063233
10289266
8396799
5718053
14487728
12443716
9466695
7104362
9624446
4699424
16082539
15703833
13725948
8280325
16435411
11087892
7430445
2277579
12343266
16149780
2519450
9673321
1053696
2140267
1779513
8371438
6122374
14679595
13870067
10823152
9050015
14126097
11024436
8733750
11471387
2715336
11792513
2955765
3268313
2732811
2763012
1508628
10159174
3330470
12388565
5203165
1216507
2682261
8503516
9501479
15115050
11952610
1656522
9305101
1109589
16517448
9671615
4928421
4256489
11365596
16308371
5841375
11504745
10537714
12567590
10953972
6101893
8056116
16236258
12803590
15777491
14805713
2713026
6239299
11197773
2348313
5659661
12285337
914802
2767789
8351917
15930437
13400228
15162429
2264364
720122
7439618
3198053
5546962
1473387
3471335
15472980
332515
5289967
14290191
886786
2625305
5106078
1606898
15585273
6339662
8726986
16172739
11594446
2635900
8421976
15657808
1954265
5498797
10201334
12717744
8133963
13086455
3419892
11747443
4054660
4533794
5696650
12407606
13399718
15667317
13995447
4592564
12714407
11972810
3304686
8972673
13782070
5967766
10426908
5903677
16066626
8480229
6839958
7343708
15238092
1372279
12227746
10159418
16488510
4947473
2758473
14253920
16063371
10127763
14598461
8686259
9154702
15184162
12564679
5920462
9167865
8362769
15242859
12484069
8186794
15959776
5977796
8914955
4102561
5620389
7224379
11520129
3372117
5143825
14539110
16409885
13445797
12833453
3240054
5084657
4295014
6847660
7487458
10673740
10291670
15654371
6679300
10427857
10810865
3697148
10311119
15813690
10317902
6507613
11425745
14553902
6409374
8361484
15778784
2739604
7780206
1465715
2379518
13180752
6702314
11600928
10117964
6264327
11164992
10815760
9852586
1153423
9047151
2127247
13934744
13076255
2574095
13623506
3528123
12675739
10419411
9817265
2104888
13758156
9265075
11922179
11910553
14107956
1197620
14478842
9353485
15392388
7065116
3251442
14914632
12274523
2786786
14878738
3442869
5735008
12241131
7151836
9639617
13949366
6018751
6675142
13231106
13147684
14475385
10544693
15842553
12678024
879682
641182
1214739
11116969
948221
8537550
8898487
11272950
13733741
5460522
8033923
5603337
13345311
10351144
10273147
12691584
15451181
3448579
5767140
12500739
4538217
11280705
10708738
665907
14290929
5625899
1524532
1131518
9423577
16304262
5691459
2207609
11129674
6883035
7477760
5644221
16402903
1470173
8385485
8071489
6467093
14234878
1683154
1768001
1526886
5542893
9268713
8530354
14881380
15776645
10032777
4676265
11501174
402532
4227557
11768806
4992834
12645535
5837579
3684430
7346725
14918968
3625158
10196931
14121175
13457739
8325674
7405638
5937818
4596269
14535982
12803119
12963376
14672391
5003250
9681005
3347996
7186016
12978716
11606538
4387953
5154750
16325342
10253215
8495678
13615493
5860185
2076425
12190862
10950346
5915003
2197360
14402111
14123737
13337985
8877869
11863218
2313681
13779854
2231401
1286092
13389698
9682226
8290998
14966219
9828411
3004093
9625544
8043541
2471266
7358665
667129
10631891
2711304
7213133
11767278
15895052
12364446
6114233
11440204
4767631
11110700
13567184
7585437
7521089
5584830
8535903
6387012
1399847
6103711
10310360
9925762
1253079
12545001
4563611
1135180
6396646
5798507
13150511
11671776
8729716
15210513
3951361
13600117
16396681
5945475
6654327
7510636
13550467
5703544
14536800
8112650
11625250
16061442
11174519
3196453
9619343
11197439
11447666
12640717
8147787
8791700
4131017
9295129
12490770
10869489
3067915
3313423
5438719
1908872
6946093
13267127
3993097
8438144
13894995
13070421
2699476
1374237
15093087
6971762
6021233
8560637
16126871
11470652
3824861
1625181
2869525
3115957
7458336
3559176
10098923
7951786
1972826
16076573
13979699
13624525
4844192
967990
1879116
5751060
9312069
9294996
409912
10932618
15644540
16026197
9508518
6936389
6588592
11308955
1299011
14330044
10088602
8612510
1525957
7451285
5865654
10604557
7270792
7892472
12029559
13600680
4834073
7511185
3627021
15723470
417103
527564
2082047
5615503
5897602
7544710
6268603
7638590
9943440
11383062
4033671
3770315
11541237
9821052
16336662
6530706
5613121
15487277
14304719
3874571
7358728
11851016
15843487
1525354
3425786
8838042
8719478
11048451
1912422
8996594
9893370
9324013
2937928
8621388
2947505
4020658
14026881
2996251
12684978
12267433
16357231
9145295
15616565
5406459
12138231
13924711
898564
2958468
11330790
4667027
10063456
11313799
5476423
5643428
10977868
13897436
6516551
9796559
8674623
8783410
3067920
10146210
2221539
12782860
5561834
6930404
14982248
8010140
306899
13260061
5807783
2656619
11539422
12444708
9221862
6547180
1942059
8644987
11797082
6749471
11457556
8027377
16374296
8121138
13624015
12777200
3633880
12200965
739257
16408804
7128498
5668085
16093191
10379438
8125838
6131089
15116440
6347234
11049911
10396545
6619221
4962594
10691661
5892092
2827841
13685773
10022367
12736944
5284675
13415710
9705554
5857563
12880957
3110672
12176614
14863718
10284843
7919109
805383
1679931
14549769
4090845
14464771
12006037
4012691
16426369
882955
1532160
12642597
8302626
9611610
14857599
11565705
4248517
11017817
8376897
15114432
16176252
16493631
4312283
10714410
7720482
7252718
10326722
15596582
735853
14872992
14997930
5163461
11711509
10284933
16121036
3989613
4359469
6896066
9038062
15446046
8224872
5933099
3643982
1859199
9810220
2022111
16344705
14295712
7765786
5586425
8815196
11120960
5591604
8808777
2213766
5688351
2016451
4488402
420914
9174234
7220919
7671175
8182200
8330084
1999844
8095894
8677944
11666624
16071753
10391208
15469602
7229962
5941718
6583624
2216122
15915110
10661549
502494
16540193
13416980
10407159
10544965
3876984
14842946
8919044
1509071
6123295
11321993
2538050
10586516
8010595
12531207
12108760
2099281
14220052
11527495
6559937
14734215
12217572
8147279
4365787
5619859
15813630
9015396
11995879
9131418
4370292
1202618
1143711
3518358
3530988
16264824
2001006
4035861
11495992
14760122
5532873
1493771
3893434
9542454
8803644
8518701
14610675
3526956
6144629
4695112
3979646
7336427
10605458
5602627
12524810
6986153
3264210
9675541
15085440
5721294
1039231
10021707
10180058
15035407
12452914
14527856
15475632
6062186
7011303
10551482
5353844
14486230
1699264
792502
15459456
540479
14271278
6179367
8247015
1484598
2046716
8375326
2813083
16512393
1660944
7931014
14347656
12627525
6354100
1332512
4253815
6203198
5255507
16017412
3870978
2248676
11692001
12299952
9845696
741611
10446503
2554380
981646
10566755
7417341
4051421
5376389
617238
1398005
10144686
8268453
10595837
13953668
2628317
10204683
13191531
7573773
2216243
6062386
11473222
16548790
2431081
9656224
6269672
14208849
14708274
13771577
5026893
11184355
2087409
4239196
7293600
14880739
828399
1203753
4299231
1699689
12299391
8299707
15108222
13288248
13038918
8319793
8315321
15098076
2247027
7910000
7369468
10656178
4266935
5815724
2553188
5686838
3810254
1853481
10638108
7835798
3980839
11968364
9369684
8961555
6255453
8462834
15999206
5569280
2807806
10076123
16140444
15631150
4128705
14780538
9339535
7049489
16164704
8982991
10504369
8864241
15247033
6978091
15511325
6239139
13639548
8407216
1741899
15331199
8526043
14281860
1155309
7338109
7765051
15139119
5721768
3741973
9609157
11376208
14014031
14019217
9644772
8471638
1169212
10805139
4775459
13545013
10245957
7713247
452496
5488848
6817411
5641642
9123647
12491901
11552917
12017474
12028596
10017163
2628037
8679740
14822321
1312401
10332308
14499568
1340223
1165352
14937736
6801732
5826056
7797084
8711465
10236333
15916257
10659815
13474284
7520536
3064938
10375248
4186488
14328075
2315219
15013586
5750947
13318912
12699890
5493484
5442033
3296191
15680599
7041658
6291907
6920366
1208019
3133393
2210005
12153407
9874741
6510602
9460854
15812285
15636494
2463537
5308345
10586363
16476744
15955592
16360854
6249244
4062291
10563245
3227267
9730261
2790591
16232665
8036978
2547385
11752171
8146616
1923779
2084452
1883529
3994776
14140997
6482939
7743273
6467883
1110592
10227540
7779881
8998077
10873742
10291015
7053532
7331813
6016965
4393833
9105990
13068888
9752941
3583668
13217215
2394424
4266400
13595365
2865723
9118571
15519113
1012863
2833877
4192350
7631369
1315492
14437501
9722065
5673595
13795085
9823667
2200060
2771165
8465316
5298957
16343920
1174800
13925984
7834411
6696000
9689992
10258829
11480220
8053718
1837861
8605561
2522171
1793854
5577048
3652485
6648549
13715364
13424307
8622132
11480712
16144847
10105203
15191615
14604448
4836003
10837589
2546495
16194915
8188013
5580802
8067053
13090134
10239158
4911633
9875862
15480071
9515978
11101001
6657092
6560138
4043276
6621846
12157171
14684377
13057570
16266329
3581389
7766679
13744766
15852568
16299621
9452940
14584789
6572778
1336620
5632713
11438769
12544861
6374447
11357825
14469838
8591265
16188975
2805910
11034848
3999550
10697673
1574624
11678712
9105538
10349910
16012378
2769901
6159041
5205963
919287
13462702
12391473
7418815
15866100
4524031
1831045
1967531
7530899
11154006
6645901
539734
15963711
6875399
3892470
11021056
11104245
3895200
9185889
2327026
14304258
16228859
6788517
1973332
431612
12713402
4681859
10909713
10855487
9498017
16525778
14638951
2332956
6576780
11929582
15056345
4546413
14572323
4062945
6505513
6910128
10939370
9123083
2707788
9151054
2728213
4771206
9164136
14633901
15647206
4865353
3397407
6344508
16162286
2649479
11079871
2744091
7073285
13133681
15594878
13910651
2942853
8059393
2385939
6095122
13202247
5776301
2295221
933078
5169931
13196727
7763005
15713006
15502885
5179746
4152047
10248209
5141240
8159672
14620542
1473435
12942937
2610594
1864181
14350518
3974734
3967650
5604585
5027478
4348330
1567624
3872110
7132288
16188729
2757876
4744321
7526227
1136102
10949017
896219
4012178
13184310
2023269
569632
11719844
3800844
16110380
10024011
11931679
553048
13666818
1173624
3492534
993218
3845093
3572761
3956182
5234157
12682681
3243717
10220642
13449195
3576623
859048
10670632
11275085
12128205
14353174
12126461
5253460
7953592
3612488
1482234
12725101
3794570
5305959
4631262
2266626
14985293
16218163
1165927
6050155
11950397
14176543
3178068
13960159
3394645
659500
11125929
7251099
9436359
11328306
11152761
4932179
6030077
1054576
8286099
6309670
5821930
11857814
12271653
8178574
15123003
8551779
8641648
6491757
11517021
14972392
11376290
14126923
15474215
6054529
10078606
4232154
8400740
15720161
7805385
8561248
1359298
6900950
586589
732752
13217336
4204026
5694127
14373726
2667347
11933883
1451622
15848444
3127508
8414359
13277750
11109490
10603360
14336654
5921582
2649415
4370586
9376127
11560569
13608144
11915531
10038445
4784969
15357912
5668693
4057245
9456722
13414358
6744534
8872149
11632360
9559009
3948295
13867862
13617207
2510651
6783058
840992
322653
5194259
11776197
10817831
5439462
11642964
2552416
13323129
14884459
6029081
823359
9160526
14684707
16115561
310108
12833931
401687
7432338
5409220
14751685
4897638
15705283
1083533
3319523
10848084
9377116
8468941
2552926
511631
11382530
9142904
13517182
1550216
5403209
1057963
7732881
14017716
2110806
10170619
4541572
3910543
15634239
9156387
3267691
11765476
4703274
9462607
9196907
9476264
11163514
15165178
6025009
6219265
16043028
7165509
12629241
10256988
8496163
12120487
3328429
6017753
13708008
987700
9388978
13376582
15449199
10674456
12214703
12372580
5510982
12188322
6431908
6286621
3415900
12454362
12620709
3674190
3216795
15666717
5109295
12434654
4316469
6688692
14069966
11435369
13401655
11475217
13909109
11191944
6368092
14008899
9186796
4394611
5353500
1255036
5089961
13168018
8846606
3698859
12140789
3142313
10235949
10792115
4960960
923284
3353874
10238181
10303365
1722939
3248473
4739361
1136712
3556121
4187611
11927688
7429590
15247538
13336491
1555249
1906568
10309984
8535734
16357894
4423750
4912928
1163193
2749223
4914839
1827401
6037760
8707926
4803350
3419917
3160758
8954940
12423380
2840326
8654878
6566245
5554880
9682329
8302631
3126304
3766824
1421709
4079221
7387951
5876751
15068290
8113165
7771793
14245689
10082952
1164431
1985166
2840294
4001827
2606074
7772351
9800288
12022257
11337786
9276086
7090013
7438288
1295834
14329368
6918785
1031384
10923001
15468169
7832343
3751581
4750730
1716851
12175673
13848616
6167064
1144630
4144249
14136576
3841994
3317034
302527
5925264
11498941
5850890
13730709
12111986
523214
6007928
15410359
4619362
8806128
13737357
15213163
3696906
6438783
8301091
11111449
14555146
6168850
4709555
6024086
8947198
2924711
16197095
3038973
8405661
915636
9982432
6022751
3125549
14210935
3319021
6430421
12542528
7289415
3302707
10723502
6847423
6351698
7984399
13964153
1430056
10982713
6593332
14765450
2825547
8478638
14986515
1210726
6092098
5982047
12674378
8386779
13850879
12102681
13589917
964478
7332940
3732952
14778120
10211572
12119977
14331724
12803767
16001307
10869627
8114319
5346125
9133837
14357435
2478425
4374604
4935373
7093807
356973
15106313
16485859
14090215
5600639
4152747
14423148
12931878
13854850
1996262
13574862
10116732
2793329
972075
13272211
9452003
12334188
12065357
3233691
12748358
8760402
1894540
12931614
11798712
3672911
14728495
12201421
1787088
10725423
12477334
5740301
5553873
1604053
6185015
11256980
3580479
11442607
12152378
13984064
8895430
9467151
8954297
13304349
11359548
14283251
16339208
12701863
10730270
12944627
5824305
8427897
9236670
7551835
9337062
13321627
14478274
5098957
9153600
13105725
8817570
15413461
11141037
12046762
5490899
11573753
5496122
9913989
863693
7268021
4158720
6806570
9536705
4995913
12138062
9087285
7291590
6036354
6514156
2583449
4370073
10499255
13695216
12088843
9176133
11145286
8125821
14928006
6157710
11929175
11925305
6203479
15181739
8009849
9420130
15778017
8387105
10946890
9169686
15605123
4991062
3443596
8597955
13440049
8859174
11199431
905365
13659337
13445747
8519194
10615455
10544666
8265142
10953450
11078253
4191272
2322954
8779635
1982297
13798288
13388832
11687463
8873051
12544838
1851529
1076454
15160743
7229645
3298899
12260063
1663795
8003113
5462775
1015409
11295386
7479062
9306609
13710736
8512333
9494739
11591767
13100582
1087252
4680198
631657
6702377
390197
12585335
4568315
11994476
12117218
8140300
12176779
11428249
10599163
15143843
4726237
5918392
5916178
16351597
14883545
4612202
13442759
7111288
3530483
15234904
11851877
6172649
10898728
16593894
5712904
10228776
6967074
12273062
11974620
5786706
5029784
2518112
3527912
1109169
10807809
10629474
10050181
12204486
2865364
1625257
13151599
11566800
3139116
5111617
14586543
9420886
13981626
9518881
9624778
9476841
10125662
16212027
10200278
14228277
4208379
4067029
15994792
7557165
12384720
4611036
5010367
554459
6526056
7169360
12291142
8776153
14029783
14007621
1417183
8693031
9421576
7780782
12184312
6096607
8312120
9921141
13624561
1065905
3715488
12553443
7623639
8564274
2069708
1640676
965473
10308871
1724870
3066895
6162969
8173176
4587497
9121274
7378156
2172703
11505126
10292219
9190315
8032123
12712395
8742767
14715363
911581
12117558
12903119
2690232
14079367
3511337
14454812
7755617
13442098
2585879
6568391
4176194
14951849
2539407
6460460
6118222
14571815
2325901
7165325
6175086
6679037
13143363
3753114
4605169
12263905
15895792
4047298
16096033
6570965
12860874
3936379
15474678
6030194
5509858
9502554
1794407
5287548
7309152
10450038
5849198
13699734
768605
10067700
16060688
12565544
10145072
3331155
9664233
12543874
15212692
6482751
3595849
6043281
7177751
1711358
6893792
771525
10773432
10122909
13890760
4072885
14531948
11067235
2562510
8978023
11264309
13126623
16371179
4026115
7429367
889125
5227441
13393249
10326852
7843982
9672455
15837759
14603872
3155421
10663706
1282423
1942652
658049
515905
7564023
2700142
2859940
5325196
3603283
3938310
12335388
13685145
544804
15540019
3792492
1841000
3872084
6725812
2845371
4346410
13545623
4532971
6303302
13068669
13385075
14873741
10056313
4346582
3723280
3540245
12159398
2315618
7528591
13321322
6134642
12128021
5814998
14158992
10130414
13413602
1079368
12132696
11452037
15643684
719559
742674
14277183
7550388
12651423
11173199
8526916
13912657
3226985
2047889
10124699
5551968
5670020
847292
7670371
3385054
7237422
10652844
14888124
8701413
1930842
11470252
7941756
1069416
4005648
5280719
4173899
15996226
16159736
11273996
8602085
3843612
9178023
6379217
9744027
3173650
3175877
9074066
980404
2482022
12453275
13855261
736076
10486294
8576387
2793682
3753913
13789832
631079
1659393
2517457
6751702
5389675
15824261
6280402
4720635
2123754
12305717
13932375
10151159
4098603
11416840
1967872
12573861
8317594
5584374
6422164
8339544
14476986
5155617
11447742
15104728
2523349
7817563
7498711
6162225
2525318
13710583
5085646
7855325
10617930
3826466
2075581
14093541
6844366
5239607
15079055
13939610
426750
13219316
2287584
4908181
13623296
2903539
6705631
7073592
8936823
14979260
1875442
4225295
343698
11996814
1729670
8964528
14391448
11410416
10225139
10003835
16563105
14857242
3293611
14396281
13146713
8468369
2345719
2231694
12332096
1955925
14039971
14012649
15077674
1284047
4794190
10311954
5844246
1472413
13373389
15650438
510586
3942428
6047626
4755236
2873856
1049573
11919704
12781982
7421399
10842498
16162095
14334434
14667121
16162937
10615066
9880570
12714483
795834
12297010
16189599
2851208
16404345
7807054
10737959
14973202
12047152
10873663
1228579
7119054
13103270
504845
6128165
2612417
2579323
9143876
3470325
8819207
1732675
7776163
4036772
11264617
11845649
5829844
15711401
8615669
13083338
5529333
8756476
9345405
3785460
13954580
15689064
5733646
3939737
7433437
3858020
12186404
4284364
6846949
7972709
11557926
7974201
5018018
8365585
11157383
6571912
9209299
10520085
11508647
16584747
2298395
4224508
9217466
5215039
10931842
2669965
8231551
8133929
14953236
15520956
10484497
1790820
8069727
7257529
14942783
1083326
9886383
12705192
11370254
10970718
8044410
12263194
6741281
640016
12804822
6311662
15480609
4209793
4445958
6880529
6006992
9238155
15725689
3819924
4853377
15741317
10605519
7960776
10294110
7987215
10973621
5836320
5169982
13611934
15670426
3741184
6709806
5500260
8716858
5922095
4776932
6802895
15895647
12900483
2253392
11407804
11038268
3451208
14773092
13211766
11316801
12241902
1663123
14220447
5000807
11317944
3806342
14804734
15144886
12477585
14299764
11853733
1617332
15980954
16174056
3117043
3061055
11320560
7060185
9339821
6183075
2784176
13635904
10620763
6815565
2049763
6009218
14615532
15521055
10167060
16015206
5234766
14535944
7110423
5815110
8743094
6535486
13904040
16073259
6365656
1205640
4828991
16544733
6031099
13643981
8188603
2227735
1088262
8331227
12181349
4766622
563186
3297380
1665630
14919039
14238899
6641171
7646931
9452337
2878169
13954239
9973797
4715374
15507634
3355164
14894972
6569289
1428607
15169427
15056049
11101204
12594211
8466996
2037226
2870051
8781406
12556772
2472204
10443314
11676687
16495895
6026692
1241664
7515743
12651738
8459223
2932201
1951550
16317301
920287
13752657
9592972
11837567
2915849
9708198
10561564
7846106
3467574
7990483
10435439
5930871
11177824
1239004
5979806
8914537
14907598
2827545
7621914
5563473
9605670
4385925
15206921
8838390
1137389
7381351
10652410
6921221
5435697
7789205
7196192
9828895
5946051
13392360
12371244
7117510
13523384
6768711
16321604
5726690
11880857
11285749
11557207
2316770
4557059
4063147
5842016
15414569
5294328
12417437
7451342
11648880
6798418
7035030
11500931
10634068
5415121
14069546
6719500
15079646
14649112
9845970
7756076
2855767
15619065
2628346
9930451
8011328
12098269
1809227
6488193
4818016
10824665
14200643
4069867
1107196
3822070
4447323
7169427
8253309
2755849
2541053
13023542
2912871
10898593
8916988
3735105
2717590
9805803
13480653
11608547
7617701
7281143
9936344
3231606
5859976
9907684
11668292
1036499
14664520
12790045
13971179
12585472
14534510
5802705
10608116
8141165
6195077
16561919
12640362
10094712
527411
16477460
14625532
3604875
8810417
11384712
1611258
7393440
16148512
15722155
2735534
7100096
13540905
2270781
5568621
624138
5164764
12865766
14906282
1157703
2014303
6186914
13982778
7987956
2544077
3970599
5384662
10431247
7892258
7086520
6610309
9847652
7198337
14512748
8897681
10092311
12687089
9469655
12217627
3728249
15792445
12182598
12908220
1978496
3704989
10954300
4660829
3066229
11071986
2813103
15434320
4533120
6142307
3396727
3721049
11397328
12635560
15819270
9940997
1146299
904575
1513724
3971798
3219046
1648445
3220923
5273474
2590877
3946280
10775650
11954941
13892887
774740
5235711
2678011
13190900
8192552
728351
15731377
7352930
16127867
3894754
9033498
6999492
2765220
13693363
3196248
4215946
11471603
13821200
11224883
12183378
887753
10331644
10546065
15779769
12106866
710594
9983163
10854382
5328588
4847596
1806223
9890730
6525484
631595
3351632
912009
14864422
6473098
15585364
10551378
13383961
15622203
6557319
919030
786994
8895113
5874618
5643280
5161944
11402309
3352582
15156738
10700259
12358378
13282214
7775651
1402868
726831
13016025
10132305
616160
10544045
2839053
2607425
6519431
13164485
6676279
2850848
7663845
5324057
4757017
4274621
1355092
9044423
8739958
11198419
1697294
2419072
4085575
11604055
1463966
2470305
7029389
5863622
10033468
8938647
7902160
6011370
14502856
7001681
13666889
3672248
2676857
14373601
4232281
10371609
9819549
3738153
6450631
6108320
4106265
2958238
11338323
1422634
11090747
15435592
10646788
11464591
5028067
15043575
7094848
4286166
6419011
10550528
2440810
10769461
16413915
3767643
10638463
11863510
2802778
1236056
4855480
13104910
6838195
1092213
10068794
8347736
1449301
8206602
8480608
12268092
14461782
9485417
15990363
7883286
4715457
8666893
3122331
1640058
5824403
3240479
13836341
6433711
6847653
1482519
9821429
3519157
9475528
4835922
6961098
745927
4550739
14304789
5501875
2050448
7250932
10187391
510130
4663469
15497600
6267520
13052765
11345607
8600937
9059279
15407639
12772174
3168749
9943748
9449836
974729
5684357
10123335
4323143
5747206
11123615
7274597
11378076
15467009
11256939
15704593
8729800
7089714
4970128
5365799
3630723
829131
4780426
14086529
4244879
8280522
7941898
11048342
724514
4326255
1003656
8084425
4856122
14098188
1827500
7502829
3572983
2091548
1286911
1911649
3468580
5325439
7155245
4262135
10053582
12866741
9613634
10213883
10639080
9419809
9472169
3448574
11059790
12447667
9299033
12127418
4421619
11923778
5901946
5668878
10494698
1834114
14978759
9888096
11641058
8367068
14207011
11636659
10770509
11483594
646345
1160048
2330721
3909827
5112853
7321495
3379215
10092909
8060193
15805698
8595590
2745927
9111516
12202733
1655609
6218877
9742540
12193496
3728193
7534667
1407771
9781113
4089440
11927383
14775656
1332629
10445366
15757832
4297269
12454267
14798094
15149919
12634549
14641410
12494035
5007317
6262711
11502606
9110250
2209763
7308746
2150202
10737175
765506
9248264
10671395
5129364
8320847
6150314
15207670
4227726
12038458
2351967
11184140
9951249
11328053
7781310
11706406
1379123
15789878
3604992
4014673
7632064
5323546
9497609
6599398
8444493
4103351
11375207
9396861
838021
15259280
7150084
3795184
7311385
8218529
15529583
11046213
15495685
16582971
15932142
2351982
12405648
5961702
16274524
13534819
6220667
3757126
9251886
2518696
1421914
6822302
10750806
877891
15423538
12030177
10098756
9662838
7946923
8646484
5774042
9129706
9926605
12090578
5734997
11561630
1306263
938426
12092702
3578549
4235426
3007049
4473822
2327885
5099409
2055824
2874162
4835469
7373889
2298176
7407222
4255205
7263463
4515986
13730306
8093440
11544733
8234365
13517808
2206533
8555665
1675368
3809445
12709325
3332221
571541
3884249
424168
11982685
4759459
4191676
6257050
15187465
6638598
698621
11222403
5718195
4145171
12110773
9236954
4305582
13134690
13441416
16243558
7547741
7567764
9934655
9013957
13688556
6468754
7185857
11581229
12477901
5517920
2365517
6398652
14765373
2136369
5902809
8392356
4713659
6139267
13701703
13985687
14611028
4991718
9601167
8010732
8495551
2889661
7753023
5136583
4021103
10511559
9776270
2902663
16163073
16204154
411027
13821595
13748463
11922655
6551495
15757724
9837094
8085960
7599140
16541009
12772943
8043290
6445819
16446527
11039764
5695839
13804472
7134751
9350503
569930
14029076
6064697
4201878
3639042
4703678
16019952
12341254
2987448
1762648
3148486
2494473
5612189
13586476
4475536
16099238
11298828
16555761
6029130
4091240
15931374
13364248
13304022
13936549
13900933
8919482
4708206
14983675
3234260
10619723
14117331
10517462
9520042
15425706
6620639
2143791
15929712
12511703
1956125
12415257
9132594
10498583
15412632
3408039
1607811
2453123
10509094
13192604
5070137
9633635
15966401
5207881
15999500
16550629
16309096
661112
4322697
11246518
1385106
8834125
2596163
4439045
10178775
2803119
7758300
2604838
6804282
5460021
5981187
2682010
2063698
5374178
5447121
1636621
7561574
9909444
10166670
10785254
1447543
2070491
3483116
6335452
9350296
3392444
7538441
14000372
14256714
14107658
6691428
13661090
7880308
9166742
12293933
15379755
16347885
11270804
3965399
2291660
4828789
13313328
1863499
5775620
11854598
11144592
4450374
11937667
2149087
3644153
16564333
13522361
11362640
5690364
8686393
9599496
4520702
14625484
15985404
15776630
14089533
13428276
3680869
2535211
15530879
3214591
11843174
3001461
5731779
10641422
5490546
8375329
7451615
15050586
9435994
12624316
13178935
15474727
14232979
15667856
11214749
12310105
16249391
1313778
1562860
7715355
5053821
1383214
13582140
9398130
4753407
15482702
5476536
6285894
12054745
8109620
15448259
8866047
14927816
2958021
14721015
14788693
12139235
12889702
1938607
15773582
5760046
6626896
3914402
486485
13556463
2891480
10578217
13404221
9340032
2208778
7964175
2766212
2299633
4140290
8100848
12923983
10970339
15029575
8772177
11050174
10659454
10978910
10583460
4439197
5843924
4020980
12829435
12149097
16106733
9605231
4998375
4349710
9689786
2997802
7953702
12242476
5721560
7142470
13232023
2458335
13068948
15204565
5007540
10187679
12890321
7572363
9015984
6892444
7725908
12534125
5940654
6196123
10133112
3277188
13997048
13107038
13822169
11456607
7739109
7557426
2470479
7302300
10904860
15132765
9490195
12259537
9533702
5793780
4758071
12616950
8063985
14693290
6845280
10936295
8747068
6146801
859361
2402733
3896834
3110420
11510440
3808051
13413716
9776568
6848024
8300426
10510573
6897976
12798508
6279649
13860916
14466839
3594521
3335014
4708195
2311672
16437681
1764727
685226
2844813
15200217
2967151
12933410
1103864
4143316
3784483
8327006
8803171
12704805
12032337
8929592
15115741
13053142
6525883
9170953
10058533
4101155
11629319
7477384
9153247
5259887
12403785
13644089
14203876
6835226
9889654
5662785
840719
11113756
14801695
10651405
5160019
3199230
10179131
5649810
3207567
11532384
13657623
9082808
10409110
1962719
1515402
8793615
2519444
8183511
5028408
7444181
13737830
12149118
9112320
12235449
14012426
13780485
6922594
8744600
15595963
13707479
14494938
2406205
4242819
8722185
9224043
6336039
364575
12341189
13984627
3996490
4243144
3491194
12659879
561126
3639283
769027
3601688
13342004
7166236
5994660
3209412
6297089
7590801
11215075
5382436
14238883
4082996
14747935
2475812
8974829
1357471
14847417
12343586
1032637
4690987
12801514
11216951
13672092
2584184
1694097
2842341
5425278
1751167
14356463
14102255
12493722
4394887
15668705
3321131
12905675
5399487
15657430
4419538
10636867
12556922
14894037
8749065
942775
3432081
11284979
9147665
7686347
8561671
3747294
8290624
14923582
13882569
7663089
9254982
14531461
1461911
622437
14592058
6630588
11210375
7590396
12445250
9595945
16154133
522161
13125507
4408136
13618752
10568535
7170621
5676224
10353339
13868106
3058417
11184038
12783130
363632
5482883
8388263
11546797
9855821
6499145
6077701
11304536
14362357
8395028
14400819
2081418
8387852
4012930
13860487
16184885
12422210
9188482
5475349
4146154
13881369
12192997
15392244
12765998
6692705
421943
7484012
6490418
8348927
16093559
5235300
8609367
4111351
8106361
4679802
12839549
15398611
16437182
3114636
12134770
13576400
9264890
9206701
10645353
3572272
8726110
4643246
3654589
5331790
586662
10550962
10202928
1719532
644709
16596412
12187966
8467487
2944444
8872112
965879
8700533
9648572
12274890
7333601
7191739
13277229
9338075
3468911
3906917
919037
3749986
14102583
6960692
15231769
760174
13179301
14876299
14509741
3331612
16099085
5169568
7278350
10986943
10698159
7951307
4118132
11312959
15099497
2402454
11564761
7842495
3335254
9469853
10347501
11382232
2884436
9927339
4959111
13786801
15576077
6818143
7463948
4866852
3410421
7726914
4164590
15818132
12263579
2317866
1395326
16097354
4317641
16319897
9346386
14025867
10634667
1831934
6418935
2049676
5196944
14125876
8421408
3624667
9778389
10454748
6735705
7560556
5858849
10682978
1484341
1703913
15936676
9900513
9085713
16123171
11221698
11484474
9179479
10812293
7738547
14397673
10983337
4544508
12432858
3129876
1937837
8109969
16151630
8817450
7878066
2515736
1394957
14314497
15024354
12168610
16129734
16323568
5745621
2728338
1187441
9819451
3326209
5459948
15439643
16475551
1433782
9131242
13060688
3446458
14455650
2937974
12152221
16046964
5295178
7803990
4879039
14019694
14663525
11347121
8193874
8048021
7910798
8552033
4294464
12549637
12034560
14673671
5647128
3299229
7081869
16129315
10827482
13466436
12292613
10709861
1987440
8760870
11189784
3793440
14901435
7786460
10133088
10926729
5759412
12464597
14465987
7648171
8781728
14789764
3505027
10931349
7114656
9539776
14579880
563792
7453034
1721864
7120781
7154987
7808958
4378360
9754244
14947290
1316147
11719820
8215533
9427120
11605179
16430402
10763932
6564761
15330748
15252661
16498609
11156120
4702017
9493860
7674472
12741275
3559448
5468396
12361873
10679296
6122773
869463
13116649
9590595
4827207
10375009
1764397
10233442
12208845
13707638
13310290
16526536
3026156
2798594
2947008
9189096
12560465
6077615
13431905
16274539
7231345
4618507
12311043
6993439
1403318
15586508
10659618
9422689
12806803
7382558
16253643
12143496
5099819
16189463
13689423
6505938
3865367
6617158
15742542
13540882
6629822
6203497
14699019
3663295
10243818
6586252
13566397
6226679
3236068
984747
14667491
14748957
2992275
6785995
8541414
15285994
5244579
902809
9965389
13122458
12095012
7697624
5576326
7473455
7373080
15043307
2844499
11576669
12628037
8988167
15619261
14120854
10086763
13204581
5214779
3799174
16285415
7776929
7913781
4845377
6593666
12640960
9510304
6210651
1163661
1912539
10734314
3803783
15967224
8607482
769148
11767370
5825159
13651016
8674039
5271881
15547011
3010190
8698690
9710812
7899278
1994936
16118941
10352936
3194173
9327440
1760390
13294423
9329548
11587070
7451699
3408861
4728978
12450768
12333816
8289715
1598407
7752095
6168635
9594079
8835242
11101398
11620500
9325208
6861077
5604388
308351
6098238
8084983
13108571
7665836
14986649
12679771
4065652
16154633
5462449
6757379
5339015
15466944
2563310
7573353
8885209
9368196
10245119
13235557
13553347
12187608
13969791
8490705
3224380
1040722
9046288
15471764
5743434
16107374
8227946
8721890
11850413
13309444
12390687
16479038
5434280
5583489
3584947
7476174
662465
1815473
12189066
1444791
2220949
1451298
7554323
4950477
4110718
7361211
7636975
1367645
3959448
3824713
15299105
12803298
11041679
10299644
16094674
5327147
7607082
3441834
8035641
13474475
2307102
9326717
509084
16510868
1675605
624043
8110833
9568226
11198552
4146848
9159308
4640131
9432285
6955693
11378524
5590741
7933769
2897787
4297663
2601998
4790812
1841513
4766013
10786345
4519633
1937831
12979583
10244012
12396153
7298862
16344984
737462
4089642
12196701
1618099
4675792
15071909
9576533
4895816
6587396
6489240
1790201
3641845
3371010
6148451
14133834
1387032
9149981
10780009
15105811
5691464
8878655
9080399
3855067
9551262
10433145
12643634
16143190
2541225
3128379
14794937
8983729
14191980
8497445
4361013
13936697
2686416
9931131
14272294
12611176
13901936
7298523
15271039
11895469
8018301
2146642
6516122
5600214
13139676
14285708
16055979
8939592
14891810
10335348
13935345
9423450
6570935
8024909
4531715
11897526
10461424
2364764
10307510
16236231
10881940
8452324
9449309
2390027
8687536
3098630
14549863
5393629
2684428
8531458
5917534
3585577
5469149
6602191
6317989
4379914
5787914
13927630
4085200
9940553
13534095
9974467
15841735
7882277
3012321
14727074
8796078
4277574
7534714
12887375
4302767
8021926
12789907
13996686
2392878
11617018
11195052
6835191
14214418
9206908
887098
12191599
6788948
9964868
3877541
2583348
1668330
6633515
3567501
1850078
4291833
15154063
7372724
11441396
15930688
9433435
5859702
16242236
1511520
5349668
13327863
15804616
9424201
2479208
11921303
9953035
5638612
3058624
8490724
7923403
16398731
14028154
7854446
6553056
1670507
15379820
5551249
3180339
13757305
7456997
8468285
8329659
4002400
3276527
3097198
4652869
4541420
15299583
5589638
3590335
553047
10107653
14249678
8793465
14190960
7314400
7433500
9432166
4902713
8510063
12019252
8096121
12250323
7071241
9258655
8317059
5861408
16183303
12224271
5333707
1842733
8051575
10935272
10821683
4119518
1394685
7560742
13112978
7051242
9561953
2208376
16228162
15703688
8569982
11455028
9600521
3183246
15848300
14953946
16493083
10904147
3876825
3580815
7021876
15176068
4052951
4938815
13866730
6781626
13972398
2681624
8080081
8048852
7949001
3045575
5208528
10453401
14141350
14476814
1238532
9224066
11173479
3547639
8749275
13636000
4967124
3822635
13821494
7893055
1561781
2107063
8196926
12595230
3396897
13501452
12499307
9744592
10864895
16072802
15785312
7045243
15468600
8826214
15164211
4383679
11943615
12896965
7856878
10442646
10149859
7130590
10640089
7903007
5494108
10387306
16279401
4371500
8086954
13136400
9611468
6910339
14871756
4014943
11050167
3715331
4567875
10958166
12022638
1881170
4895380
12434802
8954412
8330752
3641842
16461138
2731050
6795069
2245202
3928642
11832301
8431166
3667265
13779052
4891113
12130103
3179461
10497270
4680232
15765742
11688958
7755870
7660616
14085150
2833196
2585960
5481718
2703126
6822331
10429543
5426055
13317167
10895042
11617084
13849287
5600957
778666
6581126
8616153
1465900
15023313
3705127
9976519
13022976
4087353
16173437
12313554
12610691
8824459
8456501
12797773
8174467
1234581
9458030
3068332
10725583
2431408
15812139
10475068
10818805
2391905
3867788
9676526
16495497
3508964
4402436
9552607
5338747
1812546
5416116
6573419
11923382
5640270
12181327
10587608
7495249
13229395
15937058
4714410
15468096
16469826
5749233
9796173
6296090
6021909
7485947
8517652
1095307
6352697
6825342
6614769
3720005
2126423
660281
635119
8389028
6745611
3621371
9537352
5151033
2834171
10087865
15867613
8916329
9129986
8323512
10722410
14517333
11241768
1868640
9197847
9911395
4126587
13792035
11984358
6561071
1572304
6036676
16166150
6639613
5664874
4057652
10113988
11689167
6800987
9299328
524082
14460638
7077536
7900325
12049813
16176358
2666730
6185273
6305981
5861105
6610137
4736989
6794991
8370181
1703352
4216503
8197010
9525580
9181278
8234235
16250055
9679358
4675690
9971676
12298264
7548690
3918742
6109945
15221734
12138813
14564300
6152070
2050777
10159618
10408704
8999039
6623627
10113361
8749690
7410945
6974332
11847427
11675212
9025279
444215
14736120
7079366
11108264
1761934
11434973
2654194
2625539
3546297
12841317
2306532
6979460
6303070
1200046
8804217
1163113
7415512
2581373
12290816
5141944
4869223
4774438
11024241
15940900
12600349
4752638
14861130
6965235
5423131
10459125
4714047
10161916
4325907
8550559
10442250
5539078
4826448
3383049
15758909
883796
7060277
4366625
11688266
14989126
6451528
4336473
1252824
5478020
10024046
5912961
3017340
4829562
12294352
12547385
8113297
7198185
4768383
10224226
8446037
14249216
11055464
8176622
8828713
12621375
4816264
1375187
10460819
2404587
10636908
10210719
5457217
14164512
5278680
16541084
9275657
3838542
4092042
5497572
15464880
9877389
6472058
4097542
15125746
4155672
6324942
9268221
6890961
9372668
1982065
14957964
9592293
6644428
10744999
15424594
4817160
10542056
2409961
13385782
5143349
10647878
1052826
828401
15515811
989678
4197742
12778609
15021099
12175342
4162644
9824121
7738894
14724069
6840488
5082308
15353275
10485862
9197618
9602841
12603517
9998297
9471508
7689272
11899231
9005935
605678
14331538
7147986
9725357
3066247
5767110
12585663
5218833
4510335
5841824
15564791
15639262
5850198
12437207
13377701
12799361
2587708
13926002
3568015
5620618
6456433
7188251
12964453
2456952
13904885
3787401
11295261
9550216
14116209
12045029
10940264
872580
11087175
15339429
4218014
12435134
5558638
8123451
14641001
15659985
5098773
4799160
16354847
6545145
6380320
4044258
6454854
4870931
16481610
5840609
11545544
15779115
1523899
6150278
318746
10024210
14325998
13068622
14868273
8456050
1718757
7199605
14337793
4596336
13518726
8692091
7186709
12706653
4127346
15429356
4911497
7089320
3620645
5264190
3822069
1989608
5108879
6173701
10376736
2274993
5411960
14018013
13257982
15303887
14311959
9390960
6535299
1570141
3476897
12633412
12319009
1427190
573922
11193208
11469512
4449153
9851213
3193386
3762686
10145070
732899
4803696
5846392
8437257
14435949
3665770
997862
10439167
10653833
11976721
3875902
5385153
5065250
12837642
733614
1373961
7642941
5703290
1572594
15786950
6825732
9295303
7783449
1233472
10280735
15729641
6127541
540038
3665536
14997330
794378
10319312
13752426
16414647
13900245
11502591
7407834
16450035
5537505
9605634
1275135
10757692
9882129
687505
10673637
1728684
702322
16583033
1583471
14940611
5997812
450708
8966215
9137302
13322976
13973799
14455990
4229343
9167816
7432937
10414049
8522456
1269071
11352992
8100441
4452105
4966719
1298784
4599906
12420707
1786883
10005917
11530253
5585334
5141215
12592597
11783960
11183029
3486892
16374531
7069827
1146195
16074873
7023170
16306571
15863820
3862086
12220160
9250755
14869321
7442281
13974077
4523684
5354857
4561994
12677607
11661389
6217297
7775627
1936076
9318727
14273149
2634516
14366534
9152485
9266910
4038495
10971240
10403667
2276609
1654068
3053825
9552984
13332014
11566724
13957211
16436221
9128069
8096094
1047814
2325705
11714921
801373
13705829
8242404
8902706
1038790
3298353
7947651
1088455
4066697
5867259
12021699
11610559
8733989
1843816
2858790
7790464
1999770
3673214
15971203
7862372
5030185
2645891
1677472
4040827
3953573
11702154
12065470
11670432
3029175
7231593
1756806
11577914
15486893
3462700
7112798
4344588
3997074
14390320
15993150
3751781
619157
12278873
4448133
10158057
2246705
1869579
2779867
14935901
5687073
12471519
14311749
14398822
788590
7046574
9361353
9566854
10768994
7400808
12540308
10893467
2746086
9613515
9347299
3312176
1437984
16554073
13864477
9850926
11137287
1300560
717299
6855090
11406697
10381856
6792542
12621715
6597362
7895634
10015620
4973954
8688402
14057999
5302862
4067237
7260912
1313193
5722558
9995575
15399841
10205335
3418140
10979993
14606149
4832820
11818516
15407769
14199316
4453850
6368349
10630433
12493819
3602471
8915599
9790515
5548601
9963029
1560975
5036467
9460262
7584561
16346221
460067
3372959
9004203
10429123
963774
14466403
10860865
13325279
11967211
6737932
2223882
16029265
5082204
10415043
3190459
14560967
6463868
9690029
12886076
15633822
1781373
10965776
12231976
2016093
10401030
9714762
6090731
15969665
3939402
8424789
9210476
10208098
5172200
7571351
561636
4993701
14104297
562428
11270115
16536198
10636241
3199799
3256688
3785247
12966948
8797344
9399023
6453824
15788980
6672389
11190245
14595161
9269583
9233642
10835065
4260071
14147896
11106737
14167243
15113280
10604900
12232295
5173713
5281349
9962429
7488440
9315891
16295328
12392359
9868971
10946714
1644031
1932012
3627456
3585637
3577076
806879
2395148
4755065
856974
9110450
12429621
1612354
9188156
11717830
11487025
6440726
3933224
14108851
4804039
2200305
14967626
8660198
12124752
9507814
707002
7697960
10924743
3849156
3452544
400992
11023225
7166371
4282741
4291251
1640531
1705534
6152624
7720992
1445361
11010306
9291183
9673772
9694247
7005858
12422873
14587432
7402444
10828731
1721360
3651087
9625831
15376078
12492851
15863915
4170029
8117732
5153740
4160318
4216670
12699252
13021744
8143942
4497949
10192595
13291226
2928550
12770263
8992561
16578002
11012221
13851498
13555877
3593557
13769447
8751379
1367644
10725634
9655307
2683971
5451725
852433
3511941
6942939
10870177
10926551
439885
6581631
15125651
14478906
9010130
4515696
9695176
13619063
13476701
8087224
6970984
12104137
7844289
14019541
6964303
9029909
6048849
8398998
15389587
2488475
5888725
3222264
8622666
15345617
8166183
16129158
7843378
15753491
5218063
10975754
12262527
3927464
11801355
8965856
3232476
8131814
1966547
10795662
14305938
15557263
4936891
6819169
9257454
7912795
6159650
1821319
11167376
15543679
630785
5106310
3868116
16470161
11658588
5291453
1593827
8612842
1750509
13446091
2882979
16026598
1247367
12948667
2648526
9227248
10930091
8388227
5830915
6127557
5564235
12519847
12201580
6291862
14581895
12255282
13093789
8420499
15761799
14652415
4078061
9911661
15768276
1542269
10490991
10148188
8191869
4415846
891753
15116419
1814545
3754606
2812065
6316132
10028686
11842495
2846716
2916954
4604425
13452865
7616617
7474159
13613380
7320338
10078372
10659891
364475
10465420
4582553
1017127
3947520
4084261
6639121
13695102
12693831
4483484
1689039
14303366
5385875
7503025
7935525
15963288
5182552
4374703
11692748
12096680
1094579
7179745
12792566
6916433
8766818
1947666
6012252
6240846
14381246
1584738
8960900
8608031
6678881
11607715
8630190
10431865
8960174
1336664
12445343
5763857
3171041
10255770
2235003
14012346
8490094
16478366
4392512
4589084
4211177
10628017
10817856
14395970
7258380
5589349
12065438
8504049
4470269
5789615
13765289
1077894
11371210
12929459
12390169
14007432
4720774
5296643
6265794
11031321
3488602
12049736
12020792
4422113
11411310
14331531
10844949
9968990
4003859
9930616
10026151
3769024
3904944
2889952
5603782
10520671
15745791
11617218
12022848
6535494
1395670
10571802
13079463
12941276
11343640
5781887
7915025
10494475
9688948
16283365
13235361
2764432
5204843
10924391
12297791
4695350
4609425
7044285
7403899
6398035
14212144
15597208
15181866
7708657
5757700
12882932
15929725
3302299
12970259
11777673
15587698
10419065
12537731
1796761
2044344
14459014
9995506
4097481
13790306
8450485
6455025
13890023
2812922
13554626
8982729
1285540
8438941
6450385
1339806
12578636
514284
4745342
1120050
1054388
13872502
8870004
13460084
9417151
6348235
11690601
16558203
9318478
1121171
6811980
8441075
11842993
3257278
12395324
12693295
8785786
3385416
14086356
10863267
7269465
6796203
10767793
16043764
12144691
5186521
10994086
815568
3267636
6284962
15062119
9463432
3147751
7877456
11025914
8625467
3521439
1192311
3730420
434752
10569353
7054604
13951358
5336839
12326677
16202244
14050590
14610967
15026196
14829739
4585200
8432357
3248869
5265651
13496331
15220888
5509613
492670
3163879
7135348
7525331
5036550
10772700
9322304
935290
5106006
1571944
5106405
15293282
2303766
8782252
2124553
7720940
2795398
6789854
8111688
5202746
11924151
10087882
6667690
7370762
2921556
10530298
14373939
1604247
8768251
12102778
8352186
3604321
15550513
12552330
3601746
12526180
1126655
9316189
2273712
8457385
14574999
2482970
16134302
8827018
3759461
7982234
12305787
502155
9594399
14113676
11801142
1070342
13718814
8077157
15764627
12664186
8327232
15200985
14948910
5486834
11574339
7626261
14408303
15156961
5186782
13085612
4141385
7005293
10311638
12026767
14427471
5737580
5711759
11538524
8214556
8752154
10535462
9556582
9616414
7472945
7382440
5687896
11780591
14869257
12958766
9505525
10540168
13476170
7138792
10503948
10975816
15739454
889009
2845510
16420112
7472254
10968600
9968586
14403365
16447161
5957018
788144
3314220
13482242
5927426
1031381
10052951
13083034
10982228
14741964
10085468
12292705
1406195
15079333
6265359
11693367
2891633
8797114
7842628
650288
5354498
4175904
2078735
10157937
15571903
3391519
6817023
10435553
11716417
7530558
14498176
5303673
11381300
552558
11280211
4342586
10200193
13946237
1477158
15987034
5078053
11932562
11376741
15604198
3314797
4464632
7310253
9985083
1320478
4788570
3139026
4876418
15932258
6098196
6158314
12543010
7195536
10193815
11822558
4366385
1348911
15694896
8492504
6047533
11459728
2611327
14931554
11497947
1362481
6554858
12770779
7167294
5105746
2337129
2456710
4692397
2778949
4282721
11798990
8984127
780518
15814486
5694801
11074662
12906741
3930646
6763880
14103576
3131593
4647908
8980386
7961924
14534321
13827719
644716
15135118
6197840
1757290
4495670
15792219
11383003
10991503
15048364
2151663
965974
12500608
16381409
1126324
6026199
14608521
6058072
3836864
12862149
10886524
5743743
15587940
10534244
4652639
3083443
309338
9748963
12892446
12006299
799580
6867284
612674
12477820
14123472
13845434
10926674
8374072
1908094
9685259
3937955
1214229
14700437
5521644
5231652
945632
14560658
9055232
10019842
6828173
614020
12279856
5539876
657066
10429194
3406784
8762637
7185788
2718556
4169335
4462791
7219721
5480992
16457050
9252389
13011528
5540037
15791740
15102739
16147071
2715863
5123440
9051022
10647934
6595596
4801876
12308642
11777985
4421277
5076704
4433297
3925722
13869728
4479648
9411220
3318320
14770526
10024106
14775856
15193351
779091
4663949
14174723
15021239
1915358
2004351
3002971
7672085
3543081
12020795
2025192
4047612
10582267
14625144
3642451
1143407
6952460
11507273
13800845
9524882
7019580
3677419
740659
2052896
7813254
11468830
532117
12320768
3289023
9192125
4198452
15433933
14450000
5259911
11108182
8272317
6045386
8585625
2857074
7366782
1026154
14943972
9340432
4618707
12798405
486735
4114657
13693642
14644199
7224292
15604580
1322901
13792882
14795992
9405240
3689276
7178140
2004539
5493183
7525389
12239245
13987466
12455364
10563868
8116892
14699014
3671357
8036009
15794975
8117276
6911366
15516962
11808936
15317408
10386501
8480994
2989186
3444841
8443511
10563756
15807165
6776519
14013905
4866693
8618373
7791208
9641410
9471171
9347549
3145115
12577023
16597940
5931186
2714829
13715349
5716042
842370
2858480
16009802
8037895
11092940
2436895
6114924
6141236
13802908
11168703
3750891
1899673
9233585
13879503
1016945
9784489
10396609
7442959
1345866
5827979
3646733
11825592
12290376
14722363
16245640
6380722
15608707
16339833
9225150
11643718
14701911
9213969
7024200
15500100
9480099
1260258
13318242
16320440
14420696
13351621
15832560
6493160
7423553
15880217
15847673
11815436
3170728
15340035
1199689
10831469
3403062
8562089
8695769
8263887
11964717
4036687
12271345
13632990
7049746
3425925
13961303
15377563
10423302
13469586
12361338
16354205
14316981
10391206
6248825
4697282
15998852
2168542
11906345
4084453
13418678
15475566
7671683
9652127
10604294
4429939
10374840
12409816
5113795
9762163
2387200
3900845
14934134
9056903
14190363
472402
5471748
13329503
2598146
4873756
14490896
9751822
9436316
5609388
9621017
14335606
5313199
14615048
3920893
6912238
3431314
15181227
600934
9211601
1113721
12271103
1608290
7066803
15021734
12938553
14644662
13902533
8581165
747915
10494170
1578512
6708065
6082079
699847
13659259
14975623
11883622
6097759
3328541
15869801
6897747
10170617
13699400
13886178
3249792
10779498
848176
6166296
9100375
16567901
13171870
13327007
833495
3466099
9769897
8446355
1426965
2060542
6804880
13397482
4283700
6247091
10625739
8627725
3057501
14901650
12944150
2143833
9438792
16188618
15443973
3959983
441541
5112107
6513754
3954008
5679150
7416210
16401057
5385869
15490946
6999639
5491146
14518689
11593881
775017
15681633
7181035
3593220
11474276
8221401
10508383
7727479
10745311
4585146
8853281
13311654
9183389
6633987
8917640
1191244
9556703
4405589
5244280
10986614
11360226
8142607
16040039
9666869
9493209
5331358
6064521
13452457
1811163
3867433
7513503
7571546
1461648
4905071
860479
9831250
12568249
4660236
950414
16273711
1347813
4035572
14880898
9172408
5770940
13053294
13164702
6478252
15826140
9176556
9982112
4087992
14818079
6632605
13752614
11169715
7349414
12662649
6447784
10773530
2782484
11670041
15491215
9397972
11191247
10022231
9322665
5262900
8722630
3460390
1121194
7474173
5598935
11261266
10532706
7629868
1920056
1292972
4558040
780765
9583433
376323
11531136
5688356
10866202
10062408
4272597
15416348
1141774
4484390
6720726
1176554
6174199
2015072
1307099
5343225
10000134
14465450
5339617
3035489
5276108
4331229
15869607
6747453
1677113
3704968
537002
14021276
346523
4767566
3738716
13181794
11404180
4473710
7260053
5474835
15890408
11315189
13096617
5051286
3910508
12429665
8826458
2281463
1303916
6289536
4173865
3546190
9773762
7926758
14413754
3100649
8939668
9482120
7664962
3205447
6084250
7283043
9499898
9925270
5989016
1988289
3343008
12183576
13822950
12175162
14766410
5019530
5756155
3289239
11044098
16564821
9555851
13412432
2579946
3201200
3138623
2882923
9480910
487933
16571669
15763473
15168227
13753315
14168996
14509424
7561809
322708
6495013
11180222
16380791
8849959
1013343
9731766
10744763
5590413
3216991
15067948
6089115
6011062
11963535
13637940
13161988
1939628
11838505
6577012
5594337
10011211
6346414
10307924
9745820
5297380
6518849
10209730
9100253
11548324
7488069
5137200
6357732
11140064
14652472
12549551
8739692
6471900
10642105
10656011
6458170
14615550
15530627
12219623
15749896
2886700
3303731
4426726
10800288
16240218
13691822
11603299
10709365
12693447
14196074
5950910
3884230
738852
11200125
2652851
5935952
6555660
12439762
2303446
11473838
3243537
3152659
7468810
14994537
3942826
14833847
12474822
10520941
10793333
10499488
2496137
4164788
5505771
9971095
12518141
4802788
11523424
3535527
13233698
10823505
6857957
2616642
12047428
9323044
5111105
2425895
5814868
1023046
2554615
5038948
8926928
16527340
4015320
13950369
6753533
3662493
8742900
7537550
9449938
5106408
15939001
11325321
2607689
8905712
5925831
9343401
16146200
5864701
10827759
7486252
10648448
8836262
15324052
3325612
4351702
13820267
13479148
16112174
7294983
14932298
2196117
9739193
10319157
15588838
10951922
7519977
6486911
13531103
2907252
8795610
7423455
4779315
2844604
13794863
2120539
3476928
12090343
12153610
3634949
7483378
7350595
15483441
5085592
7941321
6444165
8917664
8731837
1211517
1731381
6849230
7609347
12749637
3489312
1536745
16405278
2378200
10838388
2587097
13282276
13176511
6877262
15773264
5242134
571482
5187738
1498480
9226385
16062069
14412163
10094051
5414879
1988195
1735363
2284378
839688
6750248
11017243
9220301
14892056
6770348
7553220
4415000
2622356
14030787
2488606
12718299
7127984
12570067
3539933
15041858
7526476
16371701
5146498
13970805
15012593
8575449
6878584
3062410
1781826
16194797
13477156
15388933
8747248
4319866
5971213
8001865
12267402
3056981
4289012
5123116
10801592
5899708
1893046
4914371
13065623
8466142
13473703
10181441
15353447
12004738
6758927
7819427
7155711
6692474
14170521
9472242
5524013
8046324
8621416
4303819
15930260
8388441
8631749
9970695
10928370
5867494
1388567
2536060
3380836
12885303
6748642
9140526
4685757
15623578
1615546
9173339
1772068
3883240
1900292
4779090
12543977
3687958
8526268
2415927
10009379
10082992
2706000
13633908
16483853
8321249
9161963
10611546
10527294
5468101
16486571
2894485
12150656
8719785
3501440
5729540
7822019
11832653
5928777
13711969
8616375
6907961
13742355
3774398
1200774
5918952
6707750
2187838
7896015
3822820
8121588
14049499
1530692
2414623
14763556
5143617
11841973
8162380
6875871
833954
8404904
10844392
8460769
9125869
6030158
1085565
640998
13439454
1053896
6274769
2255948
8640980
7817791
13460371
16397807
2529515
6987572
4922430
16398296
582021
15249325
5170913
12978477
14250483
13128092
10662553
10585922
3506828
10427115
2277874
6760225
15550641
10172125
10839814
16108009
8978479
1292173
7063905
5929205
15480234
8655195
10003206
10778023
939094
8883743
6538274
3567438
10139230
8014692
10314987
5878725
11231357
8506900
1383769
13416949
5502182
11459016
11365248
11576548
443457
4040457
14568570
8604554
7392720
2801931
12037009
4355680
3235117
3701575
10911850
565622
12484614
12168433
1362291
9544969
6701350
13557902
14656312
4954556
9996336
3489852
13353369
14404435
1344581
10551267
8620719
15081543
16102636
5624391
13969868
2986277
15966081
12569122
3823189
15651950
13000070
592557
4843527
3631585
6099335
574859
1497863
14047987
3604020
13219639
4006232
1810209
3536408
15306695
10560923
3351580
10800658
12111330
15815249
7033679
9964598
14105897
5521181
10651583
6537236
5986738
9951557
6667956
6486333
2160336
13942816
1789213
10088570
8398506
13663160
6256084
13314589
8954479
8722696
16043105
8278691
4235927
10262864
9276259
2633778
4067538
4076489
11401244
13626854
9599025
2094111
2634964
9896707
8951725
16423441
3412843
515002
2275418
729860
12137837
15266835
12244419
9704148
1357282
13487517
7151805
10680108
8832819
14924002
2785315
1609573
9899052
1824433
2749778
5640876
3314916
9469364
8303648
9869680
3116927
671543
12301136
5335860
4870187
14212719
15112117
8653832
4620792
14932140
11817974
1777032
13920194
9184287
15467015
606830
16520018
16504874
7974507
13321184
13499919
5109626
509902
15609977
2449158
16428155
3500474
16385271
8239139
15203061
353690
16065058
13266806
3237078
865181
15498196
4475086
4969922
15952676
7552827
10935086
12232946
16005329
3819112
12401832
13547592
8394559
10151226
7022731
5043624
9969072
7113330
3432658
11967893
5641261
9933042
746303
8029027
6767379
14759363
8770866
10954653
16253572
4704050
8632692
2662021
15007070
3450453
11388472
6282487
9500694
8338621
1533067
1240932
2838293
4768582
4868582
1678517
7756261
6452400
14299022
7227873
14523552
681396
3722824
2347666
1006866
2957582
14698618
10726008
15841440
6989542
2642195
9920022
12115664
9351901
12754685
2053360
10091615
10662724
4981446
9447878
11600872
11474001
9762503
15384800
15663367
6771635
11307025
16413537
13720729
8678034
6158032
9182315
16189532
7442946
16594069
5288036
7693380
11504174
3088657
2804193
4277136
9528230
11339025
14076619
8726832
16545316
6993973
4612418
3742218
4847760
643057
9838006
13963370
847170
8252661
7921851
1657669
11517238
14579680
10878019
13296830
4101433
1002333
2776028
4735799
16461100
7829824
7963867
1491960
13738357
14766647
9623220
16379962
3607183
9388937
15091242
1998528
14009246
14010348
15025897
2652562
11715350
15443449
12195565
9271918
5944296
13477251
5320399
7565293
1138744
2848282
5844925
12618675
13336466
8359844
6361009
5829467
15303274
10260851
11819712
1320122
10400410
9774943
13334812
7393149
8106005
12801350
10703962
13998634
7575105
6716715
4281340
13132301
2720017
8537054
1804005
9515194
9988742
5980229
14344970
16593737
6438096
2811410
6584793
9786923
12430431
8402789
15871403
13273849
13235536
14682434
12772386
5199764
9762779
11070885
1505780
16322731
12584963
13506350
16256422
16005682
4658043
16544968
15499589
1528573
11829358
1295427
2013561
9957213
9822997
16292994
4354923
8649686
3265006
2413089
15913167
3581523
1629664
15464755
8940181
16095193
11544022
10821640
8989703
15991013
14908718
8981673
6840001
5292310
10996904
4499612
10614204
693560
2993595
9741211
14375267
8435153
14614476
9659764
12159752
3529569
8861609
13027656
966246
9285583
400768
5450662
12382364
9226201
3393250
13214905
3343712
11002675
1057763
983964
6967203
13558497
2606017
9407375
11450744
13739071
11683601
11791755
8550081
16059322
4512245
9401010
14443967
15083808
575900
8685587
13846389
13821699
7408915
4019045
7216870
12035390
6828533
14057176
5044637
2156354
11204698
14579125
3937337
14273643
11667114
6694853
4106447
6274668
349023
9908743
4905462
1270419
6575394
13987014
4486618
2194756
6611109
2913688
933840
8454207
2923348
11462918
1619104
8586922
1379765
6254365
8551286
7828189
304878
834810
7211032
2471162
3040235
4195581
4098978
8150874
15751478
13772517
5050348
11954506
4017876
15817480
4014035
14411095
13914726
4210833
1587421
3318924
3401845
1258559
12114871
14885428
328576
9185831
11731544
9841686
1594696
1741220
15667124
10244435
5446469
13748020
6487043
13946383
11474468
1367944
12091739
5515071
9812285
11423864
16419465
4754494
4804351
3656219
1881957
4721989
12507450
1096015
11790603
7888490
15086800
8503252
2035925
13590770
14990701
585827
11881848
1826495
13464409
1993025
4982954
14459033
3891733
8219440
9428212
2188410
16226283
3708640
7192588
4110801
8186972
12807970
6609179
1369219
13645578
6223418
4981368
9326887
508101
16587219
15611213
15759349
4610416
14257261
11406963
7287762
4636914
2755890
8186327
13670304
15359350
4285277
6366216
6180414
8983356
3907150
13318785
11789534
15944513
4687108
15448364
1499003
672891
3805724
1318749
2976226
15743196
12572508
6608756
14117615
8187915
1475215
10539727
6532660
6552594
8133333
5483817
325079
4613812
5112610
9831720
6369536
604263
14296147
6151342
15006829
10401630
6120330
3781285
13773910
12635615
959918
10668122
10193208
13103567
3469740
1018811
16591954
8342427
11326281
1288130
13740405
10287486
10849899
13212409
12719720
3772455
9920488
15532630
9162046
7028760
3168713
14387697
4694565
6537592
16141875
15084373
10862301
7641015
11408206
5557247
14054241
3171165
4327062
13993771
9063891
3929262
4597474
6754599
16503611
3245474
2650283
6410331
5458706
3246832
10476727
5760098
9832967
2113024
12797700
14717267
15610209
4914384
8571021
4922966
807662
13037587
12249892
4573288
12026524
10500195
13799954
10151688
15188472
6109254
828879
5869690
9937294
13356900
7007003
15851331
2476677
16348094
13289980
11267732
16116456
9998366
6362021
14755544
6429065
7699319
2155777
4340242
1833821
15364467
916801
8776554
1343678
3524263
439089
6291887
7517666
11154482
1197818
4162975
2168652
4559673
11862877
15226187
15052066
7224484
13876424
4401664
10763433
5183085
3140502
12461039
14502040
8266298
8278126
7698607
7436143
15958660
12946603
8572982
15498243
14849994
5722894
13340289
11476208
12282023
7700720
9714944
7941870
13932608
375811
14559513
11493062
10529206
5958804
9621866
15305975
3405618
9425076
12615189
4769235
8435844
14427283
13063075
10487386
7348492
7572887
684950
13745171
15177988
13363264
5183429
9194691
12365525
15163619
2555739
10160821
3107164
2859965
14982371
3288611
3249389
1210166
5628702
7649768
4235887
8651079
14441785
16557323
8991316
16549329
1362660
9336697
12636714
7636019
11791493
7320087
12152651
609681
3350013
9732221
5232776
10094311
843234
9704159
11862633
15685072
11465014
5444339
14781885
15872955
8923316
3729514
7325767
15257191
1610787
4078107
5156440
15409182
13921999
11446312
13879396
11552599
6603473
5034037
2698646
12679934
10357902
9608547
15726237
589576
5736381
7393410
12018326
1204724
2687795
9158275
8913125
7002813
4203023
5837650
10134231
7726369
8465003
14741635
6434688
12377755
2737382
11835522
12500416
1151399
9178141
4509080
7684109
13008934
12065541
15110673
11991672
10716555
3824339
13425829
16302537
2882504
12140084
15303044
13957146
5680924
2965492
14407629
8700880
5629778
7348871
15929362
11917947
11308887
559565
13236068
11423505
5832217
13655144
14896956
13951260
11574560
15581131
951472
14321660
7205858
16018964
1697235
9349239
13655167
15163544
14807297
9067292
16024420
6905095
8004601
1499855
5688040
4789288
8915389
2492156
15546400
2280483
7772763
12124182
967266
8683818
15074219
10218268
7672586
8810325
11877875
1678766
14116467
10015418
13102285
10177547
12066397
13797159
5364991
2813694
1359595
10784401
2773776
5744869
2074658
2871106
10934471
15670710
15782390
2483855
16444542
1929504
1661654
13611072
12451167
7545066
13166002
7805381
12790120
4386243
3441770
2116351
11153510
8120122
9080000
4342856
914809
5281318
12142147
1518740
13239029
10077405
981707
8550278
14870415
16107919
3819304
12766384
10386931
16599225
7864179
1613989
15409369
1137617
10451059
10671017
1366250
6599004
5361166
11690934
14799923
3388041
6181941
9392146
13247027
10970105
4879141
9909605
12760647
12478227
13841350
15211908
13157814
12288332
12527591
13773080
8850744
12817051
1845313
2561087
10658726
16431936
16200292
13065279
8603190
3865430
12192681
13469949
7066224
2537966
11483705
2829048
2176553
6831259
11310344
15829713
1637220
2250094
12483352
7673732
6467864
14647633
10005379
2484333
3431836
4053092
6245063
7169881
982515
1258348
1873770
4294846
8095619
13843648
9014427
10233005
8282279
10978992
7097987
5407109
679785
8455972
6668233
699712
8854668
14452040
11613071
14920776
4513173
6216469
13985972
10521887
12798769
12964845
13989745
3049646
3828052
3089828
1772188
13327991
10637462
8489795
7469122
8634090
8728507
11216090
8983009
11459003
3041162
13814524
1701839
5164732
468492
11528209
6561170
14115453
8365601
11647217
6756302
10350894
3828577
13596975
15498056
8701303
7567966
3554358
13425070
9265138
7784128
6421637
5349875
11407496
2897104
3053013
587431
3516627
1416449
13718795
10200799
12475166
14658461
1354158
2048970
3056688
11202341
2216369
13166031
4490861
5568831
14068945
4154025
12768255
13509493
2006348
5236899
5450783
14752259
14200795
4887927
2431584
3528122
6708658
1986509
12154062
9209671
14863993
14309194
16446265
1128259
13800217
10206176
12442407
598944
7353875
3711033
1285444
11120681
7261951
4113368
16219715
13576712
4824422
5763675
10299515
15765026
16250718
12899178
7468137
1892582
11476064
3500331
13136677
6271713
2116818
12394543
7118419
14180554
1473283
10025163
5087696
8555382
13109423
15271934
10513892
3890672
11643730
11484485
1154505
4934173
7509203
16348562
16210712
13870563
6480356
11163290
1572729
8720302
11380380
7131670
8670746
10708257
3510226
5026939
1340582
15052159
1682128
5769806
3821122
14966508
11563620
8049803
2956610
5102574
16436789
16207623
13808690
13795012
13502163
2031052
15443219
14471084
3834629
7701144
7524977
11412157
16167687
8558288
15433509
12499572
14028549
16306594
1553222
11242486
11185410
10147294
11062061
10177655
11294435
14678564
9245069
9849578
13959945
8536503
12117271
8712411
4275181
10085879
5554167
13171201
569372
10442553
10014421
3974060
620032
4991647
7715800
10068706
11513767
11005575
14110722
13044465
5758288
12718524
4967702
7127306
9576972
9699388
3226790
5636065
6892240
12113809
2411491
7138780
8860437
14279112
8953303
13124191
8138310
2738408
5737154
1243770
4652952
7568525
7916167
3916099
4172925
1913526
11691091
5054929
8872030
16357311
16057429
1939667
10413102
14238047
12751340
12934387
10921857
12012401
7528091
12283646
12773214
6994448
13554919
13131634
15651995
15882536
15088921
1551668
927016
13717964
12663352
8479853
3657683
6180472
3491776
13291466
11028031
1811216
14678396
9559933
16570394
4227428
13495982
16239081
3422995
16135191
7748026
3760799
10657831
15854042
10024711
9166736
15901023
15880576
8137831
12209068
3206149
16364319
4929923
16043538
9264626
1022260
11459126
8096194
14409738
438941
3274119
16351653
548149
889731
2158694
11421174
14543014
13575814
12219368
5143445
5082137
16592857
14180021
8975222
12592921
14542502
2384295
15322720
4635898
13308047
4843166
6306568
2453114
9775111
6203759
9922093
700505
1714535
15607522
15857077
11433746
10883393
3721112
5188582
5207169
16085847
15508117
9357685
7701604
8536394
5581373
15020581
7596003
12560590
6777183
10591188
2008714
2113543
9086477
7039924
12444133
3923550
3012345
12873692
3164066
10846794
6987736
678692
6157238
6686350
6705044
14014262
1270699
9317346
3858064
3265848
2829327
12386331
14506558
9611999
1965037
1025301
7465344
5456758
12969848
7591550
13621670
2845190
15794253
12765530
14649899
7199947
3334835
6603651
5345789
14867227
7163848
10908394
11613005
8990425
11381454
2905638
11827885
10332120
5970053
3396742
11954927
10626779
13288479
3370805
14028299
12797569
14096677
7062234
12651616
14237674
9521630
5617102
10132297
10666378
16102726
15493519
8332815
8314817
11259226
4035986
16251543
1822678
2706320
14615896
4033409
5410078
334048
11894231
13701061
6128206
3874646
1781575
12769816
6173304
6328061
11801195
8414532
7711737
6846243
13292371
3858801
13566124
9155176
7808256
8823557
1113290
3285998
2383254
7366872
12373197
5980506
10686033
4011632
11385201
12033524
15777770
14413520
7619662
5294508
4439229
5665126
7604441
10616001
9256250
929156
9247583
14769556
5548571
6086578
15305936
11535237
5537326
15235801
8546851
4866913
5583958
13058860
4591715
10487489
15570175
10781423
4400170
13632882
2284704
9391618
9026739
13378273
1771629
12838622
1094946
2506398
6354296
12456067
5377076
5775699
13707504
8912344
12892802
10480870
14191615
11038054
3598251
6134887
15023999
6525771
15064293
728053
3587847
16570911
14504773
2242370
13143307
14756719
8424721
1114352
8146068
13021344
8825070
5662571
6220811
1348238
11115620
9197349
2819729
9835785
1296573
6913602
635355
1836039
12297671
10848310
12072550
16449676
14320550
7811034
4178491
11163973
16357261
7771637
2074469
13836069
8493552
1344405
14186459
1827520
578958
9222312
15970669
14822746
7633935
794300
3656660
1932872
13295017
13182708
11494822
15387970
5930164
12125684
14330174
12616025
4259261
8895574
12276029
8876744
2211070
6822845
2707364
15301697
14420356
3348010
11040047
2599824
11017044
2099352
530221
10664576
3419172
14411302
4070214
13934857
11725575
13350481
887886
7456759
