#Seed 1564576735
#index showed the (transformed) postion of the SNP
#SNP index
6027642
3369910
12599047
5437083
12969250
5478230
14280502
10626739
7394112
13173046
9473410
9322471
16529168
15689385
891206
6280726
7354662
11141921
15796856
8254919
11577914
3626617
2019182
13495249
16525038
16130912
5779239
5924392
4784197
457336
6121449
10493065
938426
12403690
2900960
12798727
9854817
14002342
11030894
11021558
13563798
4079183
11075332
12995929
3152700
4808616
13469072
6081009
14723172
13660916
13571496
9038241
9082731
3827998
9997495
6721133
9398124
6086275
3707482
1407743
8416758
2014575
12693337
10209496
1911058
7920906
12607091
12645907
5675585
6878845
11791670
1021599
12210390
4946011
8345765
9194258
14757238
540261
7395761
3125173
7727869
11692276
3922993
6869716
11893731
10360362
1621166
11672326
6029081
12808864
1982781
4471834
5141109
7025527
11355034
10401155
10841342
395410
1385246
10426899
