#Seed 2680673427
#index showed the (transformed) postion of the SNP
#SNP index
2231491
9623891
9863777
7143356
10150514
1754355
10440378
4455186
15368878
13721444
12252314
5162179
15685345
13676352
10667155
992347
682172
14700270
5561351
5328054
1043339
15083785
14231692
11360466
3369775
11359532
12051751
7362619
5376740
9317354
5362893
715270
11035374
10949948
6162680
841627
8831398
6607886
6535598
5934692
1721312
3068900
1085784
401194
5038598
7843719
5250167
7614564
8155178
2861525
3748242
5879790
8745775
15954319
13819973
3213401
7149074
1976481
16596439
9881082
15450665
9653318
835552
3456091
15097968
14489461
16348185
13449747
2563146
16291638
3865506
891671
11492701
16147302
7255829
5272934
14046589
9188856
2866960
5935930
8642243
7384794
9585253
5018797
16358453
9285427
13283852
4480293
7345757
2898033
1440307
13401886
6275689
1699344
6875571
13455216
13343126
9023327
10782039
6237394
15680418
6273440
2747615
11289046
10511028
7243801
11284812
3652740
5921966
9755534
11892888
2282059
2648565
711446
15645226
6454882
12951336
7583724
15379966
1039742
10679231
4250331
3121039
11096444
9878236
7161016
16564107
5440549
9872420
725130
7435677
13893735
2307052
1702659
15836370
2571388
2266314
3662364
14153992
2136061
6401809
11626446
4983897
6504763
8943314
9801483
950021
4138591
2654144
10530122
2124955
14528276
14822747
10641022
1655399
1747073
13189505
5502000
6686694
9141704
13521333
15455089
16543901
1615122
1190327
10636941
9419091
13034231
8488296
15518713
14592091
2495042
9321744
3395749
5250803
14808089
2554198
13366080
16347009
12497157
8660395
5827048
7527808
3024041
13129162
15504374
12446525
11272142
1194202
10867820
4584424
9880779
9835275
8010020
11986529
6388450
13949346
6697476
14829678
6428455
8387176
7255108
1880475
14697331
10957176
2569495
6359845
11846931
2389411
704019
3429646
4731724
3868080
3023865
1061860
3695310
6899276
709647
8976665
3246432
12610407
5639481
3433547
6180858
9141125
3425296
15670333
3161959
5724609
9543591
9047468
6911187
10130171
7266784
11089141
6103107
13910466
14200065
2549679
8211551
8124731
12358178
455847
1889840
3292895
8134141
3424750
13771690
7370197
2500966
3574324
12227095
5422699
5471435
10899191
2765213
5660662
6358675
14957303
12206843
13817084
15498022
11978045
5118853
7937310
13027618
4803922
1169745
5945631
6690637
16135184
6633286
13350439
16055592
8991682
10656399
9220744
9522706
11843289
15642213
4015942
8311039
1960874
9954090
5297220
7678951
5986062
1129153
15227068
8804723
14191615
16554273
2852820
9315227
4552779
3013974
1075725
13575324
14511045
11062769
6609408
15740266
5814868
7134679
16586308
5788642
10382573
3394866
10442070
1065899
3395995
3996562
14714425
10406384
10164408
2818462
15818770
5703342
11650264
4237095
11634648
7793505
14516543
5906381
9938562
12777776
15414018
14122126
10485102
14858682
14717724
6060147
4711462
4326429
7164084
7321790
5150524
9588767
676679
8383948
16369586
8352051
12340650
12034690
13931865
2233966
16462207
7248065
10306162
12708241
11163556
15599975
16092999
4693199
8195524
1419052
6982209
11869184
10385547
2054412
14745891
11084224
14857195
14971259
15566535
9365183
2039105
15316674
10841641
16221095
13998976
938761
14115442
11926307
4661247
12622295
6570072
5770912
8693089
618385
734901
6529741
2631249
12299528
7722133
3335789
13487696
12458606
2285343
3545983
14493662
1862746
12553916
13394030
7493635
13288915
6550010
5884073
3937050
10039723
2549112
5177637
9971283
5075497
12130602
14913268
8611768
3512981
1205050
10343548
9669735
6665212
890652
5750031
7183890
13287822
5548530
5483050
3957454
15758005
6872337
7301692
15687801
2179757
1898963
15395070
10366966
2922834
15153710
6320967
801808
11104753
8693568
3398828
5059120
11543940
2866332
6242562
2954733
7581737
5409223
13448030
11965160
3371356
6308249
6257546
9713026
14027477
14521235
3826950
10624482
8303457
9486560
3933504
858692
3337711
6968799
6787790
9281436
6143865
13534113
11941844
4274030
12602508
1929811
504426
15063080
4339480
11300189
4099429
11844056
10897948
7175147
10575878
6863496
6317181
16130192
13807952
15527374
11633976
16473216
3722707
11283140
3701130
7896451
11252611
12369977
14821365
8954624
2693376
12729986
8003850
1175239
10448991
3738707
5740878
6196777
7548191
9812244
12432510
8846991
3770688
10497994
5377646
4238377
8859838
12909320
14090809
13593249
3611129
1827411
10969812
14577119
8190043
14804358
15978012
4113358
13667347
14932853
13905282
14468130
8932556
6083335
5819078
7924741
12993178
5247616
8369630
5843483
6063440
10467506
3863115
14450605
11516672
5753191
3684197
14662671
6818846
5957020
4314213
6412585
14097913
7298179
14206463
10897881
7164409
12807275
3748747
3715903
6689671
7093552
12571788
8550051
7761952
14360586
10476797
13605830
2322532
16327200
9296989
13020651
882591
6795891
11872274
1134530
3131545
10559120
1245801
12701938
3820066
12938375
6932735
4219095
8027702
15257106
1896460
6862765
1470287
1577390
5144034
15421717
9298320
14318153
5772933
11447074
5447949
5583531
16268468
4735962
6932387
11305804
12835862
12375658
12477974
14263188
1898055
8882641
6015760
15681367
427401
8802760
627480
12892084
4733328
16480972
3654172
9310391
13706057
10035713
4834496
16167132
3032163
16426934
4199853
3831475
10000634
14959876
12066448
15787329
11341179
10775136
10314394
7998386
1962570
6819729
10049334
13315901
1441555
10854003
14424676
1383769
6932298
10197603
5149524
6139308
9708661
1975438
11410130
5598820
10168694
1324449
7092496
12915551
10920739
6819306
2021587
2567063
15251655
3369171
3187871
8619941
10492791
9178214
1016924
4353950
13821139
7180644
6450661
14996794
10468814
10415280
14169000
4620529
15415256
5108860
14366855
11902325
12410007
4089445
9385659
9106605
11332030
4452211
5418393
10701399
9423262
8028835
10111097
4777618
15819016
4757910
3973777
4683528
6787760
3876869
12327474
6637225
926813
10682492
7615700
4375715
14860412
6310052
1344957
16378957
13015221
8744357
436432
8996621
939204
15381581
7121511
5659087
2755328
5670651
9750146
11256260
9528017
3613536
3024542
3179851
6728114
7745154
16241100
12934374
11721478
14324435
5036096
11506135
14347542
11869264
13768208
9863388
3336582
6340911
13739596
11541948
3815600
4088531
13288192
9762197
1422659
14928818
1753128
9076356
16339586
7439217
8774948
5806643
7075766
15057200
8963098
12610438
9488104
10357269
14748076
15131701
7286652
13780391
7643528
4421155
15555813
13940665
13950130
11693405
4695064
10834840
4281750
8403974
15787626
11904152
5076435
7729596
7340996
9305603
9022411
4062840
11112319
11689528
1152817
15395851
4111093
6850258
9326745
13637776
308351
10392410
4486618
9392152
422957
11560515
5172831
4952791
13660746
3475050
11072271
10777943
4488902
8384636
4273875
15725689
5586845
11706893
15048913
1893341
10765899
16379930
4130357
5224960
3053414
16195886
1339793
4853025
4770816
9748492
7629317
3099788
6425018
12540689
16507098
4749238
9370391
11451174
1093240
13864976
9858783
12222979
676804
2922368
3533162
4826896
11014693
13892793
2011473
8093280
10934133
13280929
1942305
9461482
14388794
2088756
3600005
9902884
1806594
13190475
4673411
16126884
8790731
9847548
3320323
9489524
7570616
3542374
12594567
7019555
2655096
13672092
15068866
4796061
1520571
7672563
5166882
13906357
15264099
10184996
4793112
14280825
11337053
2299622
4471522
9603787
7760399
5751690
10027996
3679316
6795300
9510630
4404833
9687034
10504131
10588972
9224035
5307175
11045666
13646985
13968667
10382639
1050715
5498757
11903197
4468474
1443999
13778130
15162017
5196644
8238482
1276627
13870850
8019972
8043967
4428656
13525727
6289280
4075552
4483055
8985257
10862078
10175807
15232952
6525163
6563646
9347026
16320135
12955596
12879391
8228049
10232292
11308947
13375042
9834557
6111771
7464674
8051649
7198606
11250471
950970
368033
996605
8753484
5256099
931312
14334570
13351835
6555480
3259719
8279558
5802841
3215657
1931383
2304271
15610395
8622160
11977442
1152000
10125458
4112371
4222687
11046614
10145743
7126201
7759907
5522332
4552329
5660857
13612810
4550632
4497694
12065470
10488317
12377789
15352135
13044288
12854145
4949695
1884704
5912556
15067223
15828443
8592851
7065517
9875105
5413774
3202473
10257199
7233207
5182325
3946591
8910607
5424800
8173393
9680079
3023311
8292752
3975549
4681025
13988923
1376514
13855462
5982143
2466943
14498628
4448638
4725900
6722760
2197386
2182507
3207322
621189
13480766
5667707
11322437
15112120
9269515
6765285
9273526
14226875
6234860
9730116
4439279
8989070
16056176
7688023
1587565
10178771
12419808
5363330
6193965
11364521
7964005
1674422
4645555
12489262
7727348
6900427
13510255
1278989
4912732
12375587
12380062
4708271
3343581
2213568
14235393
15679945
15295298
16295362
10484843
7059416
14993400
1568349
1719475
10201450
8410621
9194198
3941997
2236708
2783076
9449274
2454565
11417392
3608457
8143823
13954699
10869961
6471115
16522146
5460638
15607929
8342785
7781646
8076228
10785671
7435442
10503565
1862031
15881880
8587042
6614204
6483564
3208937
7335566
1275812
10624819
10569739
16184619
8863693
4155270
2527894
7366517
6465503
9711879
13890078
3320475
3542860
14536034
16411032
9574809
15316526
1185903
3267168
10856555
3748085
12668368
14755816
5523944
4451415
9613680
7201369
12716229
15705326
479840
15339415
8191182
2824242
2472551
4935028
814939
7567383
4852565
12238702
14488512
1157731
12408524
1174524
11536231
9182784
12290291
10758479
6520610
8616148
9340340
5161595
15458320
10494966
2632419
4664370
12537022
14534810
3470620
10152092
9043716
7206216
14920501
7071669
2406839
2634402
5759760
7308258
7785099
7598985
3157109
14718323
10195094
7827291
6567611
6069820
2342991
7028189
8159133
14647119
11409501
12177036
8204108
15516737
485380
14865986
3611531
3838802
12784032
12260460
8661879
1565425
2969411
11670103
7694569
5697950
8804941
6165299
6669390
15180289
15317377
7908384
11920768
11180467
778222
13279059
10575170
2944676
6850100
6655735
1257727
8522402
4742615
14795045
4321490
16136247
6471663
2876857
14211377
10054757
15069857
4284559
1217612
6997917
2872114
13916793
4899383
11645618
6601285
3270969
4660649
10809019
16185282
2208975
3747397
15030359
10777927
15881793
7519889
5380746
11813055
7472128
13498258
4209477
2178655
14020795
6963790
15640266
3069665
1882274
10100323
15092173
2188220
15521546
559529
14245435
8139266
9260866
15921125
11945555
7749030
13418298
8976216
13172075
9412831
1333859
15542225
8418095
11278639
10081922
2754350
810274
3271396
3403705
15555418
12514797
314564
12626113
14686661
8202356
11488259
4580900
6493353
2850848
3739981
3980955
6965907
13620553
3663155
13291226
11476208
10573620
1608034
1700329
12931532
11927044
4289030
11757901
5101819
5805353
2048445
1120171
9300897
7328031
16090804
1471809
10673373
7951114
2356318
15878433
3847779
4973954
15772290
644189
12570378
807653
5013868
13511297
12405059
10491618
8138667
14859971
10847225
2398296
6961344
1230645
7721007
1680119
16011960
3179057
5191615
3299490
3167358
2321066
5428394
12847078
12276370
6040155
14737416
8672924
12311407
11063986
1006633
9144819
3761672
3512689
1014749
9674377
3524119
7993145
12227690
9074643
16407846
16424573
2391281
12913238
11722194
3224458
13710900
9462801
2944333
15523741
8980303
1043238
7816719
4107130
11697653
14787083
12012227
12842830
8327686
13228638
3404014
15436935
5112074
9086970
620842
4224172
5562375
12049418
13693755
6889998
15318132
10504348
9638261
2966801
7140047
8348692
12969700
6363835
1942775
8278820
14374455
14731922
6410099
14378267
10864801
9288102
6032097
2204392
8100158
2860933
3677762
13512264
8115770
13567445
3636682
1060511
11133578
5506396
3539701
3046570
5752815
3295210
11473750
15716143
15080975
11190132
7540083
16116376
9857898
6494301
4219180
15602650
11284857
15694802
16106278
784969
11449158
5659582
7560699
5170805
14812249
6637487
6123224
5546242
2387774
11118408
3724028
2144769
9003045
12239633
8477233
10856812
11601498
8194032
2779974
15563306
9607822
454099
11462551
13281821
16456121
11216864
7641128
9092743
1058183
12608481
11618881
16075348
4324628
8955764
12564751
5709998
15444663
4425136
9233706
10860978
5931238
6150680
14255371
12895284
8513363
4178705
8145707
2276214
9681726
13937032
16121811
15628201
10485822
9798979
9019723
13580984
10191374
10233985
3711976
11906100
5256390
3156156
9228002
8493762
8822075
3114184
1556858
1844818
12858606
12362140
7975321
5231064
11458603
4660696
4531276
9313452
5973170
12832772
11017390
6522669
16249553
12017834
1109169
8354660
12846318
7745955
2166816
14756487
14562817
4141740
6615603
13946027
10252239
4153938
10006464
5952484
10511308
7672295
5268027
1622274
12556609
16449434
8138612
10361075
5089127
5849651
16358619
8632470
10685024
7751651
1329545
7800194
12066811
11407937
7583674
540549
1371142
9342098
1104040
5211140
3930481
7047202
10009269
4120405
5182582
1241699
11285585
3218067
12530595
10155862
7753021
2600033
3268051
12880482
7606340
10910582
3270936
4541515
1532154
4229245
9041579
8275838
14146592
878078
11086618
12313190
6981576
14700058
8596048
1803541
14717056
10266017
12500834
9477571
7057522
11878158
14500120
707071
10763788
6480109
13655218
3738884
15197221
15578130
3271849
14343792
7065277
5403871
7175945
5108918
9028288
11427690
9639040
14250737
10692207
15483641
11801129
7302209
9550058
7628398
9613023
4599631
16379457
16334898
13746062
5656828
8962215
958391
12528991
8785786
777131
13592082
11856779
1369482
12722244
2568248
7022414
2584067
2131974
9907499
6499500
5872892
2284946
8459488
1306791
3817795
1230492
8898337
10052264
11212629
7649682
14962890
3043091
8359932
6663860
14627561
3930080
5934556
13872175
14774887
8878814
7668031
7539590
10613254
13545623
4843750
8837819
2596843
7098440
10513342
9839743
4270852
14378485
2072548
12456136
12182186
1817017
8877146
7087921
2333312
2500431
9623793
2435305
14845712
12600470
3670494
3715533
6065460
6783706
7121816
16351498
14297158
1204213
16152277
1214935
8692020
9833887
6012679
15200774
12203584
3627927
13894674
4367146
13115925
13931354
11246511
8676492
14181179
13233058
3847217
14259593
11990351
6944234
14893568
13816239
2039058
13555915
11085878
4166493
13979771
16514573
483568
13435925
3527425
3946737
8259684
8222160
13003174
2858434
3848385
7463244
5851311
776045
5375333
12094891
13936065
7560595
11099961
13050436
864913
7154975
3809728
15712079
9908723
2522361
7729410
5167796
14770864
10863381
7715015
2479001
6788857
10270608
10349227
4922291
5231676
2447585
8725624
13446219
3870432
10081926
5905956
3301928
4230030
5286823
5357773
12115234
12732716
10248755
8756659
14002278
9253771
4949697
13710879
14992775
8448524
15234827
13620605
4822215
4005220
4286981
15264583
1610045
9648997
10892597
3254494
9903156
6401589
14556721
15368322
1740817
5005571
5782655
10385505
9882278
1109346
2888379
9149213
589684
8134988
10196308
15821567
16148458
12350493
5545506
14103958
14162468
9282953
10957873
7446898
10571670
6303822
5421651
5428211
9376543
1186276
628798
14999497
6876751
12317824
15922918
5792253
12210198
12237645
11138818
15810146
3426924
5628516
10026123
8688121
3602981
6574877
6718525
7709275
8913861
8284386
16386789
12333453
14192033
4553921
10081756
12866003
13521481
4785738
621847
538035
9364874
9446624
665007
11993149
6515044
4474258
10348797
3897741
14272926
7057691
7277542
5592238
9191959
4399420
1799606
6595551
10149599
3217392
4449257
13538119
2559377
8414288
9388830
12779488
11702105
2081958
13225508
4649258
11082878
10397799
1099081
7729170
15733263
9405497
5505467
9685519
2094337
5705362
14308924
9820313
15499263
4154164
13858615
5892106
7858430
6507604
12062892
11621668
3586566
10778056
8286463
737735
1894080
8799428
10936051
3273332
438818
9796954
672262
10953591
14325616
8407788
16542391
12139414
11835971
13022977
9506607
1474494
11024547
11170467
4045848
11955806
5117974
11273638
10518408
9731410
16021264
10683806
9930485
5649264
5675585
3685885
14419507
10200457
12282387
10394278
6737366
4022226
5425687
4352268
15902627
10415025
4799115
3876670
15664406
14035212
16000279
9485476
6898613
8817450
7856807
4241225
16457821
6264107
7554103
11492521
5998835
6078443
3600864
12267642
15686599
14403987
8711830
10023370
3871822
3855857
4196010
3281574
2798363
9560209
15742695
4202761
14292301
5983361
15225178
1597033
6222172
15486830
13078695
11205934
10820254
4230152
4981446
2440699
2367003
7655356
4348892
3218336
6399582
11644544
7035197
3647872
16270243
12141628
6166296
13070830
10976768
12846321
1103444
8408379
14429864
4317933
1782037
11041679
11076837
8151675
10738689
3485855
9699466
3766529
14870698
15400650
9359673
11733997
14295702
507715
5494657
8679079
8549719
12998209
8082464
10277006
9271878
13588212
5512546
11633021
15253714
12116528
2696063
14749226
4952396
14425616
12938781
10780009
1522185
12610776
15449895
10430540
9109827
15844384
2426730
15479260
5794119
8941107
15233073
13167682
9926419
350477
12534933
3573060
4361888
4451715
13685630
7184429
1408475
468543
3902705
5244121
4522444
4946011
8467921
10272022
4953311
9148877
1425421
6866977
1382725
2719971
11640973
12292245
13636721
3796028
16190824
10673463
11031620
14157703
12949803
11327322
13906019
6832887
13401382
13257982
10526616
3401279
7156456
11346109
3532324
10680495
14206967
2778899
7753834
1829003
11258328
7727955
11842622
12148575
12546719
5298025
15946005
9670947
6130074
6145486
8898812
5110172
6453065
9370529
13455037
9357534
5898473
6024195
11136341
7118780
3489621
4112009
10418457
4389587
783987
13054864
6740296
11749169
10357312
12654315
13985898
900405
15238741
7108639
3141905
11654794
12469064
9025135
12110638
1809067
13913973
16314548
12541324
7424004
13805368
6896094
8519483
1435993
7572907
14990210
4701671
14046401
2145724
4834436
7060639
608379
9238983
9360684
9346309
8786742
556848
13161935
7134239
16534567
11082251
10147071
3430485
5302252
4027900
4706958
4582649
11721491
10680515
14063247
10327467
11778149
11233264
4041401
3390331
2770596
1894487
2194910
10488827
13645225
11087268
8466996
4138547
4565401
15111531
10106018
1770303
4132877
4732354
13885523
15007184
16467159
14345087
13588113
9418520
2039119
8169267
9521482
13157715
6392993
13406466
3731573
16577515
14375247
9300569
529000
2002693
2143592
14865723
15046109
8890783
5841244
11651570
6436080
7337580
7777649
649768
10874997
8803513
9739040
7089353
1973307
3220728
1512448
8120031
10156490
7669745
11950710
8957702
12693643
2317295
5977958
3172562
16099992
15267287
9824101
10495161
8140627
7680114
4982256
13671797
12889727
12547077
10377591
8398884
12585074
12338030
10811085
8130792
14504255
14160881
11367281
15249220
2400683
8320253
14376184
16244368
13016939
6381345
7189492
1692024
2674296
11524472
7798147
9211431
1264314
2561887
5047684
13101794
8150748
15536072
6715909
1388837
13673299
12443552
10775118
6599136
16574440
11817778
9416227
4122952
9763165
3644869
3045632
6440404
2956305
4817071
1998311
4268165
13749676
3778511
601360
902588
4328904
8719790
9019299
14649723
11215758
8005413
2308660
7487643
5137080
10149805
3634800
7035691
13143727
2302623
7581755
10537799
10427004
13378538
6962275
10383801
15862386
5169931
5047363
3798303
5199213
13854649
9256577
14936680
3881977
3502633
11462444
13946308
13659793
7387213
8664989
5232315
900297
4447579
4121093
13991666
10989040
4356348
1091516
13862762
6320102
4717894
7446447
13112040
1759684
12149070
5880968
13223965
11117232
11285805
9303161
10119375
8924897
479527
4050991
6580679
14075066
2323618
10623836
646751
4626860
13779177
13770011
5128494
9163782
11515695
5827219
3549057
14264979
12408940
3411968
12962879
1775842
3399913
3259386
14260704
10096292
583647
2270194
6714868
8944730
12475505
8387635
8797880
10261957
11057895
4403962
432165
3972887
7866694
13886025
12170628
3182860
14656189
13714561
1524685
16204740
5909861
7448059
8416683
14209227
6324727
1946484
11661961
14173072
8733905
15054905
8200310
14773251
13539437
9453140
6014677
11308881
5878630
12516706
1768769
4974280
7910320
12253499
11700701
10659334
4491113
1670475
9978870
1254202
13477550
2933611
12389392
6761357
11370151
12563170
8025241
10101632
12216268
11449293
5374232
15167397
8771563
6085710
12366596
8019387
5725670
8691084
4915669
5251502
9960045
16592648
3999127
1008403
5138670
3759962
12871266
11498258
6619155
13311093
11677327
1780625
2032423
15909318
6222302
12365945
14365630
3254057
1238823
409601
13921248
685618
12731297
11411846
3252395
7448705
15427505
7304280
2758050
3580529
15027866
13574368
13675682
8387432
10351238
14988386
11756615
9409727
5156116
5571028
3429335
8666710
9958213
16444249
1491564
2634331
13697115
8436595
5145215
4065144
13940563
7332811
11979349
5693522
16347994
16514325
3865195
6645774
877570
11403100
7131268
1292281
14263972
1236705
10180186
12738715
9281016
6894501
3056335
10624365
9746530
3332292
15396668
6990158
16254515
9245824
5926843
10390448
13221992
4444367
9710318
2254925
13304055
12026594
7902302
1009753
13920603
13798299
16145100
2673090
6541308
3612262
4528128
14436628
6888159
1073094
2883420
8969168
15191283
10589117
4533493
14364468
2249196
8084559
1453168
3322815
5801591
7015953
10830284
13092695
8079011
7480321
8305788
3405585
2561924
716179
15725648
6142288
11773740
6211376
16595534
14206730
2010992
4322952
3853202
3891269
6252132
7727472
10355158
6707709
14418952
3723395
11662433
8717445
793714
4533113
4400202
6714746
6375678
3456986
10015818
6979574
3925220
5186366
12315364
12807760
3292339
11378351
14076494
1394200
7144852
16485461
9269700
6801470
12625840
15094365
14564331
2311691
5105375
12211951
11853938
2026356
16391476
5769005
11313868
880425
6239564
4895189
5453847
15498774
14343558
8928883
13263545
13988182
10526803
826972
2973154
10760613
1805861
9007719
1568987
6425096
3565703
1853570
12543786
11587655
1773091
8375636
10195859
2638510
12264412
10292792
13322311
15403990
12813837
15720107
12634967
3073870
10000294
4007156
7582644
4648066
8870765
2614003
14839346
6748591
9243788
10469156
15025705
2124917
12727443
7361739
13135243
15450310
7638246
8855340
9511024
14037104
3958357
12342084
4203144
11159198
1482129
12620780
6931956
15706175
12213588
9837224
2321763
2623774
9355740
2070280
3789301
2380161
7256404
13909198
4014486
16045647
10265322
8952237
3302743
14934046
2262222
15242508
3902074
3806881
5879821
5548905
4231248
2562869
9437731
9278965
6062396
6566861
2951958
10380657
3191135
16304105
6523532
13339811
15834815
3738910
5782428
13258985
8965303
3643845
6960397
10421264
2461119
7249961
5804275
9573949
12069719
8591834
3622170
10682370
13016025
6749130
1630989
1124150
16295897
1249703
13657658
6233997
556727
11247256
6628134
8635970
9448108
13119660
6718538
9260177
7061262
6473747
10735493
11078735
5532511
745691
6041142
1470351
389545
510744
10504403
3427999
9325551
4205299
3656941
13838304
10221815
3178953
5453090
11347380
8799666
15501156
6806627
11835258
10502358
13456693
13931835
2718221
1777654
16033372
11231985
2854813
3995771
12329238
14148206
13008339
9897590
5048772
13898141
3793720
2634669
10044503
10031478
12058085
3683471
14882802
6660104
4377905
6127937
7164700
5950910
7986257
1106496
16456426
8061443
2877134
585929
6898488
889279
3198486
3310506
12207551
1927962
9944584
10603981
7433822
2072233
5142456
14497958
11607225
11490731
10827291
6108176
1418427
4465061
8976809
8688529
9202837
15043241
6381710
762992
10217177
6861535
14601355
16088505
4883831
16290396
7525920
14320119
12218530
15509558
10079032
6360185
3041162
14339934
12449400
13306649
15829980
6912740
13540911
1751414
9539647
3544673
15214597
13597205
10677583
4877309
1675054
13535503
8193411
12768875
1253862
9870905
8647043
3938893
12822216
8617496
10718698
5957204
2295054
9923045
4308094
1760731
9393174
9526309
13933765
15344110
11532962
3909199
6272344
7383628
15104407
7815427
10803756
13663371
1358490
7342355
14686494
16340751
7093095
2463373
8989095
9753102
11553216
5486318
7116009
1902240
3330273
15303096
7476750
8465392
14265325
2892296
12926088
9212954
2689507
13733937
9826643
3161266
2859373
5498794
4582906
14596458
6107032
10056336
10465228
8338294
4757982
6108038
13273964
12991907
4556003
6999598
1288184
9824486
746180
14807447
9352755
977533
6024381
11298822
13852174
3164615
9803837
8762168
11925606
15974697
15825998
5465349
9650755
8591626
5737029
6852970
11147305
3767993
10715088
14145667
8798895
1350653
8663092
2154204
9401434
728057
15375839
11380295
14199401
6557023
7185965
3496507
3176636
4804468
6443694
4530752
7256077
4443988
14174109
6192390
13763128
13099763
7204952
13295422
13102453
5803960
3544122
10244063
16447320
11223828
7345376
5053012
14422649
2080416
1466571
10349094
3428187
6441822
9460709
7362779
1603661
6432880
6064335
11430303
525010
9510435
6572778
10954653
16485058
2866090
1270291
12475364
1121339
5505203
11077107
12625743
6463779
998775
328673
12748878
2186708
3742575
13348237
3262365
16595240
10453019
9421906
15501703
679220
10023536
11461420
2070590
5390125
9952865
11318502
9290640
6316804
10525548
3724543
8682805
4679681
2655390
1015195
1162622
4491640
9465747
13438608
16152575
10486832
8106036
11253447
10011857
1011245
2003749
5295842
15336268
14493256
10510085
15361705
5297062
6570099
9220341
1894960
2352530
6098458
2888489
14264483
3586158
16396476
3937445
9608995
15392807
9585964
1731061
12419721
13415842
8026501
6551495
12300167
12158632
3612164
9088317
10512146
4004909
6497033
1755413
7085112
11350488
2155851
14282543
12732480
1059061
2797999
3635300
6807154
15089104
5997502
950890
15800546
15580326
10505194
6153587
3775251
1646221
8484312
5104687
2075671
13381417
14153516
2977649
7515367
12117669
1023960
6866066
11842298
5769414
4392497
3882772
3361536
7153994
15795526
16334625
15910288
4088998
13357492
10020239
6810880
2005538
10239173
10093188
6292495
10689062
5141795
12275614
5904694
15344231
7400177
1863176
7754836
7797032
10347432
4878518
1302322
8512685
8859545
5355141
13262551
10669740
12388180
11088310
10385658
1530800
8550450
3201949
4192285
2763433
9371955
16550047
14979049
3945593
1288279
1901088
418179
3414900
15934283
5172003
2376110
5286964
9900034
12906448
5591410
4170761
16541442
10757480
11549212
5938676
7463552
8971092
10082535
9126487
6771709
9709152
10310772
5704304
4870349
2823706
9259739
2466316
2645815
8003012
10201345
6077641
5261715
6771491
13804664
15973660
2313954
11850277
3831282
14136394
10136099
10726368
3626387
12403495
3456027
14902007
4361339
10420192
13709186
4917271
3912527
2903341
5482883
3758264
16346072
14720749
13638882
5401319
5621904
4016791
12416287
2952374
8777986
4275924
13499223
3815362
8136995
4334215
11747449
12862991
15898120
8636325
3172340
4235636
6071603
16546751
6990537
2152654
3744959
11856396
12352882
4998158
3994541
11177398
5505377
4923454
10780235
10673676
3229820
2696384
15365430
12400999
10325630
14885249
10708186
12675591
7437368
12572654
16553949
15078549
10491769
5816301
9000474
12623737
13012387
1933064
2521078
12266598
511755
8384393
1739794
8211011
12187396
10575652
978530
2418656
9342783
10388765
15089260
7001745
14862390
10205333
7633830
14796488
11385804
10384581
7940676
15111949
1155141
8707926
6323420
9934194
8069517
15048162
12138280
3110566
9264791
2752962
13240124
5364615
12703761
7237529
13492875
10954480
10700259
12226966
3357851
5182228
8179503
5080198
9144780
1712665
3784310
6312344
807762
528751
8663784
12381871
7184174
11203891
7005345
3417356
1777716
10489816
15798525
14365054
10564325
386290
3302785
10015072
6323149
3673911
1500829
7646094
10190818
7361641
546017
15609855
12782484
11074377
7660360
3706543
4029079
5681824
8143456
14351093
1372564
10643501
8753975
858767
1840481
7116974
10227734
2733574
16598651
1358353
15751550
10725232
8158482
6176605
4817946
1640057
13978545
8859376
1568356
13514347
1872693
2861589
10159725
6671892
10602723
5862967
15514414
2463765
1870723
14927568
9789300
1006737
7236108
12419570
12125448
7203863
1639483
15036292
1917028
3401569
15360560
9955945
8639893
6331495
6306537
3679566
6673585
12536436
12371726
15951658
13240622
8168254
10345986
3118470
2729817
969374
6350191
2945438
2371826
12949377
14889896
2356615
3965738
463613
5377961
8594468
5321077
12835039
7652791
5992861
4327697
13339942
6286305
12602742
13709568
6509309
9626247
10569569
4712269
10325641
10896674
14222886
5906480
11814846
16092459
14318554
10891381
13614621
5790694
15902819
14256588
9024935
9866359
11046066
2591436
14473675
13460742
16332260
11151729
2054117
6787127
1190408
13505246
3707214
7134785
9303317
15823274
12837440
4721239
10775180
959606
6671178
5862741
14027004
6945066
11903092
7302956
14577320
2144800
4427316
5383614
14170887
6372502
12959874
3118817
955881
8976856
11805041
16460905
3359303
5806579
3415143
4340111
16346262
10501641
15826711
4480299
14096212
5144637
1111880
9546066
3148170
12230342
13780389
4074172
1505549
2150668
11825537
13787790
12696127
4701779
7659410
8178611
10884262
12146511
7279926
9364616
9038335
7030973
5054566
4128411
7426973
4060208
13890359
5469599
15780466
1565567
3883878
6429370
10319725
626948
595839
6705976
2692118
943183
3965541
11419760
11758332
3853920
10413891
13617352
4391193
6302765
16147286
2618835
11104504
14496671
1627694
1755587
13911929
16248853
9929196
12686079
7915659
10058829
4978502
3907018
14904543
5268516
7035915
13626466
14849645
1510208
16536811
16142565
12703987
4804050
4220298
2899967
9012639
12236109
8679910
8915800
13638751
8310757
12145677
5552669
6926017
15410155
9828123
13402835
4353319
9306824
13632448
15012745
4039925
6898080
7769931
8591183
4263889
10642859
6628755
11003388
4338898
16211935
7255279
11078246
16408567
3937998
12574127
847925
856326
4423835
10900472
13037789
8184877
12465414
11416046
7077363
2273959
5923395
6967937
13083034
1580883
5917367
9914513
12643543
1787477
15679203
15771959
6230460
1276002
7938858
11247208
7035426
936778
576025
12513631
2136060
5906574
8311982
8970449
11736787
11309903
10842950
8669111
2080663
1130854
1806223
16383885
7597905
3587263
13765466
10915115
2562348
11324050
5201800
12353966
15347333
1439850
3391457
2061099
414352
15340112
16094585
9813237
502585
10691975
9693823
13080461
4079135
3872211
1628975
16388318
10945016
4917608
14407712
3055129
15437703
13368579
4595991
8869424
15864120
2254433
13536060
1771632
3245619
14775241
15470137
7718230
11592624
12339882
2405604
9699942
10063774
3290368
5487488
14074149
14309092
6190756
4978731
14936802
7958404
10087755
12680666
9137427
2812881
9816785
13756181
10343527
10611794
8363617
8042864
1301036
16248655
16038793
8453911
7421930
13239142
6756632
8228309
4156225
15076141
1074462
5342110
9446540
8612825
9092335
14465483
13443337
7214732
10241967
15743669
1207946
2883508
1586556
6689968
1719618
15945894
5007676
11712000
9555064
15079888
14779545
1831128
13015997
9909567
14588050
4127211
745362
3583791
11554709
1440782
9176757
9258530
3665121
4333401
7957218
591556
5411051
1442228
16233549
8273411
9109421
510437
4248720
10260592
8246865
9946327
6422884
677924
943514
10193430
15151834
14865263
15060426
9973061
3091021
1912935
973769
9598776
1905089
1407782
7576510
5275989
7044575
13660810
7498946
9605444
7865075
7335933
2256825
1265489
4319057
10504267
1106763
11807415
9680993
13945948
6293932
7676977
12709200
12629261
15172445
9975835
960401
6640473
13643757
8293788
11968610
9155756
15279600
12496549
10062131
2837018
12741156
8441985
3698533
15198304
7099562
1268070
12457543
1960801
13500999
5254679
1905231
15062313
10199415
5735222
14931353
2257543
14078410
13222117
12592102
12257441
15254405
13962227
6525366
2985988
11383279
4939832
15774951
11418337
2370543
12791184
4235983
4745503
874929
9701434
6951333
7249686
1775869
14749569
15909701
2704051
1085208
787409
8875070
12388737
14965199
8771088
6785108
10649269
7487085
8965546
2902289
6412193
4427562
7114749
577287
11265436
14090825
13177259
12370861
8457106
4133169
14671732
14142311
15199003
8630986
2442360
7683911
977374
9683167
5248209
3454004
1331006
4605085
14081320
12272708
13768196
14898520
5217367
7395336
3592941
12614278
9672136
10132143
14354680
15797566
10757542
9905376
3639649
10512227
15471829
2638462
9372330
14060822
9306721
3374341
14603691
16442005
3125450
10250911
12442294
6569117
10438978
9141299
12815919
4701058
15622112
9110498
8695344
596656
6217597
7475349
2120532
1509144
1393659
3572762
10048408
11448510
6047847
5164835
6138430
11845073
9800415
15780727
5893241
4662455
8189296
605155
2167327
6576379
8928153
6099236
1995103
2490504
3528931
3687425
9547987
753239
15981490
15742330
13405488
15805815
12197975
7475916
2306836
5293630
727891
8236264
11158045
16523518
12208398
11262387
9965422
1599644
13848174
4964239
4541754
7052936
15396962
455839
9725855
9570153
9529809
6527833
9011303
2020048
2191322
10033453
5835504
1120630
7128147
8830353
14784641
2611666
15267908
4353741
2781235
611102
9492668
8712990
15760057
7378573
367055
6482269
8816333
10719241
15439704
1398114
3498071
3106793
14972180
9056120
11858640
626141
11420431
11330878
9231299
1608826
16035673
4044258
1104342
15168828
1517498
12276382
1288649
7605715
6770611
5748455
2146882
7602529
16112222
5222032
13597329
803355
10179814
5198289
7162272
16544352
1343505
6339937
6275002
2923912
9781753
13462232
1629025
12411144
1046419
10459387
1032837
15222267
8284041
2674808
2478509
4505043
11632332
11317631
15387216
778302
16383797
6502476
16064037
15847572
12090992
874672
1479666
6080264
15042549
9748713
9685661
1933887
5816726
4284251
8528488
16230553
13797965
7524705
1363733
11946069
10571958
4176849
10293112
13146054
3818659
8898558
7191425
9099233
12100844
10816549
15941766
4891217
8339374
13293722
11121485
1544316
15233981
7525785
6948402
5719710
8658374
14724884
5441119
16238468
2704566
8089629
2366187
12530982
13942131
16259381
3979024
11534261
8059094
15070577
2515911
10356881
8331759
14735462
14731624
9357091
2385625
6542519
6264581
5666337
9407491
758921
6969175
1291594
11257581
3734067
12441226
6570581
15748213
771980
16418693
6396106
11945571
2718427
11607130
13904037
10510197
11462787
15517377
11902818
15608027
1940767
4871269
871773
1287227
4304386
14219416
2986593
4572417
4917232
14161613
14043687
5584512
6730619
4081661
2323125
13638678
1808780
2060670
10498701
4049707
10723130
2593383
16378449
3987077
2958468
13714490
3047711
9838467
11980598
10736221
3697677
14369564
9891032
13904668
2687757
10889774
12039608
1823643
3301645
3625237
14006411
796020
13010127
13135901
8104822
8467179
5548086
3215091
10115714
5517394
1348797
9491708
12167335
534625
4639415
14961639
10151983
15953671
8940413
6567128
14908840
5128149
8438353
3178730
2815212
9207224
8742351
7038069
12127368
10287098
16211475
10628802
13219913
14683922
16211066
8331697
12734493
1625497
1848934
15848605
3140530
11149895
3610164
7451520
16009308
15093019
7211023
12211993
6674893
10194734
7280203
12335684
8189808
9263789
13698658
8541202
6896310
14221270
8922992
12262248
9231280
13458425
569844
1690560
13754222
2349240
2024210
13333631
10666733
3672555
1159674
10513412
7566163
7563343
1229334
13249022
5467333
3115216
6678397
6345702
5429410
1182403
15297035
8117981
1169877
8468464
12826166
4207444
8920121
13771310
12837432
6818515
3588087
12372052
8915117
3214494
14375788
8947904
13277557
10240507
1082463
12303309
12980062
15575861
5924875
8046469
8576304
13186219
4830312
2831821
11074525
11758424
510539
1422993
14775013
5815056
4643285
2212888
8016567
10041029
12609009
4039121
7476379
6770283
1645776
2210333
4482968
15761626
879960
15994966
6608378
12075431
11725329
4162154
2554648
3552994
12491402
4084460
3872317
15459144
5582814
13997761
8345238
14741017
3182714
15240799
942258
15461732
4917329
8218222
13320519
10399364
5381917
11538615
8909223
9913698
1483687
1296471
4944536
7210665
5355067
13334768
14547609
10508335
2701731
4950452
9044054
4039592
10065973
11911357
11585848
403266
5744414
3945327
8295779
450746
2836992
9984687
3943607
1645755
15079333
1560686
3593121
4907113
16516844
9913983
3512355
5493886
6088142
10767014
8799725
3052848
6750997
14713586
6804591
11249910
6112849
8347174
10129319
9787568
9692906
14858576
2539302
7120688
942683
2233552
11721048
401562
13338751
5264725
1744501
14629470
5958590
14622781
11132183
12272481
16556378
6648594
4824077
10998478
1776503
11356958
6167584
11300683
4519102
16420183
10067218
15873281
9916486
16133238
14293020
9546634
13306843
863564
343720
13730070
3999550
2662176
6423686
463318
14469488
1118496
16004303
3722189
9679252
5624962
7587660
6762647
12974104
12381966
16068725
1476883
7362142
7286427
2690963
6529003
3471121
1059213
16451152
5386740
9808978
3235820
3539664
1448104
8058292
13958045
11291881
12756997
11122724
13746447
10216407
4644093
1146929
313122
11591211
10643643
4316435
7352974
13690509
5323744
15784880
5812141
6343328
10705896
3516346
7333729
12407169
11234160
6458582
7801854
7781290
13207577
8745724
13630285
9867789
16232221
7301938
10311742
10715420
6939159
769666
1170518
5791354
14967187
5987635
4067876
8107882
10469043
2844435
6556522
8634513
5875277
15610535
10727251
13954348
5560324
13413112
7109705
5987806
9957010
6013555
14470381
10030711
11436351
7279523
1264006
5150345
16089340
2723988
4260767
9049840
14905471
4252440
4395853
7115808
13667633
6850201
2057972
8942792
6454335
5920607
7441946
9537639
9864327
9357867
9607654
10877537
7640408
9813639
6097777
12275425
13241302
12496375
5274032
14483490
16041344
10887148
15446996
9900060
3396426
8703290
4279116
4331230
3002600
15840887
5454576
15321044
5555352
1717788
5993031
11257764
12444699
3685216
10384662
6471401
5249484
7029249
12558407
4012850
7092583
8105276
5249112
13050530
9873422
5039482
10323678
6248694
5227615
14120831
10129577
4157008
5767140
8542479
5830442
4453805
13378548
4782844
6742833
12357806
960471
5250568
7965788
14782557
11613776
8062348
8424402
7772205
2603873
12531777
12476962
13373824
1609121
12058206
13945471
13317167
4440938
3860207
8081061
2884736
12143461
4825608
924354
12178453
3221371
4899804
3945931
7199599
600942
5559247
2743564
8231441
10762498
5446862
13723794
9953717
9809000
12166784
2752002
1024130
3691847
7245048
5052899
4622038
7802746
8919482
4679143
10112842
2999517
10629131
13966363
6361338
5901478
11549158
13634552
8210332
13271030
3614548
3339651
12111958
5573994
14245648
4515883
13192954
11419918
6994163
2610222
9321849
15078072
926201
12710405
14608183
5926007
12838716
7524258
4640687
14358937
5138346
16376450
8348473
7370123
11684414
9321409
8614738
803192
2248303
1586621
10463850
15992224
16596523
16576070
2499947
15750799
10457592
10040915
3300932
2623948
7084083
6576836
15996515
7598688
1451441
1827586
15802812
5709511
11587454
2774250
10487250
4872412
11194660
2428447
15235586
5660184
2497057
9634302
14342501
5957979
3618562
8391978
8560143
10824944
1243803
14509741
7029700
3387198
11784936
1202453
918218
15701267
6520401
10487238
7595257
7304595
1991244
2118014
11567175
6349840
313391
15035445
15706871
9305058
12883549
5770686
16392626
3506560
8616132
7921851
7653892
13322857
14944740
11996554
13502102
9536774
9087539
5604021
9535448
10969112
1809289
5127544
12767561
8767364
10509384
11298472
6954419
2378301
11021261
13314441
9403687
15841675
11035061
3027679
2759521
16480488
14010096
3550087
12034459
2446219
3374567
13600555
13378596
13221555
12898034
9041513
11445480
13219335
9245669
16381238
7103957
6488749
11735524
14346143
6012024
4598044
14179817
12293233
9701062
8551998
13428617
4059655
4968723
2586132
11552885
8951260
14284948
14087960
8054220
9477810
6147542
4084859
2764616
4969283
16308083
1511781
12112151
8908053
7400398
8417930
12906107
13596891
9173759
5795622
13054017
3549286
11939948
14993336
8908370
11490952
15121568
4572822
3770187
15836006
15410163
9866579
3694633
10152571
9494292
14934030
12129716
16320341
2680043
5208267
11584175
16243574
9966395
4797886
6432868
4669733
3306091
15567246
2633515
9412822
16312139
10211595
6424484
13431334
11146074
8881763
2344575
10071879
7642615
6955322
3231084
7086887
1914675
5801894
9045373
4292524
5100065
2315792
5641750
7488648
4137228
7700770
1755796
14867095
13792115
11841110
7683537
10458909
1281593
7704980
5970523
11565705
1972349
12600325
985760
10795681
11087511
11467790
13182656
13070978
6183664
11553732
14742376
11270286
8565212
7234150
6810815
11482349
11427777
16419058
8522794
10454165
11890042
16487537
15867224
7189830
13719703
5259887
950596
13226919
7799694
4037365
7221234
3604251
4372581
6109695
14556325
8015449
2591676
2684351
8960482
6100702
7850405
9231448
15126607
9071056
6940050
10395455
15964125
5745973
13058926
15688259
5497042
14539151
2005165
12980309
5638250
11254228
7787299
7539791
13879021
5182546
7960925
15099889
10739259
6450540
16338036
7488037
6465605
9774905
7662778
12194853
3233137
13382101
5916261
15711550
1291986
1262289
11021219
9740041
9827945
14885967
15248363
4297332
15023788
9761995
12565066
14401729
9275665
9497683
4213256
1792435
16430696
10453465
3269219
1657829
1448859
11630418
12018046
11010949
1343392
14956357
5727073
9490904
10593890
7799562
1433245
8059668
6589342
3895560
3271887
12261420
9240160
1168992
11846764
4668583
865200
10558930
6123531
4986013
6352220
14830772
15583921
11813160
10109951
3280414
2259829
7734554
15127494
16207937
2637379
6733742
6824751
9589426
648364
15633501
11863984
6173520
3183354
10715667
13090052
3378388
10258279
4835680
10988638
11934354
15208811
7339588
15616467
15749509
9072929
11835727
12356561
4008743
4863983
6548374
838824
8252046
15401392
8946523
5479067
5467099
12852557
12168456
11401842
8727298
9472314
2540332
16282036
13851450
8879957
12709840
4777059
990398
13144397
16193230
16036858
8737619
11114911
4234907
7989719
4672684
7281260
11557253
15173862
7827934
5605328
815060
6432125
4183581
13042839
9371262
5168298
16585965
9202932
4418900
12485588
10554857
7671109
2065174
7033001
7559783
5408891
10118941
12488028
9174237
14656450
2694238
7022893
5197318
13629425
12711667
9644777
16042483
12400657
11660675
13365154
12759830
11805833
7477965
5217565
3188460
7185065
4621637
1070334
13888763
7397057
11623882
617782
4208749
2860025
3322589
11014222
8549802
4495629
5555225
8114182
15760265
11157205
3466344
9258828
12300945
6857815
7230809
15666664
3573551
15915854
12161735
14999315
7141337
3231383
4223872
8250961
6690105
5603350
11535523
9511601
3152227
7358975
13205575
15289344
1751246
3208840
3487835
1488163
3387628
2037128
16353623
1551315
1842340
6170410
5384081
4592764
1636473
16557729
10193516
8761805
13930100
9592886
10749360
15047788
4002100
4862316
16457109
10951871
14710232
5788095
7420295
5751625
9328988
15717408
11370284
6592815
14885837
4216764
14129188
9352779
9275437
13815793
1528196
4549086
2693155
4407222
8386585
7528723
16003199
1221546
10020947
12808864
12531868
10068764
15855292
14140276
6654670
1949902
16477004
6948627
11039951
16318065
6576334
16167606
7765051
10715169
1994574
3933040
4429291
6403584
3267846
16117890
927311
7410256
4494257
8002970
11320677
13531177
13285853
10474306
14702170
4127455
2744015
10141024
2300834
8850126
9022467
1857659
6297803
12666804
4955027
8964222
11646510
11024000
5163565
467299
16175799
3895446
763275
9602849
12728184
12126074
2763152
13075493
1144818
12305710
5065288
11716012
12518136
5819914
8147226
4315441
8359361
9588761
319035
11022842
14417914
14179615
5706674
1204903
11382759
13280563
853035
9812961
10150786
2496852
2105691
14177809
16052390
12482797
12360169
1429958
1130868
3092110
2029813
12175757
12677449
2833543
3284899
6502907
10539904
7686656
5113160
892502
5209466
7252062
11808121
9605116
10579889
3611323
8273110
4364317
5663987
12143908
3959806
10210834
6298838
11204171
947700
16108597
5752157
8961534
13097727
13689423
3258504
14490400
11775626
2755367
6825240
8445413
10915411
12318607
15530416
8845425
16090571
10733128
5659587
9456662
7743575
4237272
7148382
3140203
8540716
2909366
12454332
6936268
3044013
8498239
10416375
8803730
11606726
8110218
15508650
6032328
12367717
967387
16063000
8206602
10050470
15717125
2538719
384136
395105
8671751
6513027
14315913
7605912
5842767
13256490
13520260
12159872
14953007
3345789
7566907
626270
13590558
12420647
12464636
5644825
15294086
13278601
13715903
12610113
11212409
12524526
16487168
1018434
13552760
7589242
16196851
14292136
816983
12558442
11114912
9606988
4194256
12477262
7708719
3306118
10041681
13163338
11402979
8953118
10583760
4471075
8830450
4922430
5259453
5733763
13551837
5776301
8426806
15456062
10350995
12999413
8533901
4355977
5235510
1012656
13796096
6446590
8340282
7884496
1426438
15802921
1902477
11477395
5419779
10464959
10824815
16398026
2326871
13353834
1621264
2936837
2732197
3101806
8253076
13401241
13137986
12647255
7581053
2800685
6883972
4665325
1003309
7733732
675570
13775200
8626503
2708678
7272547
3202823
533022
14665072
3504710
4046732
10666845
10813530
6560899
16148669
15694056
3959786
10497944
12231839
14521059
11111588
11844701
8324617
6558909
6278892
2734010
2272943
9472306
9769219
11546589
1352313
13409541
11429109
4564487
3928413
11425959
12570540
2570327
6413742
10199646
7239352
9422727
9689587
8561633
16341767
6665069
10252230
8751114
11346648
11994141
16340922
12039980
8539629
5673883
9047730
3683427
15878385
5277608
4768088
13899171
11870013
11757176
8407475
14241557
6710878
2513485
11473281
11186966
7094998
14026652
2711737
10653665
5994787
9767339
12501856
13264790
7334544
15064381
5861408
7676699
6449401
5238196
12158811
9675798
9846789
7236733
2042574
5586962
15978142
2502357
12385647
11415002
10084618
11916112
16084242
6933559
15445861
2169289
12158683
7276317
9450147
13848843
6605422
9103790
8154844
10843082
16424236
10429976
7368180
5663462
15331377
1990901
13104628
10084142
7529938
4243063
9983464
2214379
3950325
14124164
13976673
11210675
12544608
1065938
10768498
9667138
14569670
1680988
16568623
10587823
15071075
15443320
10904675
8149770
9066377
6648755
1970548
2393981
13897451
4624862
431279
16414135
14796225
9256975
13401784
11973802
2830313
12116258
10476492
13963646
6052966
9990634
7271039
9841252
8412613
4493258
9965148
4254961
6235255
6248749
5503855
7346356
3840960
12614611
11580861
6126947
12540452
4911470
10324296
8381843
9487948
10155801
637904
7076475
4357282
11175464
13597791
7624668
16587985
15223851
16164144
2247535
16414954
3012232
5970116
2550140
15097796
9020617
10405712
10070984
13604914
5393419
5574875
9656965
5549353
1021102
4534898
5847188
2053447
15685469
2478201
6548666
6579669
1043460
4994979
9378888
10435553
8574391
12278241
2844844
1326055
12785603
1175026
4769702
10172296
5546780
9446573
7210552
8935038
5966275
9215538
14233111
4393773
4995284
4404664
9677557
12302452
15658507
6708830
6780785
12791156
5909189
7265637
7640453
12494906
4696183
8573248
1849880
9512130
12740459
2390315
1031635
2550726
6863286
16156334
8105787
16546310
12363716
3424976
12212147
4191106
16152597
14817127
9355668
8263286
10880812
6402794
3141895
12591673
13761527
12659656
9660467
13578536
16045268
14255796
11426445
11325617
13320226
2561529
9638460
3826264
4704761
5703854
14421433
4675769
5457847
8591312
3993547
3204424
7626260
6535043
13298979
10436972
6015240
12071280
4705423
15042699
3033379
14465839
6292920
10375553
1690938
2023263
6387705
1939078
5229545
6930117
2295563
13986102
14905154
1072621
9076277
13157705
2613340
6707622
11693222
7436818
2884280
9053639
1256193
7616274
8960274
6992765
11635088
10348852
8755758
14449964
7639571
2922344
10126391
7111926
10066986
3727000
9954109
7809508
14272878
13352430
9786433
14350789
12351601
10601240
9749744
2879944
6350731
13882111
14642132
13858487
5966311
11075697
13406343
8867500
548067
12273493
4983360
1715111
12902249
10160801
2698813
14927223
1366511
2674537
4283351
1148672
6442232
15081037
4403085
4915686
12289484
11478025
3426077
15839198
13383544
12295992
7739122
12742372
16185006
8687982
16089073
12888948
9285273
546764
11814771
2805332
6996157
6123987
5148556
14130108
6374198
7281265
7294084
8825958
4443472
912062
6055136
8937804
5401985
1766539
13660288
14666586
6202699
7019051
4641441
3126556
10166089
12524524
4450704
8683361
3639359
1665925
7629907
10702335
14827022
2119266
852145
1130971
1648121
2661621
13642623
3639996
14406093
5296117
12812739
12882155
16191702
5024841
7043379
12119021
14225558
8965566
13149620
2005785
9077604
12487827
13984151
3582765
16014215
15639176
1273936
11288477
3571032
7394934
11046581
15786457
7330824
6341581
12825977
1218424
5192910
7044815
11220942
16170055
4682622
8286982
13299338
11678887
3429975
3098630
11895131
330549
8340114
5576487
2222961
9549723
2544782
3820167
6428647
9831624
2973332
16190776
3153413
9015436
11262156
11748234
7421619
4860820
6291301
7739419
4378276
1496278
3136809
8241566
14423335
1787944
4017227
6757560
8918591
4739971
15365427
7627514
12519157
569451
4865417
16506739
10402972
5929179
13593349
16226880
6242290
7700048
6341874
3060642
4483761
13384402
8249153
10253862
12900336
4892401
11875930
8638158
3847149
11901359
15321163
6384248
10764282
7066868
9559546
1680450
14836913
8376323
2551354
3220213
9603262
6530562
13609258
1441990
15555516
13414372
12545966
2729859
14398614
12908707
5933990
11225674
836874
8602255
9635366
9121428
4507611
3911364
10833898
3316949
10409076
7101144
13479148
1276386
7334677
10659469
6263912
11949406
3295568
13869551
12968480
5168798
14527021
4105561
13274991
15759786
4151548
7906718
12717303
6233329
6322480
11596934
8775311
8057576
1302121
560421
10413720
791924
11136511
7858718
12490243
4953430
9591147
10118321
3901515
12391544
14940527
6288340
12504257
11169877
6913889
356925
14029873
11487079
5213436
1443440
11539129
8250752
11793570
9525105
3033136
15844409
7719525
929208
8041909
5562717
6656600
5283327
8389507
6377957
5020720
11430200
10001727
4364693
13786724
7067813
14393932
3307797
15636750
7450383
8958390
7225414
4361226
15514249
14366687
10488096
12900198
8501136
5475693
3829929
10016090
11896941
2055380
764736
6262201
4854098
13387715
8801892
15784081
6080536
4393481
15865472
10756777
12959921
9304891
13901814
10421123
6467290
14345893
2563582
11649704
15234141
6371399
8878908
8853849
12644489
10171717
5249077
1776767
13705332
15248055
11984571
12504276
10530612
4481576
4439471
11976945
6005926
10748369
6776966
5238685
16321290
1291530
5544431
2437721
10242225
7203639
10219776
9404915
4578306
14550253
8835409
3554465
15570835
12122347
7867471
9525714
10311808
8044465
5717018
1785749
7663491
13423003
5152551
6317566
14039755
15316455
6677497
3486524
13800442
12047031
998472
3491925
10778486
11938767
2442755
16061471
13640364
3610842
13647689
6050182
8103374
5154194
5459982
2981330
12704748
13436116
16178827
1839791
10418229
14110428
3307970
7016903
6179415
4400039
6336980
4711294
11262549
3796534
3166785
16009890
788062
15028616
8562051
9756276
10115476
2939282
15377905
8283243
10638608
10103323
2738738
3410039
6046607
4650689
12381945
3657621
6616741
694713
4048744
2420017
7948153
5596836
2924008
10714683
1094981
13542347
5944741
4596793
9732221
3682598
7740679
15000527
8161457
14268656
6218350
3321405
14279468
9293762
1134978
2075969
11989695
770843
10267549
12551857
5910283
8778507
12405311
5225789
8951911
5398877
5060322
4221116
9028427
16255532
10932637
10577934
15850592
5122899
1127043
11542091
10726114
3544331
2875107
15117994
4961227
14308323
16010381
11679075
4828109
14742436
9012751
12416235
3671031
6051634
12879155
13139735
5467817
15683141
1061715
3950960
1769937
13107626
9092679
12231535
15013744
5855554
5029701
411529
10130039
15815743
6948366
13424764
5964527
8049046
2515426
7453430
5477346
10441494
3815701
1677495
11247468
14269370
1126918
15923555
10520668
12697561
15435885
8251128
2869227
11543564
7427386
325884
6233534
15750273
14923520
13608664
11192058
12192878
15404197
2102635
14350062
8364592
4520062
4348227
7590763
1838970
7202122
1387929
13808992
15382122
8644020
4768172
14398078
12912817
940716
7316146
16326465
3984881
16398395
7980362
961961
1393321
10416646
7279740
15657581
2937112
6365991
4585020
15720667
14709876
2783398
10270561
11822294
3879313
15482702
306465
10221015
8194041
5878301
9736954
6445773
6766908
10202254
3635949
2041644
12636707
3707751
1887466
7252637
16165093
12197806
16185836
15928920
2361538
4863453
14373057
7514510
10460215
6203378
12144493
11576646
12500362
577995
1917781
6232818
7478310
3942070
1487102
4613609
8135831
12072775
9114690
8514199
8596625
15713708
11484609
12671273
7418101
16437406
14193999
515048
11832869
14620100
14481288
5615558
2590610
1319529
2765122
4675275
14622189
8449234
8221858
6628611
5220660
6733980
5409428
4617961
3165936
13528173
11541708
8508335
13830346
15802500
9952043
6639255
9010320
13067830
3044113
6860233
10378090
13926965
10775984
7007593
3245015
8938431
5764949
15732186
16156791
10256835
14716990
5011497
15932765
10744450
1054197
3078983
6658892
5230076
9347912
16075545
11855470
9664135
7775583
1117059
9162019
11096335
3464172
15098487
16365903
2048451
4469252
15903577
8851552
16042211
15345625
9931063
15395331
14493353
15257156
12352374
12150917
11840379
1720128
10386911
6638754
9165030
13289412
4490749
14769247
10097921
8713318
9904365
5471634
678817
2989384
8751871
5530705
12952461
14680048
4946198
6558926
9826075
7744130
8340973
6376918
1868727
5288239
3413840
15653549
10947963
11159969
10363342
14804810
9196884
8987835
5982131
9486099
11303555
2502040
9648331
16092253
12055499
1617755
12125152
1682732
14806133
15397012
9094071
3711277
5335082
2083560
6127332
4272448
10280352
4848102
12708492
12559053
11809005
13027182
12178254
10197155
3227770
11436622
7578708
11272534
10470135
15616352
2764768
2265475
6996923
7482407
1063264
3078306
1167371
5879703
731995
3615253
16343817
677876
14572280
9328511
3603050
1236241
12911470
7819653
6605244
13463890
7266341
5207363
9806417
3693483
904487
10569491
3076894
2635916
2991230
13632157
7644034
6097881
8872948
8955626
4201537
13642001
7460002
3561084
9307784
11908161
4537724
2525317
15467293
771525
3757890
15348366
4702011
11297813
8829470
4753491
11498184
5220045
4359045
10572835
12794103
5184233
9397285
7529072
13982208
2739167
1153974
14119441
9937077
815378
11646607
13935933
1335338
13636640
2550005
16558879
12843491
8514729
12529657
15838242
11666649
8884150
10187787
7792906
561385
14374863
13410470
1159759
7272660
6302220
5172044
1737089
16457806
12651107
6302887
9786020
3273004
4271266
10072516
5729038
1438342
9448436
14250550
12862614
11299377
12629183
7341416
11453062
16439095
2165512
10500549
3873357
10988854
15127490
10953864
9431912
4206457
9197480
15669086
6956351
8454961
8894126
5768709
14615814
3321307
13272731
16137238
10321687
1221224
10907414
8380432
1278545
10674419
5531238
3287580
7508861
10365792
12456057
7759535
2050409
14618204
2916595
6750312
10989705
14978324
8801536
11883176
5247098
4161674
11232843
14614054
2630977
922765
15728638
15253401
5320811
12908728
4135432
14055004
6086976
13928900
3681616
1133772
2918051
12779450
5580408
12755250
15382121
5286314
4663940
1730683
8315233
6875948
13698564
11157627
3375401
15820685
6972141
5088670
13546573
16244530
10388808
16032645
11123758
2768391
6179680
6953197
9356099
7984427
3167756
15374584
13991985
1015738
8697588
2576959
6048189
2415357
1321000
10699667
13909286
10427156
7294601
3494525
10287512
10430224
12916675
10645948
5988947
11878625
673331
8761940
6038556
6818717
3258296
10982377
10344086
8179566
5313670
1694381
3423034
15163349
2549770
7019650
9910717
9353775
5523843
14573152
3556478
4889566
5555231
5133526
8643276
2810036
16530468
13306126
3666725
1194536
4940106
9493364
9833813
11766385
3689770
5553477
3360159
9309417
12572394
6669994
5191684
7792495
13184007
4330120
11367650
1094394
3349132
14306082
5481702
1654698
13332313
3725071
3618409
10388711
13989034
391991
15018693
954200
13956999
4341066
4944978
786483
3659550
10481773
1253605
1955403
12747517
1913923
5692119
9761633
11305373
12071887
7336349
12561412
6407400
8648187
13971449
15187977
4479968
3641926
8991539
681327
1099157
7372919
5839811
5813425
10496436
16283583
7200670
15793255
6270445
9890574
13179982
9739510
6232374
9429736
15880527
9905902
13142310
15497017
16429126
11575794
14556659
14880946
8926534
9001753
11153972
4075525
14874832
10700427
12712570
3926020
11863187
10729634
2303214
1504971
3819812
6798001
14244263
6583313
14358842
7052923
2672422
9957983
9440498
16184422
1584835
9162942
2543803
3822269
7256978
2700118
10601083
15312595
322917
3372388
3203338
10418107
15969440
6344131
8782252
7462978
15604523
8579206
4329285
5295114
3228501
4768494
10906950
14492379
15118043
2986213
616076
12460799
1646628
10498749
7411714
10863708
15397402
13718933
2706935
8204104
10041455
6824733
1600670
6849766
16389824
6452730
7110485
12050278
674609
9478723
8158676
9017870
10663722
2721741
6380054
4414341
6241198
4155682
16126183
8268173
4428970
3276043
2583219
9871704
6110602
6809505
9013881
14781360
2092428
11470820
14364066
3910362
16560387
7109141
4537970
4257743
6751676
10101029
1311458
15323283
13351816
12373403
2580333
672860
582695
11403915
13377397
2146765
11828165
6420116
854470
10962854
4026568
4601312
2476131
13642542
11053552
368312
10276617
16463268
4730832
13334027
9228246
6838538
3027706
8735827
6975250
11728376
11549041
4803552
13069721
6592269
15407399
4474910
4663869
5158745
8909697
11485934
7717731
6629457
4288119
15338873
10037321
15006982
12866966
15372598
11642648
8937363
13762750
11495168
2457064
11825991
8978102
2058034
11274883
5571303
6872839
7093338
2010322
6225826
2507156
2428585
13270457
4339134
2544986
9029489
7907331
4525850
5226065
13620586
11492192
16584522
14617558
6760598
12999978
2641160
15355771
12859122
4265978
6496712
9853166
11391984
2076158
545983
1608759
15061716
5434740
8760546
7800093
13669230
4920020
11877753
10573067
5586789
306082
13882460
5762661
2505925
7400353
13678552
12131454
12297850
14598486
13972226
12783946
1707130
9455633
1557308
15089525
8787741
9009860
2278562
7542342
11370372
14555250
11368011
8793003
12329231
11386535
7248554
4984191
841235
14336046
6910220
15506544
3926699
7451807
1096540
12704109
1574257
3806558
14007711
15626606
11430626
13093502
7129415
15126620
9660326
3655669
2182794
5211422
5974470
7940104
5307762
2334611
8394700
6879394
826240
5581796
13052002
2498841
5793369
16081691
9740396
13255535
11109876
15245895
568196
7997587
11932985
2384020
13831816
4524244
14360429
6795698
5714678
15228962
11898504
11647013
12856433
11632650
16183895
15932485
2882158
8601942
14704393
9122143
3216908
11173285
3925451
14428884
8359331
5334987
7028023
13754938
9633439
4645741
15822778
3616011
8306787
2950321
1229339
4321496
5237838
1513614
8879497
9587791
8317946
6189821
12024338
7033634
14420553
9024868
2656118
9105004
6707073
11975492
6152032
3433514
14109419
10996423
15688273
9704031
10036154
8585922
13043080
5717471
11429696
7880278
5459143
4106728
1962237
9227985
6527251
15787285
11679857
10056851
15840370
8386007
10690901
13763695
15492230
12420902
15544470
8679720
4396055
4919022
1903146
11084087
621044
8236164
14843617
16467754
3381536
9616778
7537864
12246032
4568003
13711817
6036124
6250959
10389010
7639107
3323591
7065887
8707313
9011502
16161606
8651012
2924711
6667551
5907337
1468847
16453261
1017097
5880453
9776179
2109534
9940663
8978609
8199284
10576252
1250475
10613116
14310392
8526186
9051944
13718739
14325937
3837082
11197224
14726918
7664900
2450555
6242456
2815158
3274193
7894012
3314182
3709731
3326260
3647129
1106419
5628702
16432500
13770976
3681187
13329693
6449491
10890242
4152440
10222670
6475257
4121520
1103401
16411397
10557239
6933961
14798725
2791457
1007359
10928734
13376975
3112867
5240469
1877650
3160161
8848619
4197136
15134399
3147919
4810215
4204703
7845463
474273
15492457
12839575
7220600
13313643
8709181
16356847
11033331
8768667
9668362
8194742
6753152
12122102
5435878
2938056
11296108
8430205
9504865
12639597
8292140
15308180
14723909
10391876
15710196
11266991
15072753
3657240
12965888
13540651
13281701
15571873
4200235
2220412
4485285
7115962
5101893
9505588
8965690
12603806
14794076
14484574
9401898
9903680
12090852
10505715
7484069
3224752
15737268
10036807
3530979
13907927
1333216
3818567
7090914
9957675
7672803
8479853
7388061
14916543
15134115
11016650
15219034
2939375
14643810
2436021
9178857
2831156
532940
5470516
12428918
12528360
11429212
8235483
2643962
1818364
4421522
13055693
7290808
14402543
10104688
1630483
15622532
11328583
3329556
7943432
11337920
13479522
10821231
1627673
12305714
8008080
4694348
1350907
4039762
11491154
10789235
10852245
15173819
4485274
8240424
3386594
16558679
7230582
6775682
15881687
14265189
12220887
3245042
6077922
6878420
10869840
5762235
13107435
12473115
1456938
11691994
2815198
7264933
10672032
12686570
10262570
2921824
414486
8524371
5405817
12426035
4909424
10484884
9970360
442411
905365
7392433
8064893
3004390
7009052
11536672
709829
10045303
6513385
1343231
7414766
12412098
4422961
3267222
11089454
1913468
13481180
3023120
14937245
11199017
8940026
13414246
14861888
1624638
3801072
15087103
14981270
3183473
9455001
1876956
10382008
7291147
1016901
9058457
2781745
703062
7737953
15154676
1845886
4142575
12094563
1350964
3778311
14317451
3315941
722354
1414138
6049715
3775884
6877735
9314178
8751379
16198425
3488315
15420708
11472514
8927547
10992136
12116982
7335253
6434149
3987149
15791059
7063800
6143930
12135484
16351832
8512729
10316096
1781228
5967051
15556646
3867316
5283089
14083921
12755992
972610
5952664
10953843
7732602
1095650
3710568
12366492
6744816
1722309
13546399
8476947
9366936
11371037
11285593
12438605
10829294
5909631
8799315
6469078
2547717
10022310
9516254
10782863
6155041
4410197
5367180
12670716
6848399
10036395
1636267
2546405
14537749
16264166
3391307
4218115
6915385
3446425
6936136
8506821
16173993
7276383
2185450
2954544
2362534
2378420
4054678
11263042
8786755
4897352
7998985
12107731
11137641
9984109
7711747
9153302
7745855
7814803
9413475
4004261
3579546
16093816
11857000
6633352
5148157
11531871
1505531
16018197
904268
886844
15628356
3060687
1491090
10570856
9783395
13067857
4409294
5259346
15888979
6577850
9642492
7329977
2318427
15988677
4586486
9849609
11619204
16075799
2891547
13238125
2539602
8380483
1764741
10400581
6214628
10645479
3585549
15225724
557974
9037482
13115151
13628157
6529247
1232886
10284573
5764519
7475494
10302460
10899668
10652156
2693318
2257911
7673096
9715456
15686148
14856806
11204782
14331191
7387621
5937705
13404193
11359442
15719068
13034280
7775234
16332308
9788978
8182948
10875767
7346617
5147153
1280921
10546385
698101
4447668
8447888
5461292
14778694
12783721
15444291
5825573
8987684
2198437
12308636
3352447
4163705
12021304
2824585
2138413
9780608
1442970
15108649
14374825
10851892
7534326
13643902
14348672
10137576
15400575
15639863
13792921
16481443
5657955
13715552
16535315
13904906
11768517
1362436
6647010
10178552
1027335
6891269
4728762
8930770
5835345
16562191
3345087
9277361
2403811
2842644
4106447
16179227
5629521
9552171
1505539
10211485
13653748
4744321
15949072
15841263
10207916
12407033
14521328
9606412
14812666
12094831
5101274
10083785
6911963
9009323
10805359
456969
469184
9632401
12823406
11629771
5128391
12268326
9130191
6049192
636723
15389275
8108546
8711448
5804462
16578200
9421043
8322561
1866366
8289046
8427111
11316423
6371363
16024411
426071
8545007
9309068
12792049
8597917
10676705
13914811
4326377
5229389
13825572
4906260
14282145
12240212
1801268
14079427
2431654
5402714
1116363
3111441
7652199
15648191
10680256
2254700
13935050
1305170
5043993
4997407
2272412
5498458
15376794
1751099
15321366
12760232
7742368
3837865
14424502
4503492
11106030
2922550
755014
9893836
7898207
5670253
3536744
6755506
13516873
13787730
4878826
3313928
5162552
10551482
1810370
11262457
8894551
1484086
11176958
8911663
14426579
7699158
5782544
1432231
11499043
7668907
5213290
8133980
2676544
15823460
7477610
5976731
3902277
8704595
15327257
13196905
9085826
13498555
4990451
15461742
1322458
9183289
10845498
2243630
5524144
11470252
10013211
3818147
5220737
8356224
14668894
4619851
13927946
12099285
14152676
4828930
14337764
9277353
8824017
1293300
4013849
3590230
1153297
2242480
13436876
8294297
571315
13852398
1926205
14238019
6886890
10645128
7335981
8889221
3412049
644078
2549931
14192453
13894679
11895268
16554058
2288949
6229760
15891892
7924435
9793262
3261633
12266808
13240927
1903388
10058711
5303770
5522782
14317486
7941641
10831408
4230993
1499807
4134936
4339274
4332673
14924207
15780452
1514687
15077241
10760782
15120904
9276970
14737801
12821750
3696992
1060875
1607922
9622609
7971256
1621763
1740321
14465266
13939775
16577254
12755734
9344709
3140181
10969830
16014373
14813211
11815535
2391292
9004315
2675740
9511651
9982272
10641757
12442614
5354052
9812267
5667410
15049601
10411931
7155758
2842460
3852498
8432860
10429123
7106260
15820328
8056162
11949300
9487179
10298308
1771785
2565348
5891176
10684085
7179458
5505745
13368050
6148522
9251783
6140615
7090009
7677073
2576858
9303730
4408750
12577564
16558626
7117984
12654709
16287862
13602230
11442586
5758050
326758
3427502
16146005
13053004
6457232
13159657
8966058
3501690
7801671
13846459
5873203
5303148
13013212
1372488
11950322
7649795
10201868
5422780
2539288
1832345
14361331
8955702
7133527
11174434
3792450
14457707
6470821
3112682
363870
3114693
12449531
11363991
2311451
7369237
12624973
7884014
4940194
14030155
14149680
12172537
12899066
11943928
3725425
12721502
7848423
14865620
8852188
12603235
6972443
14537631
13376991
3479892
5561076
1699979
2439330
1234206
14819289
7910374
8143774
14982670
8312833
10415695
8347157
3920695
14726801
15491009
5382171
2608572
12675804
7123623
1549877
15121766
9433124
7363540
10123997
11163973
3001703
5118555
4254797
5139943
10368806
5817310
12043259
8910994
7229699
11612725
8638974
8870521
3478318
798313
4027908
15588358
10448101
16061640
4012562
4051333
4443393
16395034
15919520
7186919
6891143
16521085
4327688
5964607
15185690
9752209
7414720
3448053
10007289
6874801
15155596
5214211
6553034
11410068
1693335
5978945
13948007
2227886
1418365
2470917
16235529
11412144
6573404
13317098
8857964
9613375
9182780
11806122
2543465
13418210
9375669
13661843
5240920
10636152
13695613
6705675
7242704
15342943
9026542
11527268
10324740
10559117
7721139
2157186
2915284
12403828
13613043
3208900
3157884
4713394
15281573
15152261
3603001
11096307
3139677
10643958
6807892
579976
13151741
6610712
14398306
9864324
6715253
13686648
6969756
6743919
7545101
1652613
4033045
5830794
10649222
15141675
1772762
3268566
13676271
6312229
9984165
13755886
10023451
1985602
14637268
2937365
15347042
8878379
14224815
5428813
15596962
2109875
9799889
5820476
6244691
8106368
3073138
6124573
10061468
9422752
7242642
6573533
7580181
2993595
8420575
8324294
4876102
3017340
11179441
8810356
5126997
4276077
3941887
3337689
8877620
6576156
4931325
5552865
9680863
10550365
11531136
10126604
2714843
16479655
12324219
4413614
5743171
2571148
14032997
14393962
9562449
3859790
8886793
14622643
10811001
15506768
9867188
14327629
12087869
13209180
3644996
4976672
1890043
14016521
5157381
16586195
3024584
4660021
10092324
12809852
14348903
13740939
14958019
9404774
12581769
3776877
9975553
10102723
10061970
9922635
2094366
7852529
10567157
9754191
2094880
12418802
4502626
6869672
11649291
15744761
11509374
8827964
5406432
634020
6780897
4665034
7216244
7609172
8016506
6753425
4067684
3549112
7237549
2715924
2661284
7379590
892925
690193
7301213
9352439
6310248
4503907
9947948
15025456
6314568
6279082
6709950
8818215
8819087
2452130
4041775
16565434
13256423
16247854
5238846
1961436
8456580
15287990
5646317
10803363
15651197
11383311
7221260
7448234
5360072
15379066
16053314
16460498
4470024
2869335
7301518
15248895
4422681
1781878
4730989
7215249
14541151
13967161
1109496
6287260
13519546
14547785
12440071
4958868
990835
5560656
6813990
2739847
4772224
15860341
8932758
11582886
977664
12979033
8615021
11513163
7631290
7079465
3667236
6863184
2464294
6701149
1371828
7536241
1645930
1657441
11417376
7166713
16314118
7357420
12292348
11320011
9671598
1300975
10167353
3905864
15028589
11808482
1169178
10635740
9971444
3134521
5665174
15061358
16172079
3161089
15994244
8352159
9547246
10401758
2617769
13440023
6797488
15779300
6860779
6365871
1459096
16285051
4372068
7374269
11728346
14520223
8170828
15014297
14983623
10562992
13914426
10503948
15611853
9914228
4064046
2020076
2050083
1235149
4833828
12718753
14995763
7730414
4129269
11294132
13312557
1036058
12269223
8558284
13898269
12616190
3339899
5628356
14744766
8979383
3486657
5017081
16297574
505816
13178935
542932
3765309
6213320
11311061
15973466
12874915
5627623
9284247
14669239
8535008
4808753
7451061
8839035
10659618
11076252
16229460
11952061
15919090
1207054
2830451
7078463
12072150
5696849
3617039
9011820
8340648
6556558
16258880
10170712
7920906
14723142
9007639
8738527
8446808
12599715
13403920
13955093
12286819
8674851
1451308
2852289
8344902
4725854
2124346
9560263
7433048
9138092
554672
6990856
1222670
4176830
2260564
2770901
2624850
12893202
15496822
3352110
5528524
11862629
1844442
3838656
14184829
3562361
12735031
14431302
15731772
3583074
10584897
401191
8201643
13029504
5820574
12446798
8121114
6155202
8074945
1385650
3211138
12834091
9443845
8025122
6532336
7402467
4492422
2839993
10102372
693358
5808874
1545210
4272084
655243
11939672
15004402
8953691
466798
4570928
4493703
14202799
6757790
6516451
5384136
8824729
5547442
15380132
11004538
10680206
13267893
7224213
3642878
11219092
10539885
14166234
13885892
10484790
3794049
5650834
13360958
12140341
2629251
6355193
9310558
11654623
4004068
7898605
10110944
588942
4679888
9846118
3195974
6894504
9709429
874241
5237934
12208742
7828294
3555639
14011330
13880378
2372288
10235321
1043399
16387108
7131336
15373672
919565
2179217
1690331
8101348
3139877
9434527
8436778
3984607
13656467
7565300
14719155
7021573
5783262
16530482
3537317
14124489
1342646
5490071
11735146
5960715
15347513
13199339
11635439
11359693
12591318
9645407
3811599
2009276
14435163
7120863
11431369
2052264
16304397
15707125
15109182
11936799
1910702
2111563
14247715
11290034
6298517
9945362
16147467
4980616
915170
7168498
8238470
7978721
14366837
6969484
980208
15188351
3122703
13572695
9180757
5410161
3481141
16188573
5766975
2164734
14438323
8382584
8483314
7579206
16104866
2800935
7754803
8911201
3648048
14570644
2270720
8782168
12604575
12352985
13680967
6575262
6712418
16589425
2055871
7211291
11248812
3510807
9055565
4415719
11118999
4842183
6408553
5484108
2067522
14670564
9859375
13354721
6622443
3306944
2883079
7682473
12685850
2685730
16025681
6759043
13132398
8580814
7026434
2230865
659267
956234
13270361
7744731
1100876
16276291
4630722
14333585
10120523
15508279
6001706
11864789
13000864
15234279
5870106
13207574
8137765
315983
6020714
3151383
13269967
4933706
2192542
12999567
8030040
6910974
7017233
12021900
14416242
13981855
12129675
2968833
2870163
8110547
6953048
6753993
4620337
12069793
9358088
10957293
12687742
8249819
11196012
10053820
2536003
7011024
1136411
12584127
14781365
1861690
4053756
11812046
1853019
5944502
2619639
8037365
3520570
7563269
1107868
13441594
12284712
3559953
347736
8110718
8423709
5140328
5984141
11705874
3489551
5418483
5639738
11960413
12608070
16325910
16500313
6675497
11862176
5695826
697684
3887706
1485178
14805981
2581019
11899762
13519563
5905132
9287766
865228
10972660
4029742
7253194
8348083
15936597
16474353
16309385
705377
7346931
14103048
11236853
1130988
11246950
15749424
1195363
14209199
16466858
818992
2378683
3930195
1681453
5618943
3441925
13657117
15774938
16104102
12740581
6480392
1654104
7574005
12178774
6400445
1380147
15350338
11819397
9476197
2200132
12211069
14554269
3815210
10815760
12815864
7051660
9151476
15567954
14446267
11948675
13058096
12132195
2613038
14580771
3608530
13420880
15695596
9179128
6182091
13579288
6971198
2518219
6501777
16228827
10746150
4417269
426002
12786667
14717152
4221728
4161285
15730781
13389010
5026970
5108574
8609236
10463272
3779294
15392580
12636572
1240070
10649400
11444060
8231478
3876382
5117373
14486284
12171657
14550287
14967617
14758419
4249507
15503005
10639274
13921368
10565903
8846201
1049773
9704115
13243093
13287034
15708684
8756408
6257924
4976205
15280165
5408387
1319286
2593184
14684917
10099090
7974689
11846047
3793488
6513464
10494626
5500312
14175602
16029094
8744254
3594382
3881277
8985175
577629
3942046
7340687
5129418
8172493
14134508
16286736
3573333
6180918
6773508
1713199
10544167
890959
3288084
650674
14200164
3207582
15764571
1364941
6320265
1085738
3297128
11181076
14267038
8251495
12959871
1486271
714508
9712493
10499944
8269928
11120419
14724638
14055488
6178991
14064603
11864661
2472128
4412212
3018714
14994377
10028381
5632298
12586289
1943665
2859208
1112344
11905191
2075537
16045916
4667345
10263680
12169162
8011853
15275399
12953933
1604250
7203814
10442055
8633541
10090441
12048247
7779179
16570231
956622
14163502
2257945
15759847
11098457
5120985
2385217
14938772
3833825
2150091
15790707
8920887
13276608
11343020
388695
16443061
2585428
14235829
11298092
9074708
7121327
4065504
11601227
8398809
13909071
10199339
3063051
3667335
4850164
6247136
10689168
14749367
13561417
1677871
6719411
12196659
8845629
8189943
15886462
8554937
4513202
6118374
3091392
12067679
9158664
4714973
6148959
1185275
10544666
12230519
3931488
10174720
14036803
14716989
5199523
7566371
8458107
2757778
1863714
6880543
15969350
5114952
6877110
2786919
1749990
7175739
5768140
15400190
14733541
1505267
12080621
12672684
2311570
7380169
10945536
2724327
5704355
5662404
3819083
7489813
13409495
8522199
2498987
3466665
4449146
8506911
5160395
15984373
1759794
15129734
12808691
12036359
15766634
830679
13342533
6010956
13499679
11240530
11843607
15054820
1216362
16341822
3797251
2573226
7490753
14118702
14580449
7502967
14383089
6741210
3979035
4663500
2507244
3254641
6871004
12326547
12172747
16045541
7730561
3849953
12279705
6668514
15713271
3161746
6466795
2808056
12248460
8910612
5643457
10037577
2395019
6787726
11999343
9522721
14046966
4101375
12142985
11418920
14128360
13330235
2040186
12667649
13593981
2233979
7295639
15712283
9858111
16037117
14532056
4267569
10790138
8257813
7468811
14573920
961958
9107996
14061394
10877082
10629948
1342192
11869282
5167126
13648304
9983845
7747639
8533744
5144133
10417516
7662861
1509869
10939625
5258111
4423953
16215834
10970874
13906954
9234391
6748036
805595
1497202
440763
1698330
6433637
11132045
12407489
14849753
13861029
8715984
7916570
659892
16358360
2525106
9881677
2277328
15695239
5566731
12441647
3482062
12936539
15528120
5198016
14549631
6431650
9433968
10418004
8523561
12032715
1684409
10955165
3261857
15712767
10999356
1069782
13978192
8216351
5637085
16598335
14446549
3095202
12621169
1610334
13894976
14623796
13044875
6184337
10788873
1690821
1864336
1651276
9955185
6049989
14043719
13483302
12960216
10202096
1575797
2975401
5270007
11299702
13860920
12746432
4793210
11387336
12413299
15546629
3735438
10795456
12145879
2377837
10850103
10076945
10052760
14121254
14017021
1222995
8322988
8008490
5616857
7179918
11490895
7687451
6357728
11359377
10236466
592336
13170730
8697487
9029478
8148414
4324996
14781079
10465389
2361482
12602741
4166132
2868188
10911902
14511559
15889793
6493539
6115215
5400301
7149518
11724197
15405592
12200262
5735897
1810790
15339783
339361
11498791
2539412
9088923
6325528
5543516
3633636
10587661
5839129
8463145
15588349
7013316
12144183
6122593
4741895
15528674
2764681
7644924
6548367
13195362
10870077
9459990
9778735
10847755
12656807
11201782
490459
11015795
12474120
11944895
4122415
10891714
4155073
13128131
7278350
1293029
12595225
14053200
2688473
10380232
12188874
10417809
12383685
4725480
11973095
11415649
12604443
4396735
10708233
2346060
7328628
7497617
10127992
3232420
8799647
12414820
14895587
2306179
1880548
10320092
16018506
8578578
3621350
11937855
5155958
14553059
10740063
7240882
12241215
15226231
8455874
2560336
5043854
11367710
1828850
11537338
13106615
4883107
5741083
9876875
995426
11134537
9950652
8902160
8254742
14724217
10434745
13638290
10735813
14556319
5999175
15375830
11663836
837507
5379078
8691589
8910627
13539632
15643740
5823706
7075848
10637236
14113979
12005136
12584116
8166009
2178082
5786719
6853596
14160919
13985562
7916050
6205361
11771502
4565988
2389024
7627824
571574
5963757
4711991
7320710
1084577
1838049
2661806
1797914
6910245
9465498
1063565
16313779
15831378
9196026
6391612
11567599
13748151
5275744
12336338
3536177
1602466
1530941
7811126
1676847
9908135
12044752
1972474
9999990
8052505
15699891
16390105
11363482
3051333
713125
13287187
11713991
9199835
7968918
11855065
15839570
13290483
7515106
2868235
3993115
8717910
11520021
959498
4199716
2998034
13799312
14475284
10278896
2819633
4673489
2625500
11074631
1331568
6941694
2339337
14650547
959597
3749470
12770792
4533794
12552877
9374268
16236480
15465353
2242010
4090639
12888134
4998608
5748315
3641956
15863604
10651846
9514674
2703181
16395441
4079289
5662602
9591989
6416372
3969027
9787431
5488011
4698058
1495719
11689231
1805532
3137187
2051005
15737576
932327
14451188
9034495
8576695
10681327
1136062
13557854
11891386
12355772
2325724
6361569
13601931
13581193
6656752
11025284
9494153
732902
1789802
12860334
9559064
16111580
6468427
773321
1901721
11195915
11392714
11729915
4851099
7291820
13383580
1289059
12110812
16429526
12791685
2591417
11953109
5760015
6502706
15648040
16099063
2563555
7677729
2514238
11723469
2764255
4729900
8884442
14892337
3392265
10110302
8016821
10721287
7249760
2813156
5061845
4027569
7709116
8945506
11998810
5969301
7600508
850459
3618499
12180130
14916655
13128265
6230328
5372615
10160338
10595736
11931996
5257307
3577293
8859038
8394333
10234579
9688141
13181645
6996762
8204652
5375781
3859120
4538239
5330785
6654140
16376413
11309864
13867787
12836050
748218
7535852
13932451
3363090
13281145
12503546
2854683
5569983
12850774
8272486
8021767
2809133
15149742
1998509
7561182
15371196
9108821
1795174
13110875
12009667
14319667
6441956
2731560
16564591
1940167
3192824
11624792
12793107
6216659
13525419
2609488
10339005
660191
12081201
9754244
4425291
8715608
2003059
7238276
10274282
3996105
10237295
2161725
3144407
5240769
1448412
16121463
6614675
14557694
5053821
11136046
14056098
822893
3746855
9353580
5823523
5782830
12695403
1030482
7828319
8738862
14412307
3910901
3070631
4298700
15653905
6526855
15184521
1766625
2141572
14989925
13644658
7684207
11556813
6425862
8192322
4903802
9967526
8161785
12058072
9898554
4480662
14229330
1622988
5613756
2561118
6662491
12797493
11233657
12719735
13505544
3541467
1622131
15887492
2601108
7715792
13283100
12502231
4650316
11583152
7474610
13433635
6939240
15500326
7368666
7299367
9147742
540402
921070
13198451
12100460
8551779
7348545
5714506
7521017
3887062
15067460
9407101
6741609
11927790
2549608
12129500
3743285
6849146
10178560
15999781
6327525
12193645
9076353
14691859
2782665
16159836
8712727
9155380
9301185
6151862
3453624
14978273
9606406
5356652
7665639
16024091
6294583
2060865
4563546
11534221
13987074
6102220
8753282
1112338
2606562
987217
10969584
1234470
1387385
13574914
3806786
11050966
4430284
2399177
16097940
3486593
3905631
8138319
1691507
808442
11071367
9808941
5828916
12793137
8501941
11745542
6446753
4643594
2933779
9124844
12249955
5717740
15687521
13778331
8912094
7755839
16259965
9849934
6292401
2530216
2214190
15649236
5897872
14306390
3033611
11668894
14596652
6513734
1391138
1235971
5896592
9207759
10009439
7241851
1211740
13311338
11514736
9204932
10970335
2318861
14916697
9723738
15355585
4351964
9182675
7280252
11775782
7984613
9260673
11992759
1911977
4774740
11582056
1134126
7545630
1833669
8882748
16473500
4782175
9849752
10194296
12450869
16547511
4133390
8569171
7433821
10654742
7350537
2048020
12116728
6465020
1951641
7306752
13720678
10922505
5296818
3336710
12119654
4009684
12823512
4591560
2887162
14491237
8987943
5235656
3350874
15114677
7101374
3685121
11133114
14018147
9397013
13999249
13958740
6417850
5450172
5003054
1508913
11052302
3799336
3392470
3507975
6732051
12832797
2375703
4184060
6115900
523268
1527094
933388
6531118
347653
5621765
9201910
4503118
14896823
12149824
757810
11001083
973346
9441113
2826515
2344242
10585301
4059185
7220100
2777789
3350500
4083520
4935692
11169014
11668039
3308403
11218691
2945516
12762040
9724275
15210684
12601007
6517520
12249616
4866955
11623120
10031204
10210829
15350990
7834807
13179269
8843653
4814130
7239404
12254824
8027028
1382360
3569459
3090930
3237220
7059955
4974101
4401226
14586292
15895247
2692107
9880134
14250876
12176457
11233731
1548130
854338
8549285
9862254
13590002
11363227
10625073
9599308
14102922
2185378
9332839
11571709
12657800
6072349
3760966
5096776
11136737
9116053
4436912
12022198
11966138
4232718
10686778
11922420
10317414
4756167
12917697
9348084
15445498
14326324
12459980
11671243
16495100
636942
7753605
14358123
5348236
9642430
13465814
10306945
10995187
10227857
14609447
9179005
12628017
10844869
4660933
2101066
12612402
14023542
6976034
6976518
2677695
8702895
12248317
3376525
16100858
6131362
12543168
5179620
8880998
8156317
14760065
4169106
5685128
10637877
6499307
10881077
6620362
13938268
3272373
3492992
10076004
10075775
13082710
5863747
8806740
4934751
14989491
12618644
6949582
6819901
1926496
16150388
14988796
2531467
3694601
763880
2545925
5827165
15590064
1021011
5624688
7120075
7109389
12512153
11597636
1811078
2517081
15601849
12414971
2075811
8193112
3020537
11180627
10812342
1273591
7193170
11452699
10452310
14607670
15379230
4690343
10700920
7212198
8719215
4494442
11487315
9862180
4110680
7539071
5081192
6786488
15065313
10760075
7478593
9891743
13910811
2997064
4917787
3071750
12137604
1540865
5813878
4162371
12971138
6893065
6433663
13175036
12437436
9743256
8898614
13649860
6376549
1330541
360994
11424615
14287606
8158761
3619474
7529859
13078876
5260825
13607461
3724069
7322526
8727023
3697025
11617381
6180682
3180725
1942811
13672609
2093917
9465654
14392850
4094609
991642
6008098
888599
2498081
2525845
6606942
16170462
11683895
1975937
14204931
7307337
4366952
6798343
12868494
10084633
5435647
1767405
10284293
13913746
1292115
9117394
6814500
766945
3463097
2957556
10569148
6127055
13907770
377891
5779833
1254088
1967277
602606
11607814
10527705
14583337
5940371
14019541
10973846
6780859
5058898
15840595
13863869
12820773
2101660
14692171
7443549
12904134
13564221
11580159
1020790
15948718
4419295
756300
4935721
8701358
8653442
10931558
10413623
11590549
7466596
4258879
12499921
13535046
13890023
10022756
1061384
596809
7823080
5629804
10761738
3729221
7629037
591343
8116614
13732162
10541836
5340531
12000416
10064040
5896760
9142853
5732470
9018825
3707393
8358141
724556
9058016
10305814
1501641
13323073
5445515
5397625
9258885
9797684
14603329
13109246
1617088
15861250
14563419
8965685
7409617
11014063
7416909
2302079
11465602
15242056
15353727
13962392
3519794
8661484
2958210
6610494
2904157
3161649
13487879
10135380
9036472
12138602
4511164
11345389
16235274
2168571
2377579
6327463
343733
4987427
13974410
6289576
10806760
3879528
1595530
14120844
16280306
16474029
1677659
12675429
14914384
1297966
314771
8972570
9616136
4691058
13363704
1288273
3828385
4672932
1244224
4927923
4504499
6363965
11862514
15215326
5523836
10903589
2601998
7495228
13752125
5297606
4096896
13635623
15748917
11563847
12041515
1977289
9781123
3491573
11571286
2824155
15937954
11981608
12401157
1950683
9059230
4910381
7204645
7343129
14670350
5209686
15647402
5699666
13714285
5198398
11464106
6047236
12586961
9843547
12583277
1080183
11063732
6890395
1978895
14951722
9344789
2397069
14393371
2316795
11585836
3568077
9002552
482258
11387918
8666341
8358163
2291263
2856173
730354
3536281
16366633
7837898
13109965
6066796
14133698
2830394
3564669
9692935
9494586
11365505
15381599
8117869
3340341
10572928
7450176
8044046
16446149
8665548
2236825
12938145
1415608
13151454
8153148
6921527
13083992
4339053
3004977
10774423
4235623
9920710
15094078
13744874
8938936
4739803
8977358
7015407
8911512
5113490
11044704
5621160
9492094
3355515
15078810
1877186
5499347
14077515
8384870
5625432
2741573
9404232
11485940
13385237
2491078
8610505
14131782
4470281
14193491
12872102
3275487
9016644
11030660
15762565
