#Seed 3073575275
#index showed the (transformed) postion of the SNP
#SNP index
10119918
12996149
5001521
13986144
1268506
2338424
4677523
1600882
10278234
15273455
6143875
6819364
10068492
8814305
3449371
682334
14773064
2997470
4499154
15118458
583190
14231299
10217743
6264866
14895058
2378595
1080560
11196560
10445909
4884332
16495668
9522749
12861142
15293282
8966796
6141256
1549564
3458991
6457717
12476166
11327700
7713095
11975199
500664
4848956
10910855
2609259
5490626
10217177
4723237
11131136
9814756
12333814
10816633
14244764
11328306
14344480
10400444
7096979
3574747
6782300
4046548
541632
13308991
946122
8791454
8972636
14865986
6845505
8057230
5867053
13831274
3123261
880762
14540008
11054366
6221877
2894874
1673848
16541442
15102469
615143
5784427
14888083
546428
7378179
12089258
9499558
3648886
3658951
1831435
15324236
8656994
10736245
11661811
10350855
3347767
9092672
13001048
7568795
5636868
1349293
8745925
8409051
10616032
11773634
9140508
4446192
4702930
7778894
4214391
7464411
11893248
11019108
13725930
13368885
7037744
13992667
5279603
6803119
4705768
12059144
11043402
5378724
6873092
12226864
13760943
6786099
1972862
3550257
8128006
3822159
13929288
7663817
5350385
15109909
9016272
5249159
12680340
14421003
745359
916302
4022400
1189194
7767395
9461626
6129379
7929227
16043000
12983661
10089604
10540185
4768129
14199017
2105078
15975213
3516372
9742378
9269595
4618311
1910487
10551267
1855686
15109227
11019696
9903992
6758904
9901968
15729864
4793880
10003526
8704508
825105
2045602
2107771
3956392
15036320
8311525
13351527
13640729
7437566
10424128
5181669
11105911
783515
3865579
5367338
3498071
3159757
5782813
2953391
4216652
12127109
14188980
5310458
10227849
13039254
10620696
9048805
7440421
7974522
4631440
9289240
3915621
9336007
15756011
8690191
9120642
8614382
10559665
11889816
15893198
990241
11362585
7671892
4929756
10930909
5582458
11452945
6894923
5891319
1312401
5767679
8757354
10516873
13340978
12130883
4653700
9171947
14434896
5517495
10307352
13643664
2647824
937494
8567240
9980136
3727871
5655536
16478776
14847085
8846516
15069031
11386497
6863452
11623595
11642016
6968044
2030469
5906894
12893160
7743676
13036396
1211018
13768758
4057730
11083378
8859991
11411107
16578888
659382
5609430
2309058
15758326
2178276
14713232
7531205
3012643
15293919
7453924
16485669
16506944
3579636
11547127
6086820
10068814
4394306
13209535
3865014
10842118
5382421
14913060
15874291
11076252
10469156
11115648
15546991
2194135
15545449
3657948
15705290
7312758
14594152
14454779
14497706
12856318
5642888
13919840
8963887
10939535
2072417
6564257
14020834
5707779
11495122
3353990
7286251
6989539
12200405
13850020
6774957
5752053
1899607
14193611
3225238
3820621
4122061
4755885
7895067
5761840
9532648
13077372
1781345
6895418
2727749
7750226
4308993
11995042
5502087
11457141
4726991
3791726
16575843
3133753
1082372
11039071
8552725
11638844
9203835
10649701
12634063
976269
7814803
12399828
14424513
4825037
4897953
13898705
12257188
8381627
10221254
7806354
4885040
8926093
14947728
3462554
12151618
332181
565025
7042746
3017249
6310336
10228829
2764000
1427686
8543027
6663135
9492625
13206608
10652144
14022882
9413988
2524018
8430804
9563850
12767747
14106378
12484021
2407670
4499941
3960727
5375031
16496222
5858950
2654550
4267585
5319034
16396737
13518660
1704028
5785376
6149676
10669443
5448432
7123899
16515119
5042933
11009015
16027966
1457752
4506130
13649935
8938124
16405519
4782448
5903580
9876632
10741909
9300248
15009253
10038087
6754937
1816374
12500596
5575149
4624951
8044616
11509030
7865108
11560301
7040957
8279687
16002932
3412783
12015821
7824865
8450693
6821773
16100858
16535154
15049024
10242394
6798342
1215634
2905358
2901195
9834866
15483301
9631044
5434184
15771740
5421931
6105891
9888059
15322197
15771204
6226255
6109993
12850957
9751692
5904029
2935047
4157513
14433160
10550390
12779189
5897113
8034594
373903
12948793
14598783
5520993
8422897
10040434
2378769
13096686
5050399
11533846
9499947
9330366
9191579
5763353
1601587
16045666
5804765
15246575
15458489
14717152
12320078
6182410
10283022
12385015
5667396
5605249
7255267
10886861
12692668
13397352
4955955
3501863
4278415
12569587
15722691
10427012
4282231
5750572
10293343
8161132
4630667
11478804
7222771
9290687
16207465
9745100
3544367
2006288
2690893
6847824
16590501
12471314
14867078
10368340
1261707
3634952
7741992
8159663
9915570
11080161
16322825
12163705
10942378
1755743
12626069
14244450
8945661
4068695
10438669
13382103
14148735
2162667
968578
8994781
15375887
4377790
2409624
8029287
12780065
3275763
16085557
16298249
11803990
7617118
5321910
8999224
652987
5372086
3091035
7520536
11593051
14157757
540210
13935600
13919070
7212486
3803977
2752155
524233
15883220
3072140
2303214
5391564
13219501
12785693
12203511
15868722
7790089
15059612
9985387
14762608
13978428
13505436
8974077
1843181
1895702
10549556
14981360
784176
15856290
5834143
8786139
3091688
15383872
2033331
10019654
9812303
6611848
14076318
6808204
9189894
16036389
11827756
10127835
5334588
3797470
1112806
15585821
2369430
7506990
16101345
3287544
9251519
10642006
11132778
8268762
1088951
11889350
6882730
15711038
11424975
2821855
5277230
6336882
7129299
14474619
11256732
16124510
981133
6466458
12164610
15104859
5479143
3867788
13675039
508549
5042101
7485067
12361254
11776760
6776609
4015240
5692398
4794014
389539
4266862
14433668
3715903
3079640
2808645
14998643
12107373
5143633
12353164
4767477
12812503
508502
4422445
11557831
6355608
5055963
11495246
9054210
8316275
4999916
13246213
7974648
5237364
14601662
14805113
5637096
8346363
9519672
9709079
16250630
6032097
6964133
836877
729367
1640057
16092149
4289030
4363319
4492274
6084990
3691254
5141655
14033565
1848566
15344026
13665422
2060096
11801809
7886955
6713142
16419737
1360151
16588071
6378778
9789231
11495284
7008868
15882938
3724198
7952021
346651
6981591
4853421
14956631
9025525
11676339
9465723
627159
1076503
11812218
7108543
4982547
3162899
11300683
10870246
5553213
6581690
10119532
347551
14076936
11554184
9922719
5271444
7548450
13345208
6374292
2761302
15222341
2150107
13486112
6682360
9644285
14196074
6074630
9284741
2076065
7627221
7282442
12365069
5527338
8947705
14338468
4466043
5904178
15498023
10168077
12611982
11858462
12460854
4975195
12794113
1402498
5399322
7503217
14933602
4317603
7737225
1229212
14899683
2857893
1101977
14873766
3143964
5002670
10398542
2792972
5672469
15679991
2958720
6808655
10994964
7451980
4364257
5643027
14509118
575153
9505583
12718510
4646552
15322338
4718468
6119949
10959622
10382491
14452436
10210391
6857850
12166862
8161785
9153647
3980898
15362735
10506694
10882805
16167080
15079826
5950033
8882384
15317221
10502665
6571443
5453177
14936944
11387802
4695094
14797437
3618690
8617436
1758166
5010478
2332097
14305178
9128725
13741072
5678585
5524150
14801565
3734942
8366733
4791348
2036409
1887056
9424877
8608415
1732888
11414943
13694388
16183630
4751221
605621
14017517
6939543
6287275
5633088
15886092
7661868
4451546
10611669
11260836
8397134
2596645
10696048
5557219
16412789
10375517
6263703
10077974
6953776
11940856
13068044
9964303
11127960
8213361
5903045
14655724
15393885
12040413
8586583
15682608
3188193
1900977
14605676
13884443
7605767
9379638
13355818
2858283
12607096
11620189
11172364
10388805
10581349
13327415
11334486
6401105
14651470
366036
821641
1127193
5646036
705423
1917439
6836315
12265262
9697147
3101081
10852374
8933563
4005312
10719161
10564325
360017
2212866
8092976
988950
11889981
8292387
16432698
12371649
16174746
2028636
11492528
16055605
3529371
13753238
4425549
4828366
9647768
13479373
10757824
14497540
12760917
8293351
13778870
9911959
10693524
6203100
11521219
15172369
6118374
12614834
14561509
3860943
8961013
6083617
2014805
5665226
3425732
15288345
11716349
14299974
8428622
1705992
4216869
8241890
12295407
9342581
5009355
10979931
4483150
9486100
1688143
8348826
5682533
1326535
13598593
10452405
10853641
4729017
949992
7685917
3724452
14302304
7160080
12112860
3988978
3109253
8963036
7693030
4756595
593021
6222848
10815937
2405878
5711725
2193498
11781560
11597223
16201403
10819262
5304558
7056614
3811697
2270280
10227494
13557662
7096082
8698556
7485710
8791451
6281585
4583845
442480
14215977
14077061
14147537
481118
590049
11734670
3628773
1964402
726018
1518703
3025208
8850126
2945036
5366922
904626
16309000
14540134
867035
8068509
6958457
2800904
15415447
16335712
16345938
