#Seed 3243927070
#index showed the (transformed) postion of the SNP
#SNP index
3376297
6398925
8288378
12378693
12839548
2156018
6014416
8462224
16230902
11756333
10661614
2890346
2572708
13711375
9424916
13284701
5885284
2804869
7173557
1853025
3876897
12405419
15262288
6898306
4724990
3405413
8725610
1952209
12081364
13397170
8736982
9231177
4267156
6209808
15795483
10735962
4052434
10628496
10571802
4021945
12502550
13089704
3753584
4006090
14007386
6401066
11969273
812868
8860515
5470937
6030029
13153247
6062361
1955103
5609652
14779437
16372129
13957849
15186364
2535305
1307971
9163417
5295342
366479
6882887
2579864
6975974
8637160
10611187
4856564
11401164
16350506
5815684
6341057
9653870
11071235
7185584
2728584
4632386
14734072
7617118
570058
16572069
11136108
6553804
2751486
10469878
11933047
9027530
15436644
4457277
10145286
15714227
13615502
13930330
7530594
6456374
10430451
8451448
10147600
14374727
9099038
1205162
13416949
5802552
15432729
12337300
3237401
824426
586136
8883313
15236521
11515176
14100238
6590691
10369219
1663360
6415160
9421732
955793
10541287
11781388
15025287
2853936
2094905
5618282
14825772
9712769
3348647
8614150
14718987
11971094
14292360
1036504
9686639
6686938
1313035
8816333
15415214
10484933
10955877
1967872
15930653
15463811
10400899
4085526
6399627
15610468
1390228
5610521
8159347
14101264
14166828
15770488
7494919
10150346
587588
4753104
9005263
6788537
16308095
14531462
15445498
12128200
1201848
3023514
2640112
5183986
16505445
3555730
2788749
8334035
5845300
15786462
10100736
10241561
15309853
4046998
8582159
10384031
15789189
8380799
2663920
7174683
7317583
12350144
3956209
9409106
16278802
9358646
4377904
2026809
4624521
13675007
1919976
1761325
11498880
533334
7345374
15953166
10724159
9416227
15967574
14411867
2381845
560823
10371593
16130149
14017348
7120797
1166463
15022137
6925849
13006202
2891320
3585954
9415066
11027190
15306342
6413427
1018333
2824632
11804722
8619967
3917601
11407185
7143866
2095010
15365995
14797133
3424388
8841097
8148369
2508682
12909117
3028679
7691351
8156360
1666586
4584842
5374178
2742182
14701271
5200352
1693423
14478341
990381
11196035
4099628
3655608
10923770
1930946
7264963
14121465
10724611
3492234
16542504
10594690
5117994
8039730
12580469
4415661
1028202
3691844
10979145
2770526
6637159
5869629
4728093
6178561
13578497
10578621
8134688
10771021
1602512
15519782
4744551
3129492
16291339
13434483
9776568
3295281
4236652
15335725
10181977
12225987
2398987
13992339
8769134
12407711
8356755
11611370
9819819
5553032
7956013
8734701
6445099
10924210
5683041
16550093
3396320
1784569
4619662
3134820
7237683
5716390
3031638
8359253
11223206
14287548
10994415
11122667
320555
2140476
10978548
8415473
8916621
5883285
6856672
9740667
3642558
13518726
3347178
617559
2086990
1148009
5717588
7654744
9221494
5116253
13630069
9550059
10110178
11401591
10612085
14443128
15006044
5574399
2163977
9516135
15830671
3713168
12614932
12429483
7037692
12547602
16308552
10749441
1838706
2896280
5991254
1444968
6890088
3810259
8073561
11735081
6357298
1143798
14998948
13824586
12439960
4325266
1030341
5103688
8085702
4636840
6209560
1653908
394054
917410
11431815
13528644
2105433
12335261
664464
15370182
11775609
2916442
7812713
3240168
4183672
762531
5311837
13929983
7400708
14317644
12702804
13457567
1759000
8819597
4470639
13928328
3650058
9897465
1480440
14245486
8910340
5342169
9202409
6851263
5576298
2795391
12068492
12335091
6287388
7817597
5143445
5932796
4137095
5409592
13579169
15486893
1263246
5053670
15313963
15255832
11290635
15082903
13441829
15921177
6112161
14316648
735515
10344320
15112466
15710438
6013274
16442724
3860926
7339600
5241611
7649102
12538960
2989025
3545650
9680432
3615139
14292590
14824670
6143545
8283439
8266626
7278610
3712360
12374246
8075463
6167328
5934068
16518513
12130827
8028709
7643417
5329924
911892
5776957
2673548
5331004
8968262
7053880
11479845
12532066
2262492
822581
5256044
13436879
6522108
16077080
11346904
11845890
5692119
1446454
3177086
1588465
4926241
16389114
11195415
4144023
7319449
9414609
3507445
15783192
1985891
468072
4482966
7635636
10688652
8685658
4971878
7164856
16081143
13334692
1016107
1764078
15480071
11728725
14680299
9691684
6585463
7075222
13374606
14027933
8639203
3507890
8619553
3549076
3180279
6702314
11575359
2410808
16564212
2560336
7916890
4416501
15123485
16284108
1108718
10433569
3972727
13990942
6098750
14032642
4493389
11391400
13440377
12897636
8825049
10297479
10664162
15932111
5582890
7151855
6749169
11357615
666671
2445773
6446224
5788191
13455763
7928394
1563742
12488013
1435277
5790870
6245534
12983688
10290163
12233814
11199362
6780123
1487007
6554273
10610989
6586131
2086578
16354753
15323300
7472981
5450480
6228798
4604976
10195518
15860072
11855723
5392966
605396
5232400
8095203
2132649
1285444
13660641
585191
3920653
7707737
5293860
11738681
5968137
5147382
2978025
1915125
8615583
11965572
5356019
8257584
6267998
9640361
10279985
7000939
12994326
13493582
6413775
5259979
3687343
15009541
12454362
4047456
2581793
11180313
2679312
3807989
12608251
11922783
4692929
16012485
2736184
12944849
16066213
14052541
8165382
9824558
16488517
3664203
5849765
12635153
8917585
12805210
1929320
9199166
8495248
2156353
5985697
4199545
13578259
16363163
7806257
13771598
16053830
875086
11514126
10836372
2472414
16296857
9952570
11245341
10329130
15764984
5473942
8511885
1441220
9410681
11244053
15519317
2527657
8619941
4337509
9860407
3108853
2853552
10870813
4245728
12519571
13431570
7306826
3352298
4085246
2709910
1832622
8644611
3488706
9293832
8795054
6622925
10281666
4000259
11186493
3110130
5396926
8146068
8495080
1117186
7249149
14191431
1770191
13085621
8442741
6281931
8961310
11401500
15252959
9482902
13694688
6032328
13708997
13192954
4416215
692441
15911151
4355068
8122326
16559649
3700016
2965950
15165117
4811508
8385392
2570237
8292268
618332
13854221
9702009
6568687
11572603
12743382
2433928
11214199
444097
4732230
4074802
11803297
5253886
12102747
10136126
10249199
1132633
3517902
6334032
13420080
14890327
9021863
8542909
16448256
12161496
12351132
1066688
13188908
14193184
5494707
12626372
15118422
1079392
10692013
8190760
15491435
14757191
2372705
5251712
5449241
9250851
6887095
1192356
12662719
8893944
4932670
3958072
15717482
13674963
5497833
16133238
8427262
14567680
6568300
9877765
5616183
9500333
14405506
8511580
381774
12787038
10656986
7589512
7357741
16344441
6689339
4488978
12548640
10506929
12504353
10583872
14484310
3160693
8129226
3979053
10883520
739674
15467944
10123038
8752565
16335739
5236527
7237008
9439049
11448989
16399978
4943784
10127864
16434398
3526273
6767821
12386501
3466994
13251918
8840229
7898263
3972977
1779367
6183346
8614478
10249402
6641862
5695063
11021905
6256840
1255898
16389908
16065617
2389992
6166343
8282090
13561934
4539380
2795615
2014106
15070603
5418659
3197235
6090192
1661821
12638424
9799433
13939851
7455694
13618860
12735724
1218800
1130254
1643376
12225490
3099607
2355065
7576655
7134115
5476835
7298297
14306080
13332134
9736138
971032
16080359
6076299
14841682
2185450
13267970
11465014
16319382
9293483
12164277
11062724
7736847
7314344
3038568
8598915
10173385
716660
10193797
3482133
8924498
14724282
9969654
2325434
6328033
3172717
8069439
4523620
16472748
4897570
15546895
14832444
4234610
11037351
10555478
5740299
8335099
12815344
6114127
11094303
4896930
8229190
10238773
2401673
15514347
1994216
4401519
8037468
3902599
1767442
2001726
1401571
4584151
9637970
2137283
16495750
5579036
11180958
16349254
9362886
8112159
11899405
9804357
10035782
4265645
6004422
2512156
5236235
7882595
3969845
15332794
11270759
15130418
7580071
11523264
16400598
5887478
11636730
12473928
15644314
8142276
638210
7318460
13453817
2176871
2072417
9184175
3819761
6759165
9346080
2491461
6371386
2472818
5537687
1570096
7184213
11080405
10351128
12350731
2880130
14495381
2737418
8392595
4653560
8889713
4544274
10401715
15289356
10871204
5561071
3206427
5085222
14206967
3714382
5679504
13382658
10162053
12548844
12847400
4227812
5540462
9937631
6920998
13088708
13098887
1695272
5499664
11442626
6787713
16113031
11616827
15952691
14872544
16420627
9616175
12603858
3497378
4650641
3268788
3439492
3266903
4607419
408681
8806805
9817785
1569030
8080249
480907
11193349
9028427
10327545
15265921
8175355
16495103
5321833
14246851
11495992
12354337
14225483
1862905
5369132
9322414
8238894
12744531
10667485
16376267
2663292
8615441
15192836
2855881
7717446
11756961
5219506
6027670
1486955
13287756
13456090
940621
8014925
10685489
10475422
8819583
4141455
11138206
6379951
6930432
6241516
1974068
1693971
6835310
14316236
12207697
7360632
5555624
13287777
13984372
16264731
2013643
6695458
918882
4959844
14859956
4134754
15576500
14653032
6288106
5081873
4373138
6912238
6992064
550676
11196570
6754681
8516854
4457615
10913174
9736721
15886574
7968652
11941729
16189512
3487360
13756060
4399150
3242160
16159095
4402697
850029
9517938
2895303
10241631
13356943
14608825
1080171
4618311
13026808
6386331
14869015
10179734
3215564
6709797
5770686
7369723
1565542
9647374
14725490
14061902
13228581
10274064
13584083
5167311
8900738
9617154
1739315
4756321
4157372
13533327
12263785
2136787
8740311
15147432
13205412
11581005
7714966
12669136
9668208
16342960
14597042
9596543
7081791
11879661
805275
11870348
7929227
6769599
15628426
14252812
15340492
14544044
4534934
11794508
3708798
16273460
8109192
2615689
9462348
16403532
537127
5908983
3330427
14626130
891803
10481389
11619515
7778734
15934496
16294449
6921933
7070021
4976322
10202611
10523979
9253162
6882176
15179589
6872797
5808937
14191693
9381986
3031881
14047965
7344991
16162471
4331230
3577293
6374992
3893066
3878818
11128808
12497557
16443112
7966198
1229028
15491198
12540431
4694050
12375589
13116132
14008789
15438076
15647416
8079915
467081
15442964
9162921
14058259
6092377
6317730
6599030
4865908
7805048
11837396
2834060
14269040
4576320
14049228
11778046
6276694
13421320
16334302
4455923
9269409
1332106
11379925
7179044
11128685
5589385
5176036
15833222
5369696
9180759
6819784
6965484
5262848
10933114
16544474
14543944
15098733
1310036
6788576
16302914
6057608
3884829
6010602
10214557
11909570
13909989
14671863
8620176
6720860
6956510
557944
7242877
10327695
5743388
15527666
9956095
8882465
4854404
8494213
702066
5940936
14594052
2365163
3924761
7587920
5599451
3308333
3966446
2178655
8673136
10240396
15440254
14001275
11364499
4177989
15656161
6230429
12750103
12601700
12812045
1108939
15443066
2376622
4214233
14366534
15065942
589640
16445450
8748296
2369437
7566164
7308519
5763953
13739530
12867055
4324994
9484637
4592002
6794405
12111222
14553110
1919125
738637
8569606
13997995
10897582
13948934
10714453
2547395
14513052
10736110
4378992
8203777
8063637
13057635
3033461
14446678
2509005
11622879
9751486
14637739
13321148
5137513
10790944
6786790
14926134
3312267
1474296
9042266
3322934
1440985
9469202
15920476
5041751
16432936
4715292
3348313
12859862
4732917
1561637
5638250
2082472
4974614
11662071
9486247
6732477
7507323
3963013
3676695
7134108
12908948
15543446
7857161
15013906
3511578
13997816
10070415
9489176
5130365
16599828
1439466
14676866
10091896
10604222
15496093
10138508
4005648
15453119
9688321
1267906
10533203
6504733
5878855
8670694
3321131
10494933
7255338
15615628
3089051
1784275
4807284
5047371
4354019
5164644
14032736
15087231
13653362
10205375
15528216
2427926
12657771
14003741
1242302
6229217
1750109
1372221
6440175
8912303
15396650
14692336
1162956
15901863
8601683
15600722
4085670
9266324
13459538
1912935
5041006
15839479
13942836
13081532
9916945
8767768
8566350
2314584
16200042
1556300
16374318
3959100
7586588
15729174
5277101
3475794
4110165
1550606
3371313
9415602
3642713
3042175
13861220
12770801
8557629
13721702
2988067
2009344
13978862
8842173
14695508
7234994
775620
6466392
15400517
2219083
10531812
14240230
11818921
7383902
13000242
7203149
10051817
11315455
8859918
10608624
12510331
11946442
16360665
6560687
1886254
7089021
2649843
14035588
13521706
3264206
6128285
9241948
12237627
4782928
8529565
10059917
9628481
10325755
15555280
14434964
11129066
11126165
11289884
10033453
3664520
9128641
12470151
13824868
16595385
13962954
1721527
15802380
1001438
3489725
6454882
2566847
13590708
2324170
16426314
7889878
15484135
10204483
3639003
11876389
8188508
3727802
4958633
13742901
11765137
15486497
14246762
5807900
9162374
14575786
1050467
10532016
5421958
786994
15761330
13889135
16389092
5071362
4298711
2820078
8680170
14446568
3446271
1613949
13163310
4543923
15719089
7936689
5565070
1190876
5803907
5279511
4329144
8395124
13930850
3050944
12747670
12762040
3277479
3412525
10498597
15702548
2887520
10117724
14767603
11907927
13730097
7045363
12175774
10412397
14618341
5100061
8306823
3561813
3419444
14290455
14819069
16001175
12137761
5000644
4378913
10102332
11636288
2590884
13667212
4566406
11478673
11341011
7122459
9183451
13927741
3645596
5694698
10000159
6447300
10917888
6032569
12311102
10801112
5138346
712657
6136396
6449297
12756474
7344741
14053773
15318224
16151227
7129952
8263819
13613034
12148703
9166832
14051110
4819871
13286240
1217387
8117433
5701620
627983
9863188
6339322
12642868
10539605
4337124
6775630
14463906
8843882
15379233
12412605
15154644
15380299
2475276
5284458
3067617
10522357
2351598
4047215
6130756
10298143
3914744
9941120
3394028
1208305
15673847
6706367
3603882
14474645
10645865
9732852
13922793
15225554
3413067
13349096
1964166
11618876
8298124
12381969
5106198
14739949
7792822
10125344
2057859
11462169
3289752
1072651
5009365
5504881
10563538
2573716
8854052
6818282
15175177
13626112
5498972
6955521
8945676
5424264
2234896
7020522
5216937
2079829
1236649
12803633
9642686
7321394
5556049
9741168
5421073
10215870
11863947
9751282
6765990
4529176
2695197
12957227
3386176
2048166
10339982
8760950
6984565
15659233
2615527
7159173
8438266
11975464
9973485
9321111
2884101
15042699
5564688
5231960
7564073
5049927
8343613
6336792
5964887
2438200
15425804
3682628
5893902
5807373
5447122
9010664
3759057
9925082
10075168
9089173
8066598
15522387
3245580
5917085
10021868
14519986
10653463
14261161
1173624
10692282
1937015
6443967
9999203
12782419
1307212
6036606
8120498
11866948
13105535
9530113
10774571
5207343
3830561
3684161
13072619
1448280
1139070
13001942
3849497
13569644
13958858
3556478
9010732
9783703
5371574
15654465
2641778
14567909
5089219
12178930
12006765
13313192
1578456
14781885
5668058
356190
15209923
1155562
8493583
4465465
2879464
13973808
8342790
1413596
13655037
3691111
9087195
1710969
8060836
16311864
3713994
13256901
10938232
8756476
2190714
8116359
12389527
6728676
4472840
16145121
9017977
8684896
10154243
13523854
1657866
5632602
11968929
15186809
11252231
10876145
5484657
9640969
10619462
9403260
5624964
11227241
9256189
5651013
3967592
13328730
11118485
3775554
6413663
5144637
7679258
6089527
4338074
1875289
9213893
15275999
7738685
9744675
14679686
12054236
2723875
9647944
10073747
9069662
13472350
3321916
15814442
6818400
13526194
15919912
3795811
7353440
2005337
6072517
13013135
582678
9123128
9171352
13035805
5781216
7035129
10102035
1544388
16176299
3045255
10787757
9608852
4780753
6442170
7781482
9530965
7878709
10778023
13601928
5572030
5693887
1408379
12423395
1601433
14383482
5595786
16231701
8018467
3234905
929008
10523743
3060526
2681953
12253118
5251049
6698560
11415849
1420021
8296123
8032876
2048173
11727615
6693306
840164
10638940
9188799
12281253
15270636
15497529
6410862
7910374
9608095
10133352
10794788
13263810
8392363
13714210
5426688
9017508
14624481
1730903
2690414
6344979
6588818
5359060
4318773
2547399
5518066
4829158
8567834
8272085
1719686
6875415
10407074
1830410
13111832
1551886
13039770
13880511
7848217
14864751
15797292
8615705
7686964
1834743
8809731
7584744
7241177
12413891
5698112
9410716
4984541
2693355
4048067
15178304
6215717
10051420
10470217
12164160
2793391
16060360
1634841
11003357
3607980
10542911
4120081
16190561
14715870
8770614
8958293
10147400
10265866
5745261
11467215
8240749
5230891
14755995
1986449
6884732
860810
8903577
10014754
10625173
15975270
5598592
5777114
13236020
14293723
8119450
6234881
15731248
9369046
9466283
16129614
11143231
14339345
1024964
13750579
15780451
14839546
13300100
3427603
536893
8038945
12830743
568837
1690541
12526568
3812874
9541007
11783054
1629889
12651787
1901990
7607338
12634480
12047920
1215639
1724783
6816713
12835527
3366505
2476074
9411398
14132902
9065336
4665867
8302466
2417281
5947822
10760215
476972
7432556
1992137
8236449
10755633
8972268
16136515
7464762
2013248
12694159
15745717
1967385
1550063
16252129
4070807
11835298
12412129
11460182
11184808
16445410
11060059
1970398
12889698
5959059
11309897
1808527
15637167
5420085
8062715
4597056
2430236
11934681
16330277
11655528
16340272
7495014
9312961
15507791
2100414
5310252
3337862
15190907
5308345
11325623
12858216
5950838
4335806
13271546
11544199
10019276
2867403
835546
9175930
13999879
8270827
1676392
2212792
7363071
10720853
11660196
1148643
691360
2754175
11462950
11724235
6459760
13007498
12089617
9442425
13199918
14571504
15001604
8323666
3370445
5280424
4860510
13926188
6091774
8110409
4418404
5171995
8916380
16143641
10167404
11152373
10036561
1412195
4422179
7803018
16465376
4396580
3674520
10433657
2777072
10197680
10715354
4217257
3907735
12784291
12260227
6117481
12548575
13354050
3503312
13658809
13027554
1227667
10751740
16116018
10528275
7321700
3235485
12558606
15010123
10348986
4469947
7290379
5179175
9026448
14013890
11326903
9121367
12219921
12612502
15220814
9844573
3647753
16052611
6885848
3899631
16572890
4774590
12910130
15398741
1540905
3674192
11413105
11320066
3524403
8831211
13735614
1543156
4725423
12497774
11498984
8101312
7515984
16244309
9444257
14788077
3881890
7109224
10525290
11519936
12186215
6778022
12976911
3643559
14457641
1828728
11595521
7590715
11999196
5406955
9391252
15469916
15791740
5718538
9856257
9644293
1503796
4717395
8377525
5922095
5080558
1274475
13999302
15584043
14651360
2346492
9123027
14276341
4726313
5145090
10153434
600072
7482167
4518691
4082091
2571645
5045870
13441065
4832190
13029264
10849593
11326333
11147413
2794767
11679515
16595010
4284390
5782496
11721552
9665828
4056564
14612527
571669
14831234
1890971
7701863
2869227
5530530
5794210
3440222
1297966
1753981
16003684
4951452
13389010
1791915
826205
14577633
5115217
11487848
8358220
15123499
16133713
9028070
7167095
9748721
11599453
1783188
12687822
2894065
14299832
6459356
9810180
11064804
7366782
15343130
4009197
15906819
15617706
5593862
15632298
10417520
12709228
6234429
11895358
5688299
13293641
9491000
15550249
5082230
7105474
13093256
14863261
4077971
6282254
4564189
7484514
7245435
12699383
11442754
8725502
13330570
6328152
2586617
1054998
1946205
8578425
14452626
1790425
6189421
12744149
13522449
9011502
9233721
2454154
4011600
6093115
11876601
3256180
4204216
7218636
15112565
11563904
8807117
7359497
15478901
3125569
3662383
14720411
10090230
13215233
9333520
15736806
12888847
16105786
16598745
1087141
6306972
5811974
13745362
2051905
11097270
12673117
6281056
9043078
10807860
15767982
5775083
8818040
4353875
8070142
14344970
12777256
11086035
1948314
7113232
9264890
2559115
12211438
6452324
13491765
4491041
6248898
14744772
8873141
3579636
1126201
1953455
10705809
11106923
550070
13925801
13978310
5059180
8565003
16231600
5712599
13881841
10017230
10624486
8789567
2791356
975228
9167930
13595747
7884533
5750318
8048189
4772762
3154149
9525724
12042955
16083416
9721109
9690266
13092552
14445009
733768
5698576
14471248
479208
8609608
15830338
15640289
7466935
7532973
15816697
3109575
14346955
1382212
12550129
9148610
524312
4883898
1978952
8335429
14841475
9981588
13978197
16299170
862329
12399082
9607672
10924452
5918040
15911039
6310862
12883419
1048692
7951976
373579
11801271
12687141
14200839
3877458
11368670
11865474
2094864
3994427
4751423
10228993
8560333
13849064
10710674
9799300
1178997
13571421
7859022
4291176
10790239
1533779
5756399
10638484
12752611
16372512
6935846
3601651
10410528
4631651
14536059
409137
4323949
4480404
13976790
10259106
14177217
3697685
9172487
7299427
13248779
8855830
13022340
12666199
3675163
10242018
7522772
734687
4271085
13168332
15148728
5786367
14656872
15764115
12086296
13205170
4574204
14582224
2141816
14736160
1427172
16571570
2772071
9743849
6193906
7285801
10541553
8686509
2188058
6188996
5946430
1849626
5350884
1279853
3462105
11594532
5102543
15483087
7245035
8458997
4180648
853151
11977654
10833624
13419082
1052769
15322276
6410216
9286723
8883354
12876702
750697
3185139
12144151
12403012
6873444
16534130
10114485
5014696
4283254
3424738
3032046
4653931
1189206
775075
7124108
9806789
7303182
14216138
5007656
8608295
6035708
15862743
1254721
6755981
7058030
1391385
1163661
12756935
14885039
15201362
5774042
4970127
14555688
8135208
5236716
10253266
11812511
4668134
2917021
2912716
6428053
3863630
11804908
1915133
10862955
8154503
14118779
2651295
1785206
14714298
13243476
12082510
10857509
6010063
13435513
5507357
3591510
7316696
9342783
2340283
650272
9589968
9910905
9919449
5151357
6030091
5766555
7620319
16554754
12649550
12107068
385550
11215758
12258898
8226632
13306727
15977589
8119186
5441945
10289126
6663601
4005312
7571734
11675445
13711218
1609860
627953
4159035
6582514
12222509
5321729
10434430
6408950
9634672
687509
12579362
4095804
13959088
4086579
9742133
9711620
13795053
749551
14313724
5318602
6002024
511595
8826746
16196162
8852682
11611564
10481424
11952714
3419325
5425683
7707077
7826971
11089340
8320722
8869374
10638322
4481232
6712719
13037310
9261733
1886657
16411867
8681034
15861924
6590036
14755351
518692
6888794
11497029
12566968
1176459
2169261
5317726
5429837
8261525
3888430
1249802
3414031
4156084
12418568
9117100
1909502
4423535
2894651
1741929
15883323
11119753
670226
11601869
10045494
9382675
13416539
913681
2153362
13740714
2130120
908955
11808072
15579318
9122357
15922547
12574476
5099518
12069084
3396907
2391009
11468478
5576498
7953850
13492235
438182
8942453
14456501
11962804
4637080
8267833
462674
8059302
13449611
12302795
3847171
7332266
4947420
994937
6814645
15347115
11778527
7733679
11887268
7320502
8357348
10539698
1552596
3834229
2109454
3574913
8229992
12294817
16425806
6206990
16124015
9965396
4772398
516068
2849555
15074958
1105465
14177137
10488983
12555118
7520078
9542900
12745114
12130170
5451988
12376393
14206395
9902785
3627200
5127274
14289236
8016317
1024744
12411646
6345992
14893004
15798425
11020298
15098757
2498090
1937695
2795182
10840426
5327716
14340046
496288
9688929
16295617
10936344
2290552
10086498
15283156
1827337
13494512
9188598
9881414
9354528
4233856
3728280
3490630
5545289
8382654
13663747
4665736
16060165
15613064
12773055
9152484
4613324
6226892
9331314
6908903
3987311
10345041
12642633
10196260
6422163
15197332
15248740
4666355
5603250
10010676
2275161
4858148
9085532
10405035
8364860
6949834
13004550
13689072
16568927
6990350
14964689
14947698
14826319
14052543
10955619
9286852
4307969
13839001
5202266
14014262
2807514
1942703
14716052
6531984
16058119
11656286
12167558
16373021
13592880
2672585
4447040
9394276
3439566
3615670
9458170
7786756
10718785
10764541
13977553
7948829
15760048
3921174
6675008
8460917
5012509
10247878
4559183
8367666
15383190
16544661
16545348
3331095
3801896
11935342
10780805
1443105
1648684
9572868
16511423
1317410
5559099
3784032
8307551
5956865
14896956
9868224
557577
9476295
1356131
15677596
13581587
5821219
12790137
4986948
3887547
1712775
12045724
15753332
4772703
6118532
1743043
15424863
14630499
16100095
769579
6107137
3974781
7249771
4088108
9442755
9777624
2370239
580872
5937647
13192794
15131561
11995422
10545832
4397174
8020817
15743145
3268623
13642961
7185323
10703464
12803676
13714285
2072478
13404983
12732567
10561783
11480890
7996089
13658884
12968988
2541929
853018
14006824
540393
5623125
9085783
12838577
1692565
7589426
14704632
4583003
11216912
1393731
2888726
1641007
11019125
11559007
13190900
8820962
8002023
1374758
3297110
3032771
11352083
8964433
4062018
14921066
14719073
3927056
14341093
14804069
9622937
1499928
819335
4969998
2311974
12184599
6872337
3818634
3465843
13903103
6542430
1248475
7090581
606659
15357916
2099208
6334888
15201428
6268275
1989276
8608568
8112340
14143503
9771811
16349692
2152328
10532403
2094128
621631
16461593
10541286
11950143
8815183
4128263
14658142
13602605
9252173
9043639
9680082
7006833
4022659
16049525
13068432
7343129
5112676
7441399
6032405
4439365
1182308
2094161
8964105
13322255
3150700
9818051
2378138
8815241
5880182
15208792
11013910
12898552
8450289
10009348
6664779
4418281
16095370
10166089
9937841
11959557
12515005
12205230
15891576
16415762
4739999
4047361
9727235
5282170
397380
1846847
11213666
937035
11675620
719063
3120157
3726487
1906356
10543695
16243133
5088169
2729062
10349910
14743239
9366580
9001636
5360749
3349765
2013721
12839447
14780452
12559556
3678207
6226808
11368558
11487724
3427501
10037184
9436371
14475322
12875133
11143574
11306767
3863558
12230202
11711370
4943546
1594251
13190611
7729360
2858392
3841066
3910160
11463073
2590725
15203428
3555189
7842131
5758914
8950044
7386224
1961350
6731321
11406697
7627849
15783057
6376834
2865939
14537755
4102670
1915514
6260014
14078331
3871289
1774923
9201007
12972581
3442782
15050796
7211110
8847216
9385353
13566899
7074774
12772638
5522805
9468528
13699048
7924314
1950407
1595609
12244777
11782978
1153364
9283451
977423
16232033
5170191
3175865
5610633
15138348
1992601
5908146
14688501
2511160
4351578
13107131
4368805
9287865
1130915
11547812
586998
682805
9008960
12684975
4288277
4128980
8271280
6692467
2115869
13335000
3696127
1098113
7632534
11289131
9378982
16112255
455305
4320567
11576312
1402311
5490246
2845666
1735222
16419408
15432696
13682315
2287652
3338793
6120553
14043557
3521857
10955462
7723392
10957864
3517327
9402991
1782073
14069954
6605320
4632991
13473628
1782523
9148378
11513818
12466833
7228708
1330473
14652561
1688391
12733281
2780749
5873824
1098556
1853464
3638738
9101924
12361437
15806116
956977
6913376
10250991
11958049
8114520
4431604
1940962
2552927
10998620
436528
2484986
1947034
3407140
7135647
12225151
4484280
9698298
6587949
5122169
11802031
3371542
12484729
11604632
5719180
5660142
12104286
7634360
14270690
16142033
526526
13112697
15469976
6705675
15282197
12718961
12066950
8299095
14769081
7098440
14718235
15358734
7692490
9984149
3406195
3507588
15428386
4945205
12426110
10598779
13441927
4207436
4132125
15057540
8698300
7477053
3301923
587382
12642885
5534212
13167245
12601953
14660923
11584124
2924825
12147941
5814745
9340322
7219128
12012960
16509574
2867498
6306672
6149061
12661384
3280497
13205332
6110077
15043307
12996844
6503965
6009959
10095494
1330808
4411948
2012218
2180278
6776174
9337518
2912557
5002821
9877120
6998948
15296854
10461746
9668101
5663610
14390320
7439200
1299085
11981819
6046052
9002277
10885263
14344011
1671187
1888455
14590010
16341739
15219648
8930717
15302397
14226836
2380129
8158517
12422408
15669804
11413989
3994888
4435598
3728755
3182899
2293234
844941
9572517
10319636
16126350
1277699
15688830
9113108
977728
2887812
5159551
1989689
15684507
3195063
13424762
8316747
13276173
7035197
9489245
2796246
7227625
2469215
1051762
13313669
7546978
12914014
11891357
8228870
8690985
2956229
10912434
8838963
9843579
10474852
3778872
8852729
1932282
13871536
14859204
10415701
11877062
1416576
13943319
3952893
16215285
5129473
1314511
11331342
6643636
11905131
3337594
5695689
3513352
702192
9129498
15183474
2417508
4886568
4014396
9349708
5121810
16548825
7678550
14725515
11523231
2987989
9739937
7464496
8225382
5725620
12191775
10580101
7988476
6894460
4996339
11416757
2572938
13064352
11316865
16550875
15985742
12163344
8704507
3866187
15777932
9194669
1315982
1173748
8826507
6492120
5740680
11012854
15304388
2509072
9109935
12191371
777994
2813037
13745271
15911590
10711396
14365864
3092630
14218666
9012775
4460615
13644008
677129
7445674
710108
6561627
5824522
10677453
7689944
13027219
2391253
14680751
10715420
1838198
5814437
9250893
1486376
8875972
10019110
2709707
13759323
13702618
10173900
6903449
6403433
3923335
11808090
1898793
15416574
11389532
5232260
7618514
5449552
2513842
11946064
11745418
2693380
9301990
7151075
1702095
2435328
14214660
12842082
3982840
13990962
11688209
12215294
9262400
6433046
448897
15597082
1033992
7471113
3098474
5843738
6591697
2569858
15293533
8619879
8075351
1993938
12632488
6296381
3068496
3901313
10103189
4824233
11785770
8199655
11386691
5396447
1905571
1349074
11120729
304418
14870022
6373428
12395662
1858529
1028662
14760812
1243472
13697115
15706522
10237354
12387809
14256878
8941419
6737172
2616893
15296967
9162653
16398537
8493101
9247472
4407051
16391284
10915854
15800730
12062892
8551607
4732377
6814201
7180723
16199945
11870678
6452413
11493240
3057731
12258089
16519739
7030708
10710250
2473082
3924442
3962776
3950247
10278234
14470396
1496665
11516063
5421671
10231085
15260810
4617443
8615503
14794186
874362
13060897
9656824
5090909
14524568
6110571
10657226
14266424
14733375
2889195
5645249
6990789
13933891
12899998
722047
15336618
9037526
4328688
13497666
1975424
10810843
7295569
9504141
8553670
15756007
10050316
863061
11235398
2916498
13614223
15005586
11225736
9900119
8595540
5241527
3171365
10124810
14518773
12040413
14943117
6784154
2227930
14479235
4966716
9008445
14332727
5426178
2341335
5305921
14093125
12980814
3103958
4304386
4172477
9716725
15296499
7045277
1877516
10492523
8631395
16185248
1911518
8129013
8543233
3200399
12475765
14448222
10004355
3056175
4909978
8548323
4089119
6314247
9809705
10553470
11689189
13366625
8296668
4837775
2077563
5181889
11920355
1085922
13062015
13898002
3475215
7853276
5101785
10958919
14701597
12797329
15650247
1828206
6436512
4425549
16530308
8639678
14272172
8729894
5778602
12860643
3300407
4287825
9046169
6481823
15311821
5840177
6475352
9044914
4310898
574117
9329881
1704995
4388985
6520497
5461732
4976656
546832
2476488
16142558
7166691
6222825
12773554
16353716
3512654
4942125
9409194
10452828
10149101
2338189
15208612
9858839
5900987
15360104
5807579
3457571
10294994
9007315
3746063
10646935
4111030
13230995
15078481
4263159
2368181
16436132
1458525
7992862
13180569
5640519
1055701
16426750
8940580
8846228
14751765
10757681
10886255
7350012
4045559
3369747
746048
12658707
3330907
13718276
6835302
2054241
2348714
3008357
9168808
5488772
2684111
5915287
8633100
9432489
8988098
4277078
5324658
823403
7081858
1328609
16283667
1317647
13536244
1777221
3015629
12811442
16314116
401531
16201804
8621648
1918036
432622
6094008
5922104
16088060
16112406
7093939
916144
6342679
12229758
12764832
8144176
8878246
11708873
9429925
12219196
12119067
7673006
3545946
13478884
15095298
6798524
6180954
12449559
15435977
839466
11310653
1296970
7308833
15159053
7404077
1034121
2518219
11012869
12886579
4317667
3919129
1035431
11338323
14162957
15156663
15917132
8002854
5167200
7688949
12264569
4293934
1548348
12564765
15449997
11947620
14814883
13962090
16485357
9142706
7396628
15271712
9411525
5052334
1802181
7354472
13275906
441992
840438
6540262
4649926
6644421
14366589
11449487
2963234
13656825
6601413
1032040
3674218
16264370
7050864
14007432
3991459
660869
2095129
15851559
13100205
3604604
4224581
7507814
7437154
16291102
6281869
5546242
15876294
13811332
13815144
3742847
8943423
4691602
4334133
8232901
12314104
552073
15397580
10024459
14929179
11493599
2641233
9007908
2595011
13886455
3614450
6438228
6221141
7766764
7654419
12401721
4314822
3259484
2137085
552471
9075063
2712627
9994440
9533586
3194640
11971714
6795781
12359982
12434444
15145444
13786360
1134599
5264339
10362139
5875850
7940124
1831934
13354564
9439800
14056067
5776100
15068383
12712436
6119003
7108607
11875328
9133187
7181405
10312371
4381708
7830712
771625
6357440
6067915
7674013
1235690
2523667
2376282
9620345
11947138
10346029
11266236
5587999
6363735
13860519
13927795
11840917
6924776
6614511
9611096
8125398
913689
12682766
9825879
5848459
2303680
13427766
15991412
1697008
6336693
507815
10070553
13904109
10111849
16390693
1952619
1665629
12847540
15293383
1190264
9742624
5512177
4254747
3770790
4504517
10287197
9367654
6018315
2588891
3362786
5578186
8732494
12262082
1883430
12185635
13039500
11090459
8021236
14411654
2877481
4889766
15092173
3251011
14116257
9100258
10457964
10457920
13750952
316933
12174766
12488938
8486472
16144266
6372901
10587857
9251324
9285228
14351601
15980806
6232704
3097198
9759658
14082235
12756112
7596915
11019645
13889296
15923711
1110580
2771654
13724514
1742816
12296505
12844866
9748068
11789364
11375152
13526242
15447951
4991792
11329066
2340765
11176030
10500283
9781734
9866471
13635630
14571134
8288331
3119130
7773960
13504703
9323247
7597174
13680485
8594590
9858929
451144
10257598
3544818
9921504
15002617
10638351
5200523
13360855
13279002
10408174
10604958
6145125
11978125
7032234
16568986
15743100
3345443
6763674
5883286
6771324
7949117
12032426
3954054
4420447
5604051
6995367
10080432
13720035
13898534
7850158
9560762
11707056
14418008
14024722
10184045
4011628
6980043
12075097
5819534
574581
9910926
749894
7792903
11420049
904305
11872636
3408858
2413962
6749255
11019388
6650221
1096746
5056762
4374811
11911066
1804462
4543575
802405
10258651
1818428
5551713
2540791
8342619
13622262
13805646
2021598
3337161
1879442
14626314
11391789
1930879
3531613
12351211
4825043
1650527
8861053
12397527
10943062
9552837
12169635
9198354
13085119
3267936
8550208
1550609
1707264
13120507
14566137
11593711
15997546
15069667
5315527
14931775
5722341
3665706
1647416
1031435
3981802
10112006
5815630
3185133
1866326
15479897
1986797
4619805
15720214
7658706
13369868
15560401
3314737
13767542
12850556
9960398
9383627
13996071
3712814
11530031
12191787
14344931
6301349
14271278
7221389
10329449
3393412
6175113
12782420
7157484
15378289
11442914
9661796
11034808
2386248
11946069
3717801
3978588
6053344
16529393
7232081
12840894
4733210
3575195
11518587
9738843
2316362
6079050
3585850
11046488
14847682
11808278
3703544
15811439
7285646
4450051
15070642
12407901
16527837
9350298
1791058
7484315
2686897
11593251
7691525
10020105
4505997
14096760
11539562
4226143
8761741
5966103
15912926
9163478
10646283
16164211
1517766
13014123
2715521
4135332
9712386
9853256
2693230
627678
6635633
8442524
5864563
6450012
5103180
1673319
14751954
8775699
13327115
8092337
10461734
9742130
1057817
4046278
4872412
3783117
10012418
15557148
6806393
5878079
6426820
5316165
6329737
16407846
11938478
5108811
13128320
3775186
1128070
6019344
9503879
8851587
7311608
11264257
2003385
11495738
4425465
2667942
16132109
11810352
2845396
4887749
9846114
8460312
5292492
4235874
6394386
7495113
13632555
4402237
9584249
3339249
1845637
2844025
7611740
2170531
6252427
2834229
5673334
7739926
14789622
15802677
9273818
5217714
4306257
15613709
11838892
2120568
7914987
4815679
15574571
2549339
16196258
9959354
6563862
9782816
12458285
14420672
2186920
16292742
4042442
6962569
5367768
15163624
2738175
4739071
12255153
3611906
9366273
7988951
11049779
13756842
5179683
15857872
11262087
6417797
7246912
7080944
1295377
1510263
9019483
12641187
4833065
9388678
15669839
11249384
12656277
8555888
1843990
1241045
4774124
928196
5126804
12788992
3858500
7455296
5636371
15593562
11259597
817080
10909461
4858068
6530363
6893919
8091187
12142825
14609568
12292873
15729508
10326161
551342
10697661
11055388
7204037
7607724
3777548
3575306
10036775
6409301
15611914
12836302
15226113
3524028
16185006
14716375
10806752
12409552
5238183
10931586
12169700
15028717
9694047
1756885
5159686
1333958
10566925
5009355
4029859
12442294
13263312
7767840
2526791
6910981
13871179
3056879
3247886
10554493
15863604
5473940
8965017
12423956
3896104
12171355
10670758
15076686
4236789
7918420
337246
7071570
11035027
6773629
9888421
9440946
11752915
12392687
15299104
1839437
13573799
13431062
16288495
6247071
12238516
8721318
13602621
7760888
9982718
5897535
2604356
11202712
5245505
3669235
16101345
14617024
3187942
3290233
2493152
531210
10824310
3492385
6601285
15192670
4468052
4620982
12588180
9786669
9288851
12890136
519829
6671018
3580393
10239760
14792892
5171735
15613427
15283413
7854832
8914684
10495520
11027053
6946121
6241291
12784540
14261473
6858969
11068625
15201837
812987
6813058
577964
9905751
16287892
5361172
2062963
9378522
8789979
659929
8770519
7743021
4051995
6426708
7027910
1212863
8782168
1040712
1244092
14989423
13067183
10046805
5870433
5806497
3165046
16288788
7815598
16421434
2083329
12185376
6416095
11622264
16586791
12110992
6284496
5444120
9365243
6080176
15197812
7449884
8661282
7689772
8847133
14658280
9821281
15676938
14063013
11119485
5428662
7937339
2056165
16138819
1945395
2953037
2717333
8316177
13518480
14960045
10552976
10415280
15264633
16504117
1726041
9180622
12940849
3720208
10744534
15259559
16479337
6437260
10879813
2691794
11837745
16299107
10090301
9729843
4792380
3303347
16413501
16353889
10844520
15199893
582546
5963668
16577351
1337464
14786181
8494438
15722390
2168631
12813404
1537838
1398132
10222783
2849334
9169143
5294876
11314398
8371143
4908026
8859744
5702582
7987398
12692545
2859614
9229802
1486360
12322420
5494122
3711351
1646081
6776119
9047213
878195
4241284
4657724
13136792
10176417
4652332
11844183
6446175
5675627
4017653
8480981
11898092
15013687
2371057
15370009
12941624
847289
10200966
922159
4369528
3673381
3103138
4082046
1867027
1730553
594931
3160673
3118055
7908384
3376948
4197439
14989837
3920874
6851950
5411077
13106998
662040
10571745
4779023
12382861
16208703
13961303
11066626
14697272
1121323
8712737
10806043
11828052
3928851
5793624
10083561
5697391
14798421
1498870
14067220
14315240
8854583
3070288
11898368
10014475
7585337
4209321
11100375
12622201
11376190
7718899
16437064
2836544
2282401
10479457
9231299
8634771
12770423
6875571
12770714
2600559
3980308
8058612
1044638
1303353
3291692
6814754
14053627
7777746
14646417
6638374
3231886
2137713
15052159
10966092
10466845
2792882
11169377
9306117
13160484
6336353
13001194
7335074
14552222
6997167
16281744
10624053
5870952
5430113
14775308
6236108
2688938
12587684
8354202
14563588
7645247
6988584
972439
13373366
6627279
3072547
9421174
3468260
4746789
5209474
15425314
14272732
1657431
14724485
7493305
2762489
4303504
1815192
15925577
13996087
15198051
16557893
13285013
11466635
7924733
10856126
10384872
12201519
5458057
4755382
9073270
10129472
797722
7086220
14382065
11647720
1872276
11812303
2691456
2564477
9387271
7739529
956121
2355706
6500647
5413257
9932760
9253242
13846836
9114503
4016148
5146877
16039432
9239880
7828477
13680577
10510253
13619923
10811733
9962130
11273277
6133762
15958987
6486575
3834480
16058797
13235098
1880270
3179768
11350528
6196389
15806332
10162880
15549600
8373943
10383103
5751237
588153
3570468
5571310
10937915
15736792
4778874
10775135
5884894
1720646
13343434
10534092
7053357
10883487
10656742
16417141
9745139
10905721
9564155
9837994
8166405
14634488
5321257
13362910
8277607
14617106
4652023
13376661
13259376
13567455
11173937
1577285
10222299
2389247
10379909
11499226
933126
14468447
10923882
7036223
7452630
4223707
3831934
9183672
12734753
14791238
1738665
2254864
911529
5838741
10716363
12305262
12633442
3784458
12474438
9080171
15470210
10805287
12628987
7637363
734914
15962486
8618332
10778507
5087385
11621781
4779763
3392189
2008277
12470625
5830979
13572184
5044719
1943079
10348195
16556492
7573033
3149597
4395347
2385843
5944743
7642925
1260205
4304423
3041783
4237755
16139686
1952567
13363769
4468421
3487600
16093142
7524287
10708239
2079718
2644249
4213353
10118188
2680739
11389331
484546
10194204
9699567
2112093
1445025
7152319
5657330
14228018
2375210
4726660
9104237
10567457
7127859
9697097
2419224
2062733
11300526
1195529
8727892
520204
1630590
10445031
15270945
968144
8778952
1658860
4914423
12842175
3344939
13221394
6189347
16231727
13623973
360659
7689621
10242399
13299370
15507132
3202823
2130287
1355514
7505119
10855427
11515954
2231172
6698533
10235182
3491430
11693937
1571660
16233825
5716086
8649398
4647304
13837208
3460398
5751806
6303874
14767617
7182831
13632847
14462851
7363710
3682468
5686096
4997672
1900259
7682179
10539805
3695622
9674305
4375715
8261300
6133788
12517218
4488016
8243030
9438805
16377552
14572986
5115335
13835487
7516582
9843852
9527575
7935653
5461437
15550947
5858608
11003388
6777237
5382247
9131393
2665679
7113059
4177398
2591841
14575762
4612076
11087967
4482351
8703882
8271477
6325421
14834741
11829896
10483396
15684057
3186821
3111916
4458865
13177003
11786996
15434653
4096055
4783516
11379642
15522886
4521261
7689745
9697267
14720879
6847260
13545477
4536092
5656489
3682223
2886230
5836667
1564136
16387008
7815968
3119666
13516873
3749822
3961463
7197870
3046220
4000830
6639053
3611709
4736886
16453850
16184184
8243301
9875002
15439985
2068025
7438002
12021093
3176827
5391550
10434745
5760051
6495435
12228923
14894598
9051717
8586033
5907328
4774358
3208093
3956096
3666041
15517706
7416103
4112741
7361366
6535032
3468675
1897813
6976051
3564958
12516706
8573785
14874392
6001411
8719372
861470
11430804
16577298
7306468
8255914
15317688
2189015
9453010
2160695
13746053
4990369
10994826
428931
13708038
6916925
15597864
12388625
1248745
10702155
8107184
15185731
3226893
15282308
2927535
2698574
10459970
11523988
6144400
16396171
2540421
8771283
9701860
9337595
2182894
5041490
937839
7481326
11599087
9328781
8929436
7873762
3341827
15262977
3990468
10270436
15314269
5419192
9649388
2178430
8355908
5852015
7446901
13967200
14022087
3216787
5807969
7213198
12004726
16412741
12777206
9498358
12627514
6442557
8983813
11581396
16474027
13084387
3140227
16491581
12436855
7846881
1726202
13297545
7420146
2606285
8876153
1985567
12959627
9018878
7039232
11867870
13481906
8361769
3797731
14719574
13304259
10302808
15604059
6653854
8011967
4958296
8976335
5098969
6964600
8178579
