#Seed 3485423571
#index showed the (transformed) postion of the SNP
#SNP index
1459262
3591986
9105887
9825228
13605879
3104148
5911466
7107074
9712049
13292876
11664169
11455586
9311676
7521001
1371807
3529039
1273030
5497654
968921
3228642
7812917
927849
8374876
9966312
12885241
1065938
8674917
10463865
2520360
8384273
1468251
9466422
13498672
10356192
15186626
7445836
1037790
3771784
2507116
1392074
3764976
7181944
10056222
2006796
12581312
3557528
10888146
11622250
13610292
3581927
8943940
13951508
13860617
8320608
4108391
7394048
6314945
12286512
7074402
12752670
13229485
6213527
5111169
11072344
755373
4264996
6576547
5358116
965200
1678766
11975454
12555026
8235007
1967155
15712033
8072312
5149795
11559099
12154124
1995608
9495795
13969791
3871289
4390891
5824322
5568831
9350249
10459119
7395876
15457392
6095695
5747476
4688000
5717956
15810181
6125040
8829183
10762770
10035346
1811163
1192582
15023193
15904878
14855402
6109236
12763044
2682488
3076041
1681974
1630226
13723859
11389983
9230204
3300620
1158032
14649843
3311272
8170759
6894206
11431963
3254898
5666178
6077702
14868688
12581176
8385860
10621632
7486054
3212492
8456182
15550064
2929025
9275074
11434869
6884380
4089253
6876468
1516433
5166805
10199643
1548238
16003307
8196486
4896353
5478163
11743944
6429850
15756636
2144766
5622588
12743494
6793996
14401610
8492552
13088585
11243157
15983500
12710466
2354559
4329218
16419011
15116749
16190813
5787574
15461082
14871593
806687
4958719
9843859
10674754
12654052
3505117
7375031
1448598
14626728
8846859
9016461
7504381
1376653
7512595
5636095
14755718
14004363
1725284
2703007
8131175
16048327
4171440
3191028
14759394
4213059
14982662
5833736
6409374
15267271
1073182
16100598
3809763
15136848
8664087
6726216
10071215
10584296
16151078
5292347
7663129
7792577
1751832
3320892
5387474
3881355
3090320
10492808
3741484
5227425
4214492
16177171
16076633
16101819
12031203
14355521
2341916
2320609
13624730
7045282
16555621
11273308
9519366
9981783
3092812
16115204
15754856
14821363
2479219
15197185
3385038
10715957
10897129
8989065
15628800
2307434
7167774
5202673
1952749
15528495
16392386
6691211
14366423
2630698
10964233
302654
11976542
12535932
9633587
5336183
4456384
11793282
7071420
11663629
11680522
15181595
13717883
2395619
7769734
13078657
4193425
1760203
4281750
16157942
14905552
11597772
12634635
16410063
11396491
6067322
12550349
14786437
4467956
11379438
5002078
5570674
6876002
9525823
7701438
1424454
13659427
10786911
6634297
2561640
4044443
2443792
380514
7551192
11433840
4520927
7069904
14922193
4159610
9274850
16289799
1321325
7162267
9464085
9671446
3530852
7817959
3837644
13356443
7451285
16061207
14022940
12325322
6303441
10055551
13860863
8731566
2970924
7603922
4916726
8787727
12037894
12710429
3185885
5829360
2130313
763956
6602930
5300700
7194329
14295462
15762801
8863286
4309416
5272991
12378250
5074155
10646742
7625975
6450049
10325947
4678782
7482810
5913974
5941651
8205538
11160084
15541072
14193375
8033201
13784174
9999001
14886009
5263634
8092258
1765925
6666216
3846450
12674979
2556873
10732660
3417289
14271083
15575217
5591265
13542347
1566049
12820938
13025521
3726559
7563916
15630849
783305
2747318
14556700
1402682
1930186
12398511
334877
11403262
8984994
13456068
2747372
6952248
13862743
9384587
15932312
4525134
664375
16221625
11497972
4137033
6688038
15381346
6482498
1843281
3443312
6983203
11770083
13167141
14510558
11981735
4915747
15017724
15463205
7759355
15245818
13890791
9299940
13381041
934897
1988888
14497020
12758403
8849191
8216081
13040982
10919382
15613060
16173976
9870302
7023066
8193312
7549726
5875439
16304751
13136053
4233346
11648449
5397081
13855793
16360909
3445547
10215034
4667059
11650607
13084349
11025368
917357
12311320
2057507
6519403
10584195
8210669
1821617
3562553
14850418
9382125
7174304
1672424
8809141
2665480
7638178
4322697
8030746
5576910
15484558
16409806
3356248
12383734
8976216
12102806
3898356
3152659
15068179
15604059
3638578
11796883
13833595
5217457
4475863
13781503
5379602
10265202
16057455
1297524
8734683
5877418
8572255
7542425
7430201
10097110
9136429
7138779
15307842
8897736
3953573
1584378
907097
2912700
13777231
1191701
16003839
12854273
4884656
13624106
2749179
14780816
9687392
7145470
13190519
3484390
5670598
958663
3865844
3868548
15095088
15543560
2642439
15483404
15596497
6718922
11685025
15712964
9958364
5612734
6748720
5505644
9137221
3484504
12100954
12537556
11855683
12997313
2358168
12381663
9955825
10586015
6950913
1790880
529467
7775234
13617310
6360885
5387570
2621991
3614481
3860518
16224712
434207
8932416
13108116
11487544
6178963
2582871
1559435
8052132
15092686
7896898
15378333
5020896
6176982
4019246
3840084
5564784
4616425
12660355
6523297
10407868
1330655
4413267
4936355
15971485
7943433
12223497
6063947
14121495
14745257
12073889
7221610
3798161
10454439
12276077
9668076
12589282
7974522
16371389
6895716
14889302
2554809
7277545
15197056
12565170
13439491
14927033
10527657
3602667
1272173
7835249
6316603
4356127
3820919
6998488
9540317
8205053
7255338
12525866
2037386
15857608
3001540
15190281
4206615
12612336
7299570
938761
12657461
2581538
12088736
9523351
9921077
1990991
14899061
7721648
16277723
15614143
499544
12023327
15766225
11410060
7290171
2547511
12125127
8726830
12459361
13174035
3823294
10658333
4353875
5501597
15398686
4592799
6622384
5621311
13423728
3117313
16140563
6854056
4485316
8855331
12214464
14265549
6329180
4419284
5940880
6474248
13828083
6248749
9466105
1991281
5847716
11366123
10600480
1056326
6601396
8851958
4028407
2704018
4030334
13883029
12377492
14210384
3851086
4578419
15576691
14792634
1579472
6230274
14229180
9774219
9634799
8623558
13528229
8929429
5813301
10043251
16170975
4791514
5837898
11921380
2166343
5370741
10674859
11119480
6098231
5305577
1359520
15072160
5035532
4565840
2232721
3145318
8564012
11465805
7803870
907416
660392
10986598
15009315
8138527
10807802
13691330
12190653
13418453
3444294
14004288
9901235
6197628
613751
5351216
5761529
872350
3552956
2684191
9698205
8824338
838824
8511334
7610969
13914734
3994088
502924
11132934
9900444
6261583
3573770
12136778
8872546
11613977
1779923
5830915
983991
12955717
3617487
14534859
1655534
657370
12978076
4016694
1165700
964710
4940126
5949584
14403365
8217113
5756621
3876236
1709123
8467053
6905645
11906285
3454066
15691557
8085275
16467921
10028419
821691
10161264
15512368
10664629
4397731
943269
2081487
11659453
2776310
14835229
8935370
636331
11973667
3851413
3586291
1994711
3690824
16220423
9359308
2293611
6182403
14396937
4721242
13937300
3876287
6195196
14603782
11585944
12078417
8787998
15730502
8343140
13280486
15697805
4223783
10674456
6648906
3472030
2391605
4066606
4307113
14671285
344436
4929960
9000521
10140191
12661343
5081379
13137210
5596799
14961725
8850536
8419062
6082079
9774692
4864429
5599439
8884747
6988789
9928404
10301887
1179186
11604564
5254123
12252801
309440
2403785
2140278
11848843
2592341
7584109
1609974
15749182
16424390
14743838
565246
4967759
5921250
2904352
15713112
7338836
9352289
11457982
5356898
4017140
10263293
10905290
13179435
923979
870603
5548574
13391083
662678
13216014
11552969
7534085
8228531
10590627
5686397
5576146
14939453
8919865
14462113
11734241
15443046
14390435
13235130
12746216
5131349
3204995
8671574
7122514
11901453
1286638
1222379
3152923
7341612
11736759
7915244
1051996
16078431
13296830
1570827
11846541
14202093
4307152
8467669
11275680
1621848
11640466
13870993
5759904
9605050
1672945
14089251
15084030
14991182
7561342
16449609
3644603
2424702
7249577
10621305
6796874
6966810
14538978
6967709
8357472
12809628
13191568
10317262
15060562
2682531
3781911
352066
15546364
4981036
15666887
2705207
14471560
8483468
1514820
4462378
13817571
11953419
2047815
540583
1197231
11827572
4856813
5960811
15833551
11493145
7736840
13916260
6485739
13894464
5498972
13369591
3225556
10530410
754730
15699482
3497419
3946428
10160008
12935013
1499861
3023556
15212473
3861133
14177364
10354030
10808411
15741765
7343993
11249384
7961009
4330087
7778832
9883958
6507989
2240229
3368644
8888444
5735390
11673907
13121853
9325794
1828585
15025660
12449796
1901054
14184304
9145682
8870071
5998219
5725759
14704262
4919261
1395074
9975833
11058453
3320342
13862926
2728545
9727854
10004794
15721786
4429772
12290954
10301544
13522790
10008678
15033397
3946752
5829044
9102091
7691234
779584
12320902
699057
3756030
14420620
13891493
11257133
8487120
15805815
12697448
13004692
10090298
12194586
9173458
9962484
15012591
6814020
11077134
6225836
6341682
2568892
16172778
13788494
8648074
4118522
7009351
11775489
9372330
12558050
11840340
11424537
4006481
550690
8776274
616448
7131648
14685523
2625305
10601812
10444244
7645048
8101358
7927580
13277640
6320818
14334153
508416
12465927
9261832
2651169
11786832
16471792
12665636
7926840
623128
6813218
11433854
14218807
9407100
2005912
1858738
5471277
9083238
13305415
1304369
8306936
11021148
16414824
13434815
14250673
8435311
4438850
9143116
15913387
15416393
1237479
8327996
9199255
15852189
14878943
13263668
4138629
2382417
9376506
16463492
663186
1732814
2226915
14126741
7603048
5366957
3980769
3327908
11066336
1563465
12080988
3463962
5583841
4694894
1294613
1062125
2547239
11165988
3112381
6538514
2303332
3328169
10239760
11798823
2586370
3515630
15717813
4709704
16588895
14875244
8809173
10917428
7212429
15283894
4579394
7620143
5581020
5956397
13298203
7825987
1259155
7846334
12890261
2298021
4314595
1735296
10950481
10837179
4552176
10044238
16100846
7124127
12712399
12527121
9529584
8214559
16175766
13054395
2142836
8745105
13453317
7597643
10448608
6940412
16437698
13310290
11787964
16453072
13039388
15315476
5965153
5944514
11276726
4999003
15832284
9130416
9342513
12537806
13367564
10214710
12889838
9689707
10287489
15084335
9051285
10859277
15276586
4379827
10609730
13566608
3084211
5984554
12617798
9340802
2804555
597088
10746890
4081627
14485638
5909407
9452706
13882462
8980594
15860553
8629584
9542341
15794273
13002942
13372479
7657889
501545
8870386
3674437
2039199
13648179
654562
2928773
11625248
4552532
14127176
13644396
7440865
1037368
5465255
10205333
10600650
11617231
9622086
8603190
556051
2598321
13584246
8608920
7192431
15697475
5751090
2281027
7940267
12484483
6505025
2016355
9519772
9692013
12194016
15320417
5671383
8692020
3805557
4042292
11755489
7089637
15532409
12552651
7604165
2418776
8139719
9641816
1084592
15470257
10640905
4281858
12350880
6870082
13179425
10696841
3770992
5549505
14665170
11463458
15600245
8812457
6401157
14909930
5145756
10109951
13703181
8901072
1727830
5921717
3683796
6635828
7966396
6430360
9346314
1286411
11979349
15318116
9669862
6954827
5502094
8822801
10080103
10976676
8919791
9933442
14773861
5529268
4636249
9806604
884942
3340718
9234391
15896424
2001801
9498317
6358152
13830079
4118151
3254189
2456784
9286359
16498077
11803253
7650425
15329494
4374353
12700213
8726703
15162017
15572053
7351256
12064051
10116230
11934370
8155462
10528030
3035275
1946205
14581807
11501168
617562
757062
3215346
10216555
16544968
461902
10053256
12696044
4213665
9166351
16275124
15021690
565735
4888781
2837136
9607637
10140030
13651776
4194757
13089791
4834911
5771674
2525903
4401086
5524548
10018494
9504693
16357364
3485324
14934844
16116634
2638656
6172897
13180238
15502097
11865609
4755051
16336873
14711147
6859416
7083016
567422
12803954
6545039
6133614
8085633
10988760
6194917
7747878
13923237
650570
13425986
2245780
7466149
15554221
5030406
5874541
12535272
11478505
861782
7152262
7366604
2685225
3113931
4135548
3847898
6444165
5662275
12620508
3105923
2448292
10465902
5774868
13363310
15619984
12289777
1419647
13923054
15074152
3898009
4254411
11753044
4577341
1265881
892403
4735189
5510130
2813556
5634456
15383702
1164576
11162342
9250033
2023784
9452749
10565210
14389149
358338
2793934
852280
4045177
13108294
16420267
11531469
2325420
3537964
755144
15291117
12439146
1805383
12519054
3503513
7301311
2902781
16290776
11306424
9968372
2147093
13315130
10551233
12774632
3500547
3156601
8764093
15623227
9841494
5734844
15193628
9089171
8823701
11805833
4356856
7197950
11356186
15810495
3552236
5728245
4640392
12511701
8855785
2109021
1484400
4178934
6820800
3888295
12223911
15066053
10622489
12626006
9399834
15288303
8746401
4240260
905697
1110400
10133769
10386997
9171901
5056952
15136345
4881298
16186463
8739289
6065437
12997135
1732166
13659035
5674147
12050558
3162682
11686900
2979719
5593178
8004489
2891608
1397539
6839950
8930600
5271037
15255830
2209557
4295830
4228957
9063549
2277301
3056407
13360370
5366102
8444470
13435724
8055071
3555132
6025935
10030007
16522146
9030916
11551451
4084497
5895120
3637493
3847846
2244030
13910798
10807491
6973013
5658167
9677141
15605993
13065289
3841215
15335559
14438356
6745904
10955637
9667311
10071653
766902
10862894
410861
7892432
6737719
10587166
1617955
5099319
15377905
8114959
3829958
6870423
3071642
15489769
8314971
2446107
7272547
2057675
5138427
3068332
11549398
9317669
14433561
9481133
11493323
14603329
3590042
2867119
12468761
16322281
2749589
1798026
16354258
8033731
3791822
13975743
11562796
14354952
12089764
4629687
5025628
4292524
6338486
6168905
14978713
11554297
1316935
11444334
14550820
3845354
5929835
15104376
3642270
806648
6374447
14664243
7657237
9400845
357341
10433569
14067352
11033818
15770513
7919976
15634606
3322167
16308231
1410835
10999567
6291228
2387671
1285556
9704328
12400746
4517489
11655982
5209466
12991186
13751894
8844293
9578220
3161822
12022812
7212580
14886625
4489822
8765658
10860179
4874960
15596770
6805702
2905027
4196460
6512127
4933443
15701407
14863791
1927916
5693582
7796771
12558963
12494006
4947221
5134807
6708705
12462180
9889953
14280302
6012013
15677136
9295129
7323194
10489841
8986025
10634179
15772418
8877086
1133645
9963728
15962286
1939236
520232
15196760
2414453
10122398
2015316
8214473
7159803
8049300
6656200
1643094
2729541
7347167
9363079
16471300
1341438
14972868
8482297
8034344
14791305
2738904
10613454
9075524
15668855
8905339
16420758
7907668
9598092
13142503
7829824
10760319
12175372
3142230
14242550
16334787
1232594
997685
3560732
7543414
6587290
2550657
14223765
8747023
3694853
15413808
7147446
1807204
9176133
4963020
6415437
8762624
15026069
5180465
2990112
12561565
3223882
585018
1016535
4440574
16142795
5665332
16156108
11796391
4707493
5138858
11435944
11453517
2198843
12124307
8816291
7779990
4672779
7053630
11782416
5578057
2003634
7059403
2880065
14216983
994799
6489610
5624467
5347942
996535
5279283
11663671
8998937
11941165
4420632
333599
2628670
12086887
13438776
1306949
14181507
3933869
8808285
10339345
5686935
4468745
2851365
13196307
7665291
7394962
10109540
8696745
7958370
10861965
14758023
10325744
5287161
1325705
2672756
12466426
1372616
9704173
9940533
15569777
4586355
4722642
9458485
7598484
11978158
7875417
12516767
11414325
9624905
9558001
6031936
3222095
6186297
2329934
9001568
3388264
14462602
11933221
15792978
12189222
8719204
12454369
5434259
5778274
16221302
15635530
4665033
7268021
10601857
5845779
8970616
9380581
4489143
11065146
2392499
5379730
12132053
14324109
13027182
8117764
7105568
586639
4583177
6164613
12109043
9511875
11278386
4769108
7310584
11716380
10542056
1686874
11729073
11346235
11680577
13045679
14239573
5817336
4233856
2557490
2548982
3204603
11398655
10322695
16388169
10873538
5469314
5775539
5329924
6234881
16370061
3092721
8741981
7164735
12833216
816938
2324176
16396427
13934002
11152060
6806463
2101751
12582540
5188495
4465849
14631467
8617512
16500313
13551824
5792465
2878896
10884480
865755
6348698
5214424
8379137
1749446
12612845
865671
5652070
3039232
14326210
6430177
16465972
8641366
6705156
7509247
11370348
10652785
4475838
12276957
11450109
681942
14449465
11890965
14443813
9822349
9122677
11227086
3337990
9501462
7833775
10754919
12319813
2848815
1911295
9120951
8550963
1796777
15237660
4161199
4022245
12869923
5121700
14697224
2218612
6096827
2910954
4710281
10775521
11471671
11570325
5944954
2743558
1390791
6785430
1705611
8222813
12145805
2326288
4044856
5537976
16480620
1193691
9498537
6906855
4890472
9009130
14641820
15064063
9717154
11044437
610987
3092155
9481245
8051116
10901796
8174584
7199837
6970723
7147115
13070226
13267852
15748997
14365331
15408121
3969708
5245360
10078316
4981500
14952854
3741566
1253845
407986
8599225
3595892
13704365
13111258
9892025
9191666
15202746
2107692
4142980
15806603
1650749
12132443
7571213
12300827
2912209
2120306
5106736
8089629
7217243
9650648
4903305
3168310
3476568
10361118
14858797
3299070
7468439
12950032
16137181
8926444
7331727
549099
1157648
11601228
6080740
9938661
10394943
575464
613461
11134126
3289644
6410605
15399644
5555881
2826186
4502621
5860018
15544914
3612939
3786874
6254656
5589895
2004705
15602046
2863416
2805414
2849518
1028801
14125004
5873325
5464853
2397713
8528423
15006034
1184889
3738520
960485
10085038
7267452
2193618
6845375
12856440
2640447
11308250
3795549
13315391
924347
3166801
1634380
14888904
10551230
15391812
11672115
7982910
7263625
601250
8068447
3903689
12965044
5499120
14575005
12646666
1039673
9945378
16174003
511644
3276131
5557927
13635908
10903737
690511
12825980
2100006
5349582
15181797
7838458
404561
6917491
7169339
7698401
11098420
3867797
9676349
2379701
9804267
7475264
8072661
4364062
11456442
12196804
5280634
9991521
1755809
9475123
14451881
2406173
12287468
5962677
9401293
9936459
13919177
3168253
2450352
4290050
2112093
9493814
8068604
660001
12139595
4281701
8737383
10111910
13452313
3519467
8845407
7750143
14478079
966250
8810991
7155557
15240421
3282368
8595202
7295333
4628346
3176554
4684986
12435074
12551636
13412530
5153257
3582019
13777878
9690609
11337049
2517675
1467354
10886483
7270565
11980912
14950000
9119987
9937509
12189398
855487
15479225
13227111
9889263
5302034
15795364
15734347
10166598
5657453
7197386
9517574
15115671
8496159
10200143
9406026
12150029
3756057
604537
1096312
10495828
4304565
2616953
1489735
16515503
2078537
1719646
1012733
11545020
10507186
469774
11940623
7256868
15352286
7680819
10222895
10642463
1428661
15799642
16446359
616619
13044142
5873920
3253184
8562662
16565978
2021867
8384022
11568271
3890289
10063878
8540098
15571346
6025691
2414700
6341020
2297924
5084061
10157366
9522774
3826453
3742824
5016783
2714829
7452585
2866150
3246644
13175345
9296774
8630958
6203497
10315024
9060700
12071380
13544334
5482814
6249773
10747001
3938220
11989988
13574447
9782776
377672
14344188
13825993
10372293
7528855
5819914
10820254
6423155
10528204
12852123
9645427
3309659
7846697
10755226
3469746
8458114
6096088
3703843
11030661
9579310
2811207
16585084
7396443
1948550
7917901
3983207
4769531
1721300
14397491
5919592
15879976
7849111
5909512
7045254
15400990
11343309
13319298
6385649
10750444
9543658
1869394
10496880
5612498
8754344
3118092
3650299
9572092
5254598
3453088
10444655
5353328
13173907
4767222
16533290
13821028
6752853
6921451
10510878
10050468
9120278
14032008
2352843
1596675
10533839
9930428
5488088
8277073
3369654
10556792
11503020
15106391
2984090
2931682
10481113
14838197
3324765
10481233
6576113
3789270
6222578
14883002
5913091
3341362
12982628
4267868
9202064
11633976
9690808
3808452
16251115
3352028
16456439
12917962
2985380
6821463
11101126
9257199
2389652
13195359
8042985
10132617
11588899
3831654
14777138
8366500
3536765
6468088
4475228
2225669
6452155
7284240
7735139
3434758
13133807
2345910
12178828
7924817
15506377
8822891
7351562
11707448
13264970
3660658
5812916
2169767
12369289
15079395
8158517
4184418
857823
10793416
14721444
6258333
2745991
11014984
5602081
10243151
2252410
7434384
15328788
1104535
2856497
6179721
1252391
14353622
14851501
2336222
7796393
11869092
10791942
5125992
2652335
2567447
8262507
10091617
16098233
11590290
8057253
10415611
7671148
9979065
6738916
1423425
13656475
11328902
6703789
4992760
6484743
16294408
15716237
7905057
8761956
2246312
14294462
8141252
744736
16065058
6392799
1271800
13737592
5421163
6942192
3271561
14307638
12930322
1576927
5371764
15291109
1374205
5236058
3555753
12175342
5334421
7788868
9638748
12134782
7411959
12949045
12249692
592095
8996213
16394155
15122438
5219157
12805809
1208305
6285245
3133499
6581101
12194670
16372028
8682250
1317495
9392381
10674724
8342927
1304532
10649520
2107243
7138699
6630284
15353838
12537470
10952981
14883639
13049356
12346495
7962370
2974010
11203209
1467631
8940880
13977127
7384465
16304397
11610960
4743239
7477658
13434743
1585700
3971496
2222489
14984375
13971184
7275774
2992299
3397572
1471761
11708308
6919889
3825213
10361209
15442534
13417419
3418255
15114284
4281916
14156899
7513546
7646900
3191915
10929240
9120134
4703273
9768224
5620373
7961014
10630902
3680987
7766213
14690231
13896356
9539246
8317345
12242676
12427140
567506
3237196
11900753
1488981
7312016
5115146
10719943
10299392
12929694
7886898
12998155
16241226
15490065
3038173
2988367
817012
11612914
3656767
931858
13990726
15964474
16273755
15535748
13575738
14666838
5453157
16489154
1657431
12034678
16042970
6307153
8118008
11270921
4072801
9233872
16547906
13708531
2355747
14013628
13694743
14387283
1640776
4216361
15974480
4165070
1696640
2478759
11263112
13982665
13982757
4740861
10467867
3754736
14864811
15397429
2727734
8889137
5622270
10761170
15377405
2817291
13192079
15659741
12963799
1692422
14435396
13403647
15679749
9492843
6721753
7047131
3786010
14575864
3784151
763116
2057965
9265614
14905149
7544367
13626061
10927181
710925
16461065
4812857
12784114
6500794
3619655
5156234
14777321
9179416
8379334
6656408
6788338
10540541
9180134
1380395
1938236
7785634
9844981
3824805
3898799
3079805
14181068
4082218
1046236
5248963
10419780
10925539
5597537
8565271
16044742
11495362
3654354
1456696
3490005
2543246
7141050
3507767
9198028
13670290
8531310
5281911
16346002
15097604
5101204
7303286
3336685
9522324
1174101
14850189
15058511
16512520
2104918
2382311
5076257
2697614
9622609
1337784
4960085
5376339
9634272
3799441
13042812
8107721
15012247
12694971
7387690
9815493
10886019
9853949
7101307
1149149
6894684
1420973
3009935
6726909
15207810
9502990
9694261
9334745
8811941
10064701
6632090
14031065
8043640
658848
15365216
3428271
3223224
10888862
1235061
9867093
1663388
962705
10712399
13999871
1890395
6600890
13081789
3061443
12104476
11889649
11009676
14541339
11426774
3181460
2737341
2886286
3037968
16364616
6360477
5316079
5254335
11592012
12327963
2759601
13748015
5425506
4602999
7125017
5142788
13775763
14906377
4027516
9425062
12276257
7020552
3938244
11034086
9833124
6376459
11834994
15800843
2652058
2746700
5537523
14689173
1327811
11486013
7292837
4505545
8470839
6158004
13620764
12697039
14413099
7742387
4814918
2711737
2773320
15442395
3852104
1491010
4185108
16058286
11572050
13707113
2774521
12166766
7207409
15761230
6202351
14247703
1793171
5842524
11941753
12853549
5209785
4226236
2637974
10566431
6436281
4088871
3190630
4643414
3839735
9121442
4140655
14118467
3208153
7719253
12872510
8735007
14593913
3318777
11636363
2367730
15783819
9708866
7338883
13487499
10930253
14086868
3348297
16265925
10549528
10801741
6353422
3490335
3712478
16584757
10103480
8298554
11324748
5793780
15321565
9253597
7322933
6585464
13609305
3972649
8612577
6702888
11896587
14055839
4069083
6366395
2701477
2293185
9112424
4572707
9586068
5405283
5340498
2828902
14628624
13606354
8639203
15125270
6099387
5135359
7404444
7028838
5630192
11696994
14814720
1697227
10474029
7541525
11521490
7760738
8883246
888919
6833466
14530297
10929304
8103689
8176530
7138287
1885739
6220373
6731622
6052179
16521258
5857707
843288
4173808
698138
11941405
10128624
14545288
14196635
338761
8290998
2981478
12349469
1882464
8190052
12383576
15930653
7823772
13184310
2553071
15594993
14071417
3891921
4390130
1761913
2476245
13353863
2639498
8430948
12001639
11851700
2184908
13499513
14352611
4659721
10596444
6696146
9479744
15067830
10661441
14768999
3769024
4667875
847381
12086892
6785738
14525915
6248002
6566296
9015183
3917951
11503320
12082049
1039006
8576194
6395847
6660167
542532
1176504
6842110
15415259
15302565
9893116
15365829
10676296
9234499
4161342
3260028
13371903
15369001
3075856
9400888
12934191
6171060
4095589
8167222
3929194
15760542
3461568
9549086
12006170
1457901
15131303
3737842
14495344
5638806
13035691
16102898
8517793
11874708
4879114
8017193
1331365
12157330
4839076
11088013
6945827
3931372
15957269
1749458
11064072
8653954
3980164
10886952
8906340
3197999
5185931
3001939
12784495
1574136
8941478
12314352
4865216
10696055
14797602
15676815
5694021
16396642
5601053
4777480
13537652
11198946
11129528
9105740
6119508
1527999
7969878
15701701
16076134
1183697
9499370
4475147
10487390
15941153
16441094
15657338
15919752
12690699
11075062
8314480
10626739
5803619
5997588
8644788
7276649
2098302
14236633
5198970
13333424
14590587
4568953
8995434
12686666
15555397
4715413
12460719
13976764
1900111
8048858
9075706
7827744
14381031
13165219
9301020
15882322
7208035
6234580
4138177
1842400
12373677
11779307
1258033
7716265
4231385
1691250
11995612
15842876
8975307
4696405
3462000
5455177
10650571
3636193
12644173
12101600
15087224
3481742
5850126
4171431
4581165
6998780
10348852
15746851
944880
5173608
12193496
5540736
12749432
15493902
2094914
1169495
2566968
3667056
12315153
1869574
16050348
7464271
5594696
12234025
13920603
6531860
7035318
4234025
14120147
16378691
6401834
12968988
9949386
7369723
14346529
6159233
9872754
6706928
13927236
11260116
2820652
3554133
13904577
3087177
4496777
11121485
972773
1167397
4579269
1822031
5586232
2690034
8772664
10280928
6798150
9601094
4683618
9016415
16061333
13783593
9017798
15886626
4860512
12502149
11077828
6858016
7664313
11000239
11294132
9231867
12493176
6626304
15635749
13989462
4377514
8039364
14617093
10500912
2803408
12141865
4379714
2196082
548486
3482431
3918471
7380767
5667142
16121604
5481997
9082982
9029225
818118
13643552
654000
9484498
4873395
8253225
1202364
10383661
14849471
5183677
5309074
3624049
1764560
7861149
3392572
4844153
3399340
13632239
9236893
7367135
11396937
15955787
13381848
16439077
6393436
932319
6341926
6673248
15403685
6131698
2764307
9241444
2903425
5122957
974420
9908410
8338189
3485833
1343896
5479143
8313812
15465903
6905946
8020476
13319634
12821360
1110229
6085606
14323719
4202486
314532
15903624
10439687
2678141
6038585
11629218
11541940
10896796
1339689
4403391
6157563
784209
7959015
7471431
11027682
8687706
15832714
11124683
1779331
549168
1754175
1074641
15637069
3636743
1399434
6920136
13282927
7240125
5244949
8367029
13721189
7427328
6611599
10082733
9319644
13400281
5788115
10432855
5164488
11869060
7361907
9869040
4948910
2655300
16371795
4343688
5015721
4728458
13887525
3627661
1267775
3659122
7788707
10694386
12667337
3345488
936246
1478475
8411559
9905453
16310845
4285220
14891378
7162495
7826987
10455754
13203828
6065537
11275449
1863943
4078919
9781153
11871192
3854226
2250789
15318192
14871266
5381514
673711
12543980
16530895
8349291
15747174
598460
6242011
1906020
10518415
8760481
3875410
7115681
13556619
10954653
6408827
15155531
3541616
16536382
4860175
13078300
2024894
2961395
11016745
2207468
2108915
4057540
12387838
9874027
5216711
6116053
6471334
10423402
4354663
4413188
6418130
12860431
9977291
8261035
15085697
8143753
9949735
2972496
15798683
11199392
4753797
10303665
7252892
10979392
8100327
3568686
10856555
13054831
3807686
4233263
3536297
7111258
15108364
8975933
649447
12576800
9503266
4672824
9106970
15857904
4470239
6659332
13489042
3536251
12183493
11868748
751555
7625630
16388460
8054089
6219837
8574267
1171104
12093260
14644019
15080968
1506267
14674774
10420451
1991332
3197397
10180172
5014814
6905184
2383200
2541379
2997614
5601318
13783516
3692393
13705035
8650636
4787609
10585917
3004054
9915621
16254212
4841070
8220166
5205387
7934938
14826867
5621545
5895888
9207602
11356740
12685252
9867155
323668
6218714
13442785
9103860
3308385
3050356
14486982
14922509
15693424
4525851
4824416
14892839
2503875
9702793
9308056
10681208
15551675
8056987
9012032
5648380
10520085
4183590
2905573
7467288
4084370
7089387
14387842
9598346
13187281
4991463
13866733
1194023
1047865
5546032
11298939
7612639
1564444
8909811
16497163
10834853
6313591
6368301
15729269
7847773
8395974
7965950
15152836
1722284
10138273
8523354
1568325
5803940
5433796
932184
15953628
15878385
3137933
1860251
1644486
4998405
7509863
14694443
817630
2314150
5037940
6645131
11823589
2876497
15045334
16400146
797572
503805
12107789
2074787
5114282
11091996
9260578
2037952
15677869
6744137
708140
9903401
8966341
5176274
11320892
2343038
6679076
5277117
6109695
12225874
1227914
1223253
11791467
8330712
12733301
6701768
630055
15824468
12336948
8293116
5408488
14064491
8571345
4175914
922242
10768899
10405177
9376196
10957308
822875
9914055
3246589
15131785
7769655
7968372
9906640
6301863
1638414
9112287
12501683
6567335
3869489
14312990
10047168
1488757
4182321
526521
16322117
3175383
11648432
10501498
15965897
9425818
13519094
4624237
5502915
6998562
7587697
11035787
6200366
2204566
11068155
10126635
4651425
362396
10898345
369115
9843569
10240293
5981550
6507333
5949893
4603464
14284905
5408785
6539546
15284163
960409
2397924
15293146
16338444
16324951
6095228
10108650
4401342
15405857
15007471
5789250
6241559
13781099
7776964
10707766
6106928
10107856
9517440
2981400
3203794
7303575
11378415
5729556
4041598
8712552
2609248
6757492
1574162
6117845
10509222
1551886
16587516
10863312
5236078
3306256
7676884
521916
6657625
3056161
3872347
3028296
947589
14201123
397380
7504942
5431524
8069592
14613420
6981734
8071144
1139979
5043903
10059465
4804127
16053468
9094752
5666845
13091258
11885458
3401457
9620918
2613416
8334309
13643144
3824339
11315397
1615808
11188341
2979280
3678864
10983248
9117219
9832544
939142
12649760
12036313
6767801
10867261
8125400
8951615
14403251
15882950
3673653
7431512
7270071
11700923
13723579
3467831
6641862
1259616
10910837
13514660
9167816
1569582
12407831
2253075
1590214
16471822
568080
8402790
14128507
16184870
2228997
4060656
1655528
2583025
4062199
5830932
11096444
1771759
5709137
9024043
10354549
9102477
15300141
12068222
4735290
11854846
11464460
3159611
2816507
3799682
6961583
6124580
11208097
13702129
14185686
11645965
9220747
13669935
8519456
11376239
15830950
6720563
5384081
8499973
3700481
1982658
10486755
8585984
3182301
4733900
11706577
11291139
8545284
3708671
935531
10098695
931312
5479154
9333568
5964875
16522280
9741399
5816672
3384410
6073862
7795739
9647121
2709910
3566924
10458322
9211893
1720705
5120333
5947628
1951641
1360576
3996700
11337501
6262522
12773293
6852357
12141555
12933750
15814555
6599779
14324794
9499783
10579932
4991313
6302599
1996159
916740
15788825
1600706
11644883
10117679
9128465
12865361
15564596
14823842
10396545
2778505
3533661
10586022
6209028
14300489
16080511
4650201
14141056
2662228
763135
676292
5971152
5385865
1595609
3485269
13394946
8804965
13680822
11583313
11453310
12846471
14798441
8309668
13122722
13682152
8287841
4471595
11551224
2716201
9008254
1112994
12528533
6237143
8988495
11465292
5783850
5553302
3864625
6133523
2940936
10477565
3461359
2268561
6253801
9374945
4265745
12297602
8320909
14904246
4588059
11103756
8633566
8730417
11543106
14474687
11294308
11203731
2338109
10436955
11769108
9560583
3837053
9244613
8746705
9470099
7346053
5245318
5800586
16238786
685314
4463524
6162765
2832581
2714077
8560600
6900950
10663151
15223160
5152253
9055707
16580167
15699749
16439644
3776189
4941390
15313358
5922274
6162588
9012110
15969511
15105948
920435
13174869
10488827
10020513
1347358
2501011
6008999
13476433
8517478
15665844
11089851
8071596
10371145
6633926
4787759
11147420
4526804
9228277
9617553
14366805
10056873
4843449
11996652
11095440
5418366
9250457
5936481
6145887
3057159
12056171
6457184
4663542
15079640
4479499
3453998
12161077
3601079
15330513
7683350
12945810
6805693
571057
1232261
9344338
2703348
4680530
11336309
4517931
6157508
415900
2676113
6128782
14756303
2149375
7451915
8761628
9916426
8062767
4537919
734901
6122164
4765212
9921035
14067743
15871972
11026903
4138760
3418448
4076552
14836068
15480151
9075447
11524143
12211829
1816260
8963666
3405420
8386509
7600417
5667272
9325647
14562896
8362265
8760417
12923358
11866618
1441094
14401683
16371641
4642886
4203410
16130308
15323633
6138373
16337879
4887950
5009462
11972133
6258876
9903588
7390171
4270005
4303761
7673487
10809192
5749847
3342335
15121818
11890278
11638798
10205032
6669390
11952577
8400971
11601957
1819084
8954839
12390513
7115635
13192928
12124287
1834040
10607792
7811574
9961268
3413276
3680310
5824907
1211337
11249832
14418464
10179638
15237339
12180186
16364380
7311612
15555009
3330884
13880861
10621827
8768682
1133884
1810855
12600422
9600279
16311880
890958
16527736
981054
3827642
15280835
1339414
14648644
3874913
13207743
3170875
5055071
13726457
4142565
5929179
14670340
3397413
6656442
11742569
6077955
6320381
14486532
6915148
5386814
8529896
9303887
11419440
832961
15502586
3921853
14530109
5505203
4236524
3459939
1967864
4379516
12051669
7855649
4327686
5111735
13356871
4034569
6304449
11617508
15352107
11682036
8695055
10243294
2887456
10502438
12084677
13551042
9516554
5903050
2503785
5078009
14935236
1109604
5155907
1738478
11795306
1072753
14825026
2706992
14943100
12846935
11496296
7289939
15802540
3321614
10120512
5263231
10205674
14984879
3657329
1371344
14702854
12526453
14174426
3697320
12419504
7816217
6123380
10001655
2784923
2341693
4145490
5311878
1946709
2841327
4248720
7734222
4123857
4635829
6905996
5213014
3951108
5546550
8501243
8869380
10218581
14740540
11496818
16288968
9365199
14945381
1662442
13614658
15275812
14525474
4629241
11893552
11169700
13753974
10395651
4120032
8899236
10507437
6961984
5067081
10362772
2510651
2843524
1065876
10622937
8261343
690161
10834595
3076403
8104070
15491488
9622266
3420189
12263574
1389511
13370204
4180597
3034769
4096179
12330075
8447475
14359348
1757233
3979277
12304770
9458823
5100803
832514
3459005
12746604
14602972
14836636
3950008
8553460
4223851
2758106
11794889
3548618
12239123
5769886
16477503
10423240
2758770
13396823
2889195
9479537
8148389
8925398
10501191
13771176
4894418
12278288
14981923
14250711
14424732
1414803
12570752
16087884
1617421
11967812
14243157
14571720
12214077
4061137
2518669
3465005
4801645
14065493
5903790
12652580
4062018
11953702
15902799
9347205
8606020
1435681
13190742
12121506
11357516
12169819
10037248
8848728
5675363
11796736
2223282
3940802
11378822
453352
16214824
14064567
9091483
9944841
10051004
8565334
10447871
2093846
1220525
2381599
16281837
11965123
10877680
6893095
11408390
16291251
7244910
9121359
9852756
9569731
12794790
12338863
16592238
11489500
15498706
4765381
5579919
14840906
4456410
12129580
9920899
10280017
3343129
14433674
11660158
13383671
8633024
1036774
8720717
11968996
4219884
10604238
13223687
16137821
8859210
3819626
14656353
14007405
14446922
13598518
6942333
10545260
4410081
9207224
15013170
14569670
7324833
13417589
4038580
14161898
3184450
7598203
3321436
1149399
10924550
3526391
12493122
6214918
14834776
15947265
8187199
1972410
4097232
12124544
2174231
7745535
3448369
13955111
6505938
7320171
6134982
13832724
2777616
2556119
3886247
9367258
11250793
5895130
5154136
10399535
11817388
6575861
1271641
14033698
10068814
4099628
9463045
7206738
16280422
12044061
3171161
9692344
13763482
16459096
7742470
9478982
14539110
4521732
11907211
7155026
2376724
14824075
12566552
8630335
2440233
7665117
13454248
11803167
16267887
2589776
6337687
10222649
3836491
8714478
3541913
16477653
4682501
14428386
8673728
15463777
14738682
12387458
4339194
2227656
2484232
16061426
15299409
3651917
9704886
16348081
2267112
5981231
10256038
408816
10545623
12208718
6961084
6808343
9568948
10229890
6519434
14945323
1212571
12297812
13790347
12264412
7051098
5069691
3469560
5167711
6952433
6183907
5420432
9059186
7990116
16286340
15383632
8518134
7263883
16295561
13668140
8319369
5488161
15566994
6814754
4477727
9990036
6258383
14192381
784742
863564
4296574
5682376
14872437
12916440
12254341
7743676
16067478
8692107
10421853
11103355
9182866
3001201
8878360
7654425
3323029
7359890
11871506
5135259
13944990
12972416
5741876
11359291
2268343
5006648
15164727
15838414
12422141
11502377
5418575
8808423
8094640
4314636
4977980
8806687
3465358
8198189
12398577
6252812
12186058
4684644
6395059
5161674
13419469
16194440
10679706
6852123
9194391
8000958
7532079
8025864
2689829
7158177
7716402
15608064
3310130
9969654
9529410
16410962
10842788
15004918
14310639
12132877
796228
11406518
986259
1445588
1881182
2981880
2735169
2824036
11116846
4805926
16031042
10723215
13906084
1019313
10335318
16059912
13191883
9630663
15552605
12392556
10571670
4372167
9182353
6430442
15252641
13013578
3820501
15718098
2858591
10673877
4462762
3584481
3813762
2076184
3847608
16181409
2212261
13147944
1623419
15329121
8221016
11757017
5006233
9560232
7203228
13096686
15785900
12837677
6611744
1991531
10736772
4575336
15988535
6187725
9071056
7209211
3715147
750201
14686335
3710700
11540029
1467781
7514907
12953988
14832077
15091183
6775120
3697769
7720281
5426386
5033958
2647906
15254831
13532037
9629205
3631648
14759949
8472992
6246377
13615502
661912
13938517
10402415
3996678
10764515
4601342
7951471
4976607
1635410
4806596
2227955
8691588
7017931
10367664
10140147
1471923
14118251
11328540
12451546
12459764
5638536
13918266
14167887
10079215
7401766
9411626
13314863
1950922
9976745
9143781
14008628
5834635
3080580
8126769
1838721
1038519
1017274
2052756
10201701
15841827
9935195
6295491
7077908
9245323
3037835
5245744
1336362
2423810
6770092
12502255
12029070
4391061
3630713
3839356
6294015
8032209
3619920
16200699
4018544
12174272
11183106
10626305
12085997
11421893
8336841
9209241
1573651
14090563
5450510
15026692
13325835
5100622
4666977
14612007
6635718
8716106
5562011
4795540
14942608
14903447
12309690
14997028
13911340
11686268
10750115
4316403
12580290
2786870
16525770
12377120
9411992
4368805
1230578
5907707
4817737
12643830
1054484
687457
10173160
10076993
1832726
1269102
13233424
2029766
14661812
3665199
14355278
16479587
2634768
11093347
3415354
1374520
16363549
8100196
5504509
15878973
5543616
8518734
6034767
3479908
4207302
2692283
3488673
15821656
9701062
12415986
15889068
3465277
3641201
4037952
12110335
8558680
6172811
15011249
4426383
5266160
8037398
8189233
7582620
12651423
3377327
14605035
11402979
2418242
4170806
4628252
14340508
13285157
7836697
16215730
9160431
14423335
9350235
13664949
4425945
4731722
13840317
11792581
6271711
13604378
7344768
13560749
14432774
3850186
10327353
8534358
5488153
11564043
9560420
3886988
303096
12618675
13013836
10474779
3365813
10519226
8741612
6440554
1543743
9992638
14801888
2778061
13603080
8348473
11692276
11110837
14396729
13437647
5662882
12929013
3893895
1174416
14621775
2040090
6455937
12110568
6109065
4210405
6857623
4701844
10381899
10347398
13512218
12663301
3857096
16235703
12799672
12464735
5464683
4310242
13100374
9690621
12155304
13690688
2038481
10350594
4047692
10948544
11982024
4141870
6986035
16597829
12637657
14250671
11148645
7562342
2309070
9165494
2718809
4569155
14700007
3026426
12910481
8524749
6552559
4643304
5987526
4014943
8767134
6391786
12750020
10544974
14132983
9450626
6561402
8443349
4073865
6433488
7902871
2067389
10431801
9155508
5246012
1675680
3139965
7193635
1597576
1850515
9703733
16321663
10358939
1594021
6416372
4138258
7372088
12509213
12371675
6991088
12003165
1287829
4768663
1956899
2141023
1341879
4318218
13257069
3109329
1060888
4065885
3936513
833495
16335204
9782398
5736736
14765526
4637156
7541220
9183319
11947128
1875684
7189940
7600672
15383762
2233203
12226720
7440031
13733884
1393685
15593840
12862470
4273397
4096084
3252246
9326377
16488493
1243025
8811242
5577672
15491009
16017412
2355233
15318448
11965351
8672908
14567531
6681602
8558206
14553679
3280607
13002449
15761330
10095666
7104859
8708862
13410301
11520309
8199284
13294878
6163728
893098
7991086
1951313
7951941
10746608
12656277
15616632
4318872
7855860
2182238
15798765
4968442
13907859
8758029
4428368
11015907
3292962
10326910
3213359
8085833
14828518
4361968
3654517
1694803
13404419
10001135
9672643
15303527
2108947
1822788
5971840
5671976
10838651
7410655
14790373
13254097
12064704
2394650
9755483
14885249
3524154
14745044
3893430
5581091
2591871
15705942
1170885
5720864
4525575
5421679
5399928
7599495
12618216
12525433
13315091
10720853
3764746
6290074
8235517
8214921
13317578
8292243
9410351
15993043
1407764
3463301
3628601
9827927
5420970
1485320
13652576
12508754
11315359
5893806
15282722
9681671
10311724
8994405
7560307
10052078
9349162
13412411
1462822
7794360
3132757
6414640
6762042
13503691
5121051
13209300
11690531
3066180
9033019
15449555
7229076
1392382
13549647
9095422
9085826
13943319
5894900
12127975
14476388
3204444
13270140
2558066
13233870
10310772
8222901
1109304
12070879
11341471
9222458
5689490
6414938
10571138
6781826
9876472
16185269
9307740
10938576
13106509
15625647
13505091
16109112
13534971
9496061
2567909
15308857
15733163
3708191
4918925
11706889
6930698
11133379
3072938
13801729
4717387
8042641
6588592
2583834
7217098
10205504
13679735
15677098
9495219
14882486
7241513
6809870
954092
5494495
13003242
7068147
7196213
14401518
12174206
9094179
15464545
8375594
3043561
1919670
3783062
6780373
7236209
9772976
13938238
8970806
7535486
10114177
11281706
11307595
13609742
697450
5800983
7160044
15230549
2864410
4103673
12029973
4692397
1155073
1733231
973455
8899689
1811546
13989641
8134484
5412118
16588381
7678547
3122905
10618579
14753302
16096844
13101281
1191968
5336777
15653538
8212852
8285239
8572954
15309487
8667615
11410528
2991153
1393384
3156816
1678921
7483027
5484840
12412948
5561479
1233242
1550865
1993231
10758550
7839805
13113314
545780
7855790
10946420
6721887
13888458
14133769
12732306
15679586
910650
8576362
8115084
11947881
6213516
14389172
2956772
3961659
10959767
2896658
6670440
16485666
16075583
11561705
9039387
5279810
11053544
2884406
15383576
3316374
14205991
9809119
13585542
3257173
2738918
1451529
11265599
7641980
3482916
6477116
14331793
12948529
6324038
15064381
3070545
15437089
4240707
3633239
8707835
15352948
8540969
12591783
12173160
9152596
3552779
11754139
2991005
4343362
7296262
16491773
6036846
13000545
10741551
4231723
8736624
9908640
943044
7652319
1829749
12440932
3823175
8117292
7634011
15492119
7597192
1536370
887533
10045586
4476775
9565588
12530808
7246267
12394340
557863
4547090
15142628
1039660
4425599
9388202
8909885
2364031
3516370
11100837
1558803
3318836
15085066
8041286
835116
3057644
5053012
1521085
6416834
7783112
5962131
15064983
13550565
8261080
4697400
16401578
6609624
12252922
14240077
5585361
12766313
13466362
7742138
1900760
15735728
14324754
5501997
1062782
9543865
16484590
2651391
1988677
15756552
7099232
10670966
13408099
9015462
11665381
13667272
4155416
15871182
6338661
9769653
10831291
9625418
14662570
12176303
7336741
1871805
11497764
4128418
16406106
9640983
7692782
5718492
7293303
4728091
12107078
7938910
985394
4410428
15377710
6101027
765183
6051767
3839453
6966134
16396186
6583584
9024205
2354248
10976528
11812226
5402076
15813636
10021473
9232835
10641849
1356314
4466282
6772655
15812840
14329913
9341196
10730683
12822436
13882959
11533507
16564707
7115236
2936395
612515
11764412
14835926
9984684
4635912
15983778
305904
4561339
8758492
10222764
12623032
15431637
8203777
8387329
15524495
16249391
8765534
13423284
3103393
10310402
8442536
4019680
7473262
6623050
13106970
10053792
3487626
3724883
5136583
16108744
3611321
11035738
1500029
6969481
16217074
15844751
5004488
6000032
14178499
16596102
1277555
8928929
9052060
13906855
2106018
11124360
909952
8211143
14113439
3315496
8576493
16145240
3453510
9777250
7457745
3571081
1354887
7777454
7998089
4393304
13511644
1021322
15001451
15547688
12783464
4166313
6209093
13964281
884005
14888305
9824373
4381300
15405926
15996674
5870153
3203535
2834928
14611596
10496214
14915279
5060918
13663900
9349239
11058770
13716660
5717026
2166116
468455
8057252
4466890
10072047
3610596
813913
4887652
4711201
6457736
14369564
15219641
8971269
12602252
7676098
11970624
12119021
3943878
9665833
11666434
13942253
1948027
10726652
2801742
7132088
4770779
11275182
3052925
7355414
1967870
9589261
11751517
6022238
15265647
3924696
5808870
6108551
11597307
4992795
6194371
15279600
2962752
14438242
14072741
10075186
7734609
12843447
14615312
4655023
8309235
15315943
15088775
8022959
12550182
3456938
10908358
14581794
5878971
845716
12343942
13847543
7756568
1422059
12845759
915414
7316601
13206386
3072734
2834455
749001
14414253
15278261
9190298
461575
11316423
6201720
7038947
6014771
1838447
1664083
8394733
12550121
11113329
11447073
1308702
8808050
16470927
10671289
10690019
3563260
8093763
6375831
9410105
4136293
7294421
3276573
4456289
10167612
11324412
8904559
7086654
10817347
3948372
9871768
2136695
7403092
14004297
12542831
14474310
16263140
5396160
1239846
12921908
9869165
5773277
7597466
9055706
1652714
13748188
15346661
11097023
3770459
722139
13790380
7928958
9281392
13153665
12010907
9353941
3315774
14903555
6361819
10433318
2382221
6791693
3112132
13984368
8475514
4095728
1268673
8347661
1611158
7413885
3223878
13751899
1249014
12541693
10020606
8859749
9513133
15474191
5256381
15721496
13950901
2713045
12484012
6255948
10830017
3887402
7457361
12524389
6017410
12368216
9339230
10946068
9627817
13433153
1665417
8560211
8607072
10037592
15485536
2278562
12667131
8874764
1026451
15200221
11650408
4371060
3122393
11657104
12934214
10489502
2427426
14015527
1735873
4679278
2607053
2455816
2808578
7187436
1133552
14665007
11360206
9233878
6825738
5746415
313391
3259542
3808951
13519378
15218812
9022010
9046832
4385285
4469353
16120158
15440436
16531162
5563027
12125707
4317832
11301763
4224809
10570945
2605953
3256092
5283853
10321518
8624674
3323362
12535759
4743745
8235483
3424419
1562624
6055485
632183
9733695
12448463
12166706
11710384
11574587
3307002
9978833
9587404
3697315
10711377
3054727
7820663
11565456
896536
6395054
4288295
2526970
654391
12394577
3379952
10467592
626365
12153893
2624786
341916
15246759
15458634
16576046
1488301
15928319
4316214
12649866
5143682
5614650
7820220
425894
12350035
3977423
12597946
12083305
7624365
5987138
7412284
8649398
4590820
11596391
15031866
13116563
16259462
4391124
10940386
15895997
11117249
5848819
11653499
682795
1776634
9203149
4054298
11928662
1044899
3175232
15553807
6452149
7925102
12957269
6023921
10401150
6785553
11542624
2810611
15696209
3550698
5712970
12231785
1275772
442480
6009448
5010265
16477103
7435222
522523
7513831
15467615
3078937
9759624
8776958
8860335
8103339
11255590
14539382
3748966
8836631
11870013
7637577
9326157
14864465
9335156
2194083
7734995
9368794
16395240
9781281
7928783
3775298
11814032
8428461
15272439
5623551
4712222
9613289
7810970
12918159
14941080
2068171
12856504
12711610
10953486
11174414
1621091
14373897
16329008
14001914
1145908
16377605
6017668
13780305
8565387
14160402
6672940
10961849
3254011
5972244
4394413
777792
4246290
802075
8267398
13128594
10457487
1281802
10603529
11576132
5255384
8126246
8231425
7943457
11128916
10495211
635422
15433626
10635825
12211623
3911431
8535339
10229398
8459149
12182559
3990412
1960874
9477589
14332332
10482146
5748545
8382114
8053800
7530324
6392029
15698318
16125326
6327551
13411596
494603
11951818
4321905
5738747
7520741
15098757
8314823
2782450
9987356
2308177
7192769
1689386
11916911
10745537
8567704
15161083
16441801
5781650
5838058
1878551
15301115
16525646
7265038
8856323
3217208
2435943
9625068
8165048
9786003
2128327
10872971
3420516
2392674
1034361
4506156
13656212
10890060
10639947
15583470
1718882
16135578
2566255
10077543
12202159
13891694
3664759
2444230
14031134
10385601
13837969
9843940
14381323
6255128
11454059
4636364
13723884
14054583
4375636
6651396
8923780
15585756
3136870
14404868
13313990
5919733
3102452
12353203
16004208
1194708
16344437
10502213
7113749
1108990
8002139
9343957
9561427
14824555
13227508
15762177
6396741
1616955
2847266
2717515
16370177
14260283
12000761
5813611
14157920
5625028
11405747
10073792
8546197
12493321
3239997
10134632
4732223
5141253
16346262
3666415
15315402
2764000
8195108
4465988
13094812
5523189
9753468
16171202
4995155
710307
1904841
12645019
11488921
5566521
15538819
11171698
13269544
13654130
8553012
3530669
11624982
2296922
4343719
4295559
6410220
4173487
12880769
10623032
14612522
6401005
3235913
6842238
11334158
13454707
8461813
6781626
7462303
6280357
5981187
11021748
8657055
13299403
11840302
15723355
2602127
7041374
12422077
9746796
8820605
9912736
945423
8274771
2870940
2763352
12828086
6247221
1336620
1078499
1923183
13280072
9443327
3946692
11824862
7177613
12167772
6507347
2007022
12060864
16377234
1173656
4781160
10543879
13423589
1273223
554098
7915908
16072049
1420548
1741142
8206180
12726417
5270776
2379969
15463097
1048015
7554198
8661261
1207334
1521055
11179536
6117819
12413521
3154026
11450042
10969182
8494417
12239067
8657319
631551
3561344
6966886
4612361
4952888
1866123
963108
9104486
15276720
1387059
2047254
760489
16140445
12261043
1299389
6650158
8038752
9676017
8969508
13624956
2391371
11273775
12185594
5143275
7142145
2836311
5178223
7124924
11175936
2005175
12564226
3311999
2458154
7714561
12650972
13837134
1620351
684129
9264533
13056740
16365831
4086279
3668314
5640839
10421713
2614166
13329239
6772275
9631798
494792
7490212
3574923
3489464
14541963
13469561
5178896
3383690
5026484
7800348
1883900
14998885
2502176
3216479
13572338
2135465
13217336
13319242
11660836
9146204
5268854
3818312
1495003
15540979
6466501
10939041
2089744
1961554
8286554
12668280
8876674
12937118
10720772
5184612
5909524
16589253
15583607
2860534
8920886
2386149
12956914
5386062
10476457
8631333
7204011
9300115
16455126
12494319
5939270
9142606
5290066
13171870
13347425
9780512
4742641
15817206
9360125
16118114
12281481
12874766
4752765
10251995
6667551
9743834
2593025
7188623
11077175
8764285
11273351
8269672
12109653
15820569
3812346
5539716
7814605
12800469
3425195
16312326
16468947
1255944
2871036
1041472
10683311
12240126
698544
8928081
12648955
12985612
4048338
7614826
3265358
16522340
4283990
2264153
8099964
979371
10497719
14374804
4034520
434176
12460208
11027408
11011663
16132023
6266789
697472
6274502
10623806
14611599
2519374
15143352
15509045
8153590
7298039
1469916
6084860
11212127
12104327
13264790
4019076
7268367
8944585
8567042
5135502
10621532
2450949
8307194
9243282
5296031
1751166
8223888
15908442
15169120
15652943
7281723
6309155
1720013
13890351
10662763
16405482
1105036
15748234
3792210
11740354
12484385
10949374
1721441
7275692
11187960
8332845
1562444
382416
9179554
12641488
10208484
7430144
13968751
3325802
5604264
10845463
14620719
3229660
10289945
9710738
11315182
13646037
2781849
330059
1114917
13887439
6010156
7075272
4772093
3141234
2859697
11735960
11790553
4890280
1808203
3712275
2525450
1215771
2788731
16197041
11645424
865654
14864437
3950034
6086413
2056874
7814604
2545272
11577351
1318932
2191934
8254975
13779587
1796321
8000952
8605335
1388270
15722757
10807720
11071105
9380820
14461448
4592359
12229444
6576856
1989550
10299687
3592777
6157544
7653424
4783666
14253146
13247275
4249952
1897417
1076454
4736531
11149665
2571955
13008986
4939000
11453146
5429000
1959133
16183839
2622909
10087603
4696260
14804860
7660107
11523653
9453481
8008049
3707498
12754716
12547016
11774300
5880429
15019808
6506911
7259274
509891
1274645
15575363
10200550
16405151
506159
15580728
8034316
1675462
13416815
1484901
11793844
1880043
4325409
16076483
9716375
9744674
12800382
5628119
10021931
4501654
4167008
1630080
14070841
2533887
2788610
11622972
15344410
15874000
15604471
2572634
10422244
10497229
6736122
5738579
9689301
11815535
2013763
6711001
10556084
13471450
1880241
2098440
14916180
7033496
7012658
2896599
7665943
1407628
2988453
3350967
4302984
15150371
2820677
9050308
15722544
11100721
10952699
4781528
2470329
8390766
5664672
7228731
1306212
13871120
13676569
8452254
7372978
7770693
3787990
922232
4804117
10591779
5458221
13741180
7723681
8397502
9246969
11113886
2100983
4459414
2687084
10879360
14685558
2669624
8413733
4437692
3211644
947065
12753549
1827865
10300743
11930084
13721723
985516
1519591
14728469
11835288
12668657
14166089
11479560
13560900
15632503
14405400
11064880
4857079
2354667
11601446
1475995
4262849
14745785
2628963
2396882
10545582
10671095
3521873
7190390
14804360
11546961
14839909
4047789
16326211
1294616
9993834
11944263
13232603
9620671
10526772
13992923
12108339
439388
10755640
10330390
6503965
4221686
2899923
16085281
1068260
8244136
10005224
15007260
3861806
2549953
13872592
8662755
8755520
14725988
9895464
2472204
10611252
2344426
13511982
13947130
14728844
6401944
1406091
15257735
2947654
8091838
10664642
2639370
9371221
12617506
13947054
1680101
7191972
8510651
12101807
5914430
2045415
15525073
14800092
5562438
14760958
3320356
8410257
10002200
7917403
8550799
6153207
8289715
13073536
4457662
8685297
12992438
4140355
13141139
10564110
15079051
7033797
5284737
5912782
2917021
779647
8114190
676195
13114957
9637926
8091182
6458893
9279681
12618050
12134504
7680735
13183364
11484595
9665911
3554005
7563708
5330914
6656124
3482421
1984815
8227137
2230094
15870527
14731308
10541401
14821736
15838357
15630894
12669283
7730414
6812998
13025267
13618579
11645401
9225020
5012899
4221309
1802521
9156387
4878612
8167266
2709258
7573699
11680679
1442434
4671969
11880978
11305909
9815018
9481268
2549112
5882744
11820740
1254541
6885258
14405240
5471476
12350993
14503678
10673374
3777371
3298096
13795902
4518712
3147337
1513959
1130217
15896529
3844620
8195775
5693767
11081969
3103167
10052336
6950838
12664103
16413537
1495768
4335813
16429048
11110700
11902146
15139269
4276581
10988125
5516509
8744357
7336949
5397923
4282478
3000999
14132713
15747725
10548444
3670222
8563211
14708388
7292465
3258102
9396195
16059482
6515878
9683358
814440
11243916
5434765
1902478
1753670
9115093
3022206
13851688
6491213
16343318
11756271
5205389
6177609
10980563
5746528
6146881
7041900
12312186
12970231
2057856
3944549
5923427
9984259
6437588
7392879
2078574
11911552
1722482
460085
7602683
11998345
8362459
7531103
16027744
11599335
16140413
15573152
765073
7603503
3756747
6635469
6080957
8856961
573872
2533644
3568015
13339905
2050423
4334010
7077323
4243508
12900339
5863888
13079796
12255425
5446028
4074557
14645696
2517761
15545587
13177736
10539885
13617166
10038786
14779688
1026326
8541014
14439682
9048090
10677470
10756065
2496380
9928388
1569602
9562663
11818227
5678605
5216864
3491718
4995416
3384797
2155721
5511112
603940
6638017
10671816
9522721
12053151
15213125
4072242
4913119
15502479
11854984
12273649
15682840
15388934
14551893
14682691
3740112
12541426
9494504
15698454
14952246
1698360
9307973
12118381
2982075
1621399
14489461
10657440
10874608
7442148
3591955
5176809
6136931
12828421
8581157
8307883
5980230
10963701
10206417
8434215
5106533
7697652
6856553
2737218
12938510
13457117
15761196
10782813
3603358
382341
8801892
6290078
7765598
3391563
902464
15071393
5292307
15672727
6371657
8720109
8627842
12815715
12808205
15446465
9173514
12823321
3098227
4577876
973865
7931729
8157332
8622759
13216455
7072040
13469131
5500385
15319208
6559518
5748675
4489980
11749090
13221394
7705775
6157584
6941742
2897621
10615944
14392329
12390663
3060371
9174222
14775147
494440
2667786
11216834
14843756
5838355
4051515
4643813
3065981
5905446
12635408
920203
6210887
2613849
1531648
3532620
10956744
3187993
6859466
10715008
14367797
1170944
15045937
10426582
3992343
10003526
1930102
6372220
7994096
1781555
5935059
12048146
2040235
9270568
2802608
15219780
15214684
5816067
9697044
8395884
6695278
2732183
12778255
13946760
13283078
1122479
8968813
6744816
10357312
10350221
8900639
2663211
5427005
5563214
5244750
8703628
2992427
14094179
12012916
4663411
3180972
5305391
6951116
13900185
15367348
1027482
3597040
9151573
1769934
2141255
16328176
3721189
3143873
8090207
13829019
12252261
11487876
12712408
6641917
10017361
7860111
13832899
2443489
16505319
7858321
12653159
6814000
3632557
10833381
843555
4359551
13199441
1809623
12804471
16356043
14949876
8298305
6156607
10289943
11644068
1716056
9710090
10452426
9933477
12355438
5072694
15353084
16472463
8918176
14405333
11561259
5034504
13787441
1332308
15221535
2324794
14273993
9644772
3246545
8608057
3194098
6430706
15638875
14373416
8955555
6995600
10834681
2266486
2527804
6444065
5216859
11019543
1578431
10236338
3715781
4262790
16502566
13334605
4238864
14507526
5807547
3459352
12127100
11104020
14684766
3624996
3591019
1024046
714258
7156991
8927741
14078551
6867440
2455610
12831670
9812028
12010255
16271344
2357897
16557739
6551498
7509354
14489713
3793657
11808258
9808295
2778899
12904326
9096129
8607248
12635773
10814160
5869595
6455968
14134805
7633579
1153154
4163085
13926002
12454411
3443013
15466662
5263871
6728233
3277075
8712230
10168395
9100285
3578865
6020381
14027669
899611
2592885
10898131
5817300
565112
11745698
13938993
5729499
13114266
14152812
2327913
9417074
5341303
14142594
11589019
4120267
10383180
11125623
13303070
766755
15180627
11686325
4959111
1119857
9941939
12128777
9219289
14928417
6114498
4468582
5646036
8012322
8168283
9424057
10126467
5689156
12631862
9164482
7567101
14140276
12671147
5294643
13735467
11633572
8947287
10506386
5638713
7657360
9170284
16153776
2553188
2984393
15285666
12982556
9377186
13505832
6088431
7791398
15300456
11738302
16407667
6543358
6346028
4288335
2761360
4336527
13042827
9241855
1231753
2442090
12196189
301853
3312387
10897741
2544420
6937923
4080488
10273531
13513055
8033584
7473205
8383839
14627852
4768124
2443323
898564
12166792
12898404
12702804
10859270
10768613
5583140
6955521
6679607
7494364
16142764
6257050
9959289
6080602
2176622
11656886
12107068
7539142
6828939
4224160
9609950
16021702
7815566
5050303
7194096
10076678
3066829
13003743
1010051
8596407
14453588
12451167
6842405
15891548
382876
11363747
4172218
12010864
2700814
12526536
14484724
14828412
12752101
7266043
5953817
7940568
11156894
6372725
10105354
5410201
2721252
8636770
3111609
12940179
876416
3679292
10046640
12903786
9083923
1765280
11380675
5039339
11485232
4782175
6089805
11432668
2667565
16317006
8552297
5779224
11064631
1203777
8461055
2014030
12381946
9976862
1942353
16432975
13310117
13549889
10309081
6227742
12184390
13281925
14516773
13119412
2641216
8631942
14840541
3657951
5002883
3410547
1184771
8471573
11602912
8658624
1607388
1828268
7170936
7065351
14761499
12319084
13454059
6541727
12983462
13669509
5150466
8062071
13492881
12072970
12261420
14961113
13865885
3695851
2767750
8621163
4628685
16210428
4593339
750006
1998462
10899668
7879152
8513781
14638025
15730831
7367359
10534960
934928
8600937
9968690
12160964
3912790
8243692
8473931
15387757
16437182
1717314
8556333
3684473
12803119
7045761
1115055
4914206
7721931
3059835
5024841
4155694
14506208
10044644
16022458
8397873
3105938
1777032
8207770
14817174
15978104
6649883
11995239
3970860
6971107
9979207
16370213
2671899
9671798
1726612
417819
7150171
6531031
4201739
7076382
6651518
8992912
3787011
6731379
14763835
5008659
16427612
3807098
11168967
2572878
8693381
7876841
4781955
15142579
13411888
14060629
4395576
6031275
13454029
4757047
12787566
10450450
12702810
6435554
14601801
9957196
745276
10260121
11662838
13819394
5136562
11464944
1200676
3819291
10049439
1800070
9757356
4564524
5219149
11040458
10609758
16339505
16557585
10595361
11992661
3459449
7945218
3848001
12984680
5524359
12778395
7025188
8907451
12393484
4563956
2922432
3070011
7191531
11015075
13210448
14474705
4247131
16170949
9178097
14525163
4193923
14859496
5814015
12716269
13897721
12770734
8727070
2507243
16564979
4212536
6726032
6150155
2759277
8375440
11555701
12528070
12053778
15046441
12728710
828353
3400041
12760432
9679319
10542952
13693409
8530502
5741379
15017515
896431
12504120
7126394
5495786
11855809
15625970
2271911
2548427
15678743
7437596
13675126
9254442
621046
9750134
4754395
15240401
9104340
5032772
1007539
13323169
1149113
7285705
12510856
7443438
16594986
8003877
1657561
4835025
3455221
9646873
11114419
9021509
7595059
8363958
6192361
3194898
16472290
8785184
7341076
5457379
5174616
13099080
15433740
10296283
6463408
14871239
16171191
12797519
850790
1851746
303655
9429540
15853920
9900293
2166977
16019935
6098355
635162
1375670
9193690
9699201
4004845
11906277
1318606
5309828
7611870
5695648
5008645
12296806
14354704
12627994
12711992
10216511
16598419
10699667
2437150
13842084
11078459
14465987
4854413
460087
7575519
1482769
1978764
1247052
3102184
8271253
10137019
10543168
16081022
9859375
3110064
11718838
10461667
14178065
13690237
2825285
16338744
9738122
11839281
9842692
3888913
12178807
7494691
5203625
12844094
4476997
10484068
11826245
5429779
13284701
6118658
16557729
10598102
5978200
3432208
14971387
13160827
803807
1086703
9712713
13935032
12764918
4601786
10886553
13212607
4491637
3199675
7968136
12901434
16381656
9971237
11812372
12430802
10848946
10994639
899207
11218692
11356251
16444391
11343297
14326661
12583794
6682094
10435362
5907337
14230664
7491417
534373
6979328
1185025
12470989
2607559
1437032
8226714
12459879
11024073
2637649
740659
10997669
1363745
14338170
12307568
16084459
14043702
9438875
10862994
5640610
1526560
10461993
540038
6454445
5918149
4407428
4005423
6970362
9147455
7763782
3581329
2920344
6837839
11430993
15049480
15442964
8833428
5539763
9528650
2888045
11191831
11929248
3660881
5170913
12678293
7245266
11837378
12194457
12664313
4434658
3292991
9064345
2397231
2619294
6408285
747915
8411849
2012891
7986382
3579771
6456758
3476091
2487403
7165859
15121191
7590414
12530583
10686932
11814771
4277247
6932547
3892612
3628839
3209544
12504349
8000266
16004295
13545058
16304520
14374512
5084576
12326356
15262408
8831599
6932686
6783061
1952365
12410659
5543102
3340540
12832613
5172849
10478606
8830198
7509983
16303339
7928567
9978124
16339156
1061464
13810681
4705406
1264006
6478474
11164010
1085596
3598467
12508229
7313760
8307692
3998142
1483480
14336959
15490699
767251
15318070
1092983
11301382
16114226
9261643
5397843
10458773
15972223
15621542
8984545
1791619
13951383
12372594
13654282
890652
8453453
12107222
11929135
14274984
8000582
11636872
11847376
7227941
7986835
4081224
7584922
15387429
11490540
1169257
16141310
6323130
500575
1540089
8376847
5199840
5618677
5073507
3461994
5794136
3959950
6402258
16573608
7222188
12207615
8112607
16299234
15329320
9364471
418091
2522994
14754828
7504611
6145471
14018322
8930430
5430529
973605
6083335
15409761
12131766
15315668
9992153
1269419
9655783
13862072
7092066
15799467
10444956
15470552
5299733
4397277
11316921
5964939
1514749
2236471
11531536
1768407
11044704
4737149
15661504
8343318
5132238
15399276
6143664
12893202
11125130
12571261
8499393
9476978
3204904
5976740
5443988
12958129
1233812
10208333
7475399
9892693
2122195
3516125
10309656
12869548
9558618
14299940
912263
10952741
15219767
9992272
8875914
12089537
9416893
2713543
12388565
15367993
4294584
8973240
4507599
10347910
8025447
7999543
6729592
8049922
14945235
10190717
4181868
2748917
10996610
5125842
5782085
12161335
16051249
7263487
11168104
2715108
4376763
3521135
4734669
10782626
13835440
9889807
3367760
14586277
16128005
2749635
1297925
6934098
15796162
1398501
2740129
11577739
5798268
6061180
8342359
1856130
10084848
16434699
15050824
7423922
2513650
7255832
10574270
1882536
4469012
14407940
5926476
9008163
10234495
16210531
1087287
3882780
11559886
12373403
12459980
2671352
7161689
1138895
15333217
5754228
12792097
15480967
10766689
3361157
6931509
12973821
15166587
15226187
4609443
5265385
878689
8310693
8098298
14569718
1194096
5210888
10928124
5330099
14239886
13954616
12322126
6638931
2295261
1364576
10219137
4064005
3639649
8967941
16249784
9374971
10970229
16022570
6162753
10318680
16552293
1783745
15098200
9558320
11514294
4805993
3905424
1098811
5624061
6460740
6919105
1954418
6239795
5166868
13294975
4180532
14198103
14803455
13323056
6581146
9065411
9692553
10172438
15283732
4678795
13472464
2731579
10546084
8534794
11161317
11897720
12511091
12464557
5862725
9449637
6600358
10505070
15611663
1379251
15088487
7865903
8641092
11598039
13534205
6080938
9676671
7826073
9692360
5889942
15377292
9655547
11699030
16156847
3454997
10612035
12068443
3673358
4748373
5939298
12134921
8181791
16436459
4758657
7831153
1654635
12331394
3447938
12358019
8023554
6171444
9698260
13347984
8668920
13989358
9054734
4319760
7103408
425537
4969497
7217887
13421586
1041527
15885830
3835994
1895824
8997806
12683221
7702862
10212984
7384386
15096696
8030238
12485884
6710908
6822008
2664949
4861917
5180591
9773492
14138743
10911402
5259848
1879020
2027278
2036373
11993287
4126147
11201269
5297604
14916015
14792527
3873162
4334624
16181300
1557703
15931819
8325352
4989609
10568522
9328151
7193479
2147696
3247494
5650151
9090216
12612176
7402073
5366116
3183057
2678400
4701816
9729109
955647
7215053
15070572
2811301
685495
15355751
12073407
10615826
9670653
8075210
10071914
6494166
11309273
4050543
14334800
7898094
15421431
1822952
7089830
14716483
3468754
12936145
15764825
9996026
5309743
14321107
2344671
16175602
11320546
9564130
16138540
888245
11636760
1701925
4925122
10137612
14616245
11022702
7548884
10048481
5091334
2726063
4504124
15383992
13548665
8378965
9836454
2322456
4430150
16261976
9165241
12449995
13654850
16488959
7123860
11584323
16020912
10962056
1248488
12483430
8616687
8615528
525820
5523803
14809153
11288627
15274739
1644491
10893239
6630664
11529273
736253
12094975
6354214
8680885
957229
1591693
8300329
8200371
11007080
8334956
14358153
6099221
4162967
7350977
12156434
5787508
7985864
10355622
3560676
8110508
3531045
7291806
16252641
14409410
3566676
9718779
10291613
11738888
8349222
9361681
6968070
2668036
7158595
14468491
10687459
6862131
6702260
9210769
7540265
8631203
16501354
9268180
12156761
16346200
7393719
10160796
2229578
2222966
4197439
3840837
8218388
12362591
10874661
8930147
3357716
5285544
468839
15418519
10141515
11514155
2469041
11218340
13547511
4866145
2502335
2394879
3067946
6208144
9733111
11718052
5977673
1511412
4004261
13195527
5883225
1904055
3578748
6674804
2410285
14502048
13307733
4578067
9422528
5585818
13879618
10907354
1677321
11228349
1090537
11596035
9453364
3269037
14655957
5476730
2565655
14649356
6945393
4004842
12264539
12385530
9142879
10703508
14491050
13445543
10063428
722392
15486036
3071639
7824766
7435715
9974327
13926245
4654956
4968785
15321133
14063956
13937404
9389390
10163401
4942132
1856272
11220291
13618982
3810287
2957428
4927081
5198195
11713974
6013900
9338145
6576720
5759580
13646537
5507047
4185551
15100889
15380297
8696719
13087218
16478965
9148111
7452892
1827936
12434762
10582437
16196034
16229282
950596
6977813
7396608
5081975
10612393
10349643
3204315
9266565
7627570
10247720
4242819
14957491
14009410
5723545
16556702
7312454
9881793
14085300
751591
7491810
5948670
16481557
10627924
13368862
7791828
833809
14794802
8857600
2758050
5987186
5528829
4453267
5162231
6671698
14168761
13329332
889194
12142171
4339126
707645
8634982
13933655
12854060
309912
9480099
15498090
7155553
10347867
1345474
8457246
1670525
12099957
4739537
14559710
4352804
10567102
7995869
11371519
2745914
15347513
1534197
9752051
1245302
9562348
13869032
7509337
5839051
7372819
11381311
13646313
3629275
2392221
11717264
16484988
386763
4986646
1714561
6734380
3561570
6819034
5358265
3067705
13639659
10951201
2600063
2757445
5411091
8107403
7054653
8822324
14343714
3652372
3983289
6480762
16276029
10934650
9030025
12438569
9069739
3439064
6790969
14595371
11060174
11803213
14029536
10832756
16283583
13931699
7055747
13842351
5284539
16529471
4711521
16579741
7707167
14581309
4665818
7658519
6527460
4634127
11162290
15650790
2890632
1000282
11974503
13165068
5515153
3638457
3736618
4456476
2361095
5052704
11844937
12138028
10768716
10080184
11861982
6983145
8361235
15045386
3651006
2956297
3808137
1610102
11807170
9150869
12016676
8464925
13153962
15157940
3983208
5744382
10152014
3162466
15116526
3989524
9975224
16215263
3380392
2073194
6733015
10974744
10193262
5808313
7413992
15101931
15729508
892461
2593590
5756338
3577227
6312091
1429562
3588761
3828320
8367670
7407185
845845
8304081
6205783
11802019
11906410
14658066
1785494
3069312
9404228
4196545
10730051
14064894
16164507
2766452
3376900
2452396
1894234
8214621
1776511
8550822
8941006
12710765
9266362
6327846
9191143
15739023
585191
8962576
15988846
4333410
4638888
13992392
12759316
13808908
8703618
5854865
4645283
13808353
3815794
3926702
12740039
1270308
6315470
11085602
3389754
5910393
15933839
1796138
6407827
8660462
12314153
12886897
3684307
5227654
4525641
13309392
9734325
5011968
6794784
1852956
12059345
11744868
11040835
12748413
11698633
7602389
4172062
9799813
2509302
14430518
15994255
4803383
13188895
15889543
10754359
10628899
16134330
13710879
15314374
6549974
8446546
5072475
3249319
6218877
4551773
14489625
9235882
8139933
11174811
15286628
8867618
9050001
6606708
789474
12331189
10162164
5968363
16518879
3223799
12894227
467531
7461420
7532580
14573435
15073188
2495423
6680021
9201269
13690147
1151127
14311443
3017222
13737962
2620546
4693162
14114713
8099942
11439068
9623114
2402688
2104970
2757325
14758302
6704249
15950409
4561359
13978310
13929804
14235572
13752830
16579422
959795
6492460
12714761
12044972
7662615
7277099
10850506
6575845
10476819
7412667
3535196
9920224
13943311
16176815
4182283
2393464
9257653
14737773
14964706
5372525
8027178
9082251
14534473
12437427
13209918
15007871
12191554
7449311
8082624
11233348
14544472
15800061
7846983
669945
11107712
3885741
11394519
2621526
7057028
14681650
15411772
12793069
9599850
1745431
10893943
8521329
12591811
14620590
6982298
14355282
13153516
1035567
1088847
9402492
5295827
8303773
13851296
3126962
9186647
8578510
7738364
12699911
7383175
10277118
8919893
6656993
6520313
8546778
8314505
3414300
3447365
9312269
14807502
8307476
2558843
13973782
7454745
7079538
16076713
7892741
6046091
7871466
12012535
7672860
2009808
11022850
16432921
12567935
16076600
11499397
14533459
2343099
6825230
14829600
7760166
683114
10698204
6403551
14373183
15655273
15878528
8467485
10773345
7490243
10419186
15408687
9907660
1951986
14880191
10984764
13229452
1089292
8559499
12077249
3373918
9979169
10661309
8394074
4082598
469242
13863951
16246919
14857850
11003563
616951
10262682
9210348
1869626
1978961
16592360
4814671
9081405
11371290
15365209
2098338
12899720
5498967
13354997
12746675
3834277
6943148
8103239
13494437
11187502
15832537
6017999
12086388
7997479
8713171
7506837
7466935
2043454
6795300
12822967
8362924
15470845
8423474
8488440
5100352
8878806
13672536
2606125
12316800
15674860
13643623
9606615
4982954
10478974
4626938
570092
14229537
15785486
14813742
7387296
7329164
546818
9120462
12663766
14465498
2711225
7680736
13396758
5269557
14066099
7333967
10473075
7526153
7996666
12935868
2506992
12464013
12602478
15713006
6719538
4936841
14820843
15773336
15240776
2286023
5294931
8208728
1468359
14498030
1848476
973760
2112482
14396786
4528123
5216836
7835790
10974956
5473512
16529606
3369235
6454854
10638472
7650305
13512738
15023175
2166018
10471599
10110291
14002959
6553167
3160016
2091593
12163193
921124
8189526
8336822
9941510
1485150
2689937
4498775
10901549
1788566
13530713
4734106
8443756
4256635
6057124
9188059
13711679
4597673
2456083
12803818
7301441
6030420
3448752
7207289
9080683
4442506
16128157
4146529
10907095
2785894
13016355
7382025
3629203
13523974
10441498
6628702
6079769
10743069
7912795
2684300
4105843
768705
6440626
15928837
9765754
14397962
2301740
9470180
3903918
9152961
12105986
6452769
12637277
3306870
14305969
11383850
381316
9704148
6483605
1380795
16393282
1960891
16440721
10464227
6909623
4081006
1243090
2943974
14068840
7329146
11065199
8447344
13099445
2126298
10474081
7472986
10988455
15518713
15116341
13713447
15525890
8815074
5397018
4234326
11909080
9753005
7021543
12563245
3945327
11181358
1110722
8296468
5533071
12382756
11607838
4328771
11779051
3765691
1675571
12647305
740891
5472617
1942194
14259350
12872862
4828366
13122159
13164505
15487305
1881913
6671475
8644392
10799390
6834447
8113013
3582734
12907585
9805929
6310305
3247833
15049024
15458600
16584731
10788100
12047286
6201356
12508669
4478832
16000954
860334
13661887
15294064
7065404
8617879
12626027
11898432
14090036
1683128
729423
11933802
14874004
14546177
3851545
9383673
5316256
12715382
1772166
9726051
3480748
4498227
2223770
8737443
15813863
16081192
7907850
553066
11761373
2317654
11258364
8077480
14766372
6556815
2177314
6707116
4894674
13765675
11089575
4144298
5559188
5668349
4608635
3517107
5605240
6171711
6213519
13230147
12604684
1683309
3081048
16477362
5476252
10965015
12521782
8214663
8280644
12517803
6870485
14698618
4981446
6859407
2929916
9328908
14932588
13062130
661697
8532902
3049249
14953070
8515125
12593589
475958
4167142
3206615
13966885
5429662
12544086
6146759
6807626
831761
5234441
14726204
7830188
11383790
10425239
4524790
16362548
7826905
8578076
15654569
7868882
8198741
554426
7722343
9661735
15802344
4243562
6059988
13549938
6495243
5168574
2357698
16308709
9453733
15185949
10522591
14242902
1169078
7066878
3447120
4814695
9559546
12081673
12728349
6096239
6947191
8944361
7774909
2452405
14099911
13984986
10606039
15238632
1769935
3592879
3871478
11155124
2892665
2329854
602929
9512411
1081129
1189644
13410532
3571096
8923962
9322856
6222791
13572229
4712101
13921833
3208196
12928187
10625318
8479145
2842977
16378456
9383627
13599185
4486574
12326541
1415490
15603067
4396415
11919306
1923744
13985216
3852557
10505011
15365458
5520616
15449468
9609423
13624456
4103152
12377014
7593858
5866355
13558469
10461305
14682104
9759991
7559607
5199640
15310809
6444241
14243839
11935292
5486683
3642922
9701589
2796928
15669042
3493521
7047349
8423188
3455417
580550
897011
6844215
1627972
13954800
5075600
3464633
7356942
13214275
1774020
6314059
6433612
4172182
5028938
15481461
14129577
15114901
6366479
9086623
11122619
6029168
15496923
11384287
13445734
2953037
13335527
8173021
5723146
1278989
4843735
12834113
15602619
10816619
3093307
12494627
6042352
1778734
1525154
10363415
16538138
3769617
9847127
1202185
3517497
10799548
3555111
6001226
13407426
2333258
11591632
6793784
9554468
4320792
1730375
7043230
11992530
6725809
10072895
8641346
9950061
14816529
4260559
13750638
3757143
9520975
5129939
1493131
7499946
5035432
6458147
518353
16572959
4155270
12240235
1880393
1108355
871412
15939947
15028616
12448087
15174267
13137220
9910905
10496023
712458
4105684
3986511
2550805
11417293
16145340
9048699
2153301
2995042
14140589
1206353
7476345
6796847
5000807
5896216
6921191
15139069
3481119
4674034
3883059
5485438
12372783
13635392
4474591
13682637
7532040
6460179
521035
10737153
4899544
6311530
1708955
5436342
3838106
3744472
2749866
3934836
12241593
10831969
7969309
581980
8543493
7416433
11454160
14087559
3037757
15747066
7783395
1074887
15082022
5993472
7486699
10805139
9950771
6351285
10430838
11996951
12376431
1968507
8694912
6868329
9141762
5390764
6859676
7566808
13804454
5993126
5476423
6496031
11961165
4166891
12890650
7693282
7245814
7249634
3836668
15827442
2458486
1303204
8987476
4253119
12593937
7000661
6831325
9813082
9935391
5118984
8685350
10901187
1385111
359026
8822734
4546002
10033042
8184609
5578857
16068040
12874014
12139713
6790444
15562935
7626809
11574339
5435560
10087865
1005962
2455012
15024293
12329385
11100874
4227286
1167831
6018092
3081136
8355976
4373759
4878293
1106537
15508279
14106199
3483720
13969496
14017720
3504473
8994369
8286837
8338481
4371929
6278707
2457320
11323250
9143754
5520490
2107689
9112298
14895873
2163933
12119654
1899269
15619981
6247241
9671012
1777073
3535413
5414878
9473360
10297396
1782256
13801943
13558497
3556614
11112881
6046632
6769557
5434504
3651087
14781215
900930
12605852
10797296
6312697
10541907
5583144
10626014
3949253
6214896
8235448
9315322
13166169
6433768
15083825
3078849
3307720
9419753
13168648
4756900
16398522
13773656
12024338
11496807
13265968
5494478
16583836
8119231
9346964
1659536
2785988
15865598
1622516
1747575
11986199
10187073
12375553
1944151
16593728
8607089
8940959
15400378
8745445
3822449
16035557
12411348
16144026
1217387
9508767
2715155
957695
12241289
3693548
5698706
3404434
1180998
4738106
7285666
16164536
7207284
4379779
9420260
3132797
13845115
8641462
2093923
1241836
11969182
8615475
15743100
16565965
2954426
11989411
15528509
4530145
15739554
3567438
15814767
11306563
6385034
3361077
1542569
7221687
592133
3659823
2141847
4246644
6269425
3113019
10306862
10863128
2535983
13285993
10354729
8624458
11530116
1455670
5993786
8692198
6735122
14063334
6551502
12064106
7291854
7069150
8691950
7822411
1233993
10470798
9516498
9339678
1099172
8749751
13610506
13931903
5854387
6333008
2550784
14923308
5195875
3550241
2294689
3847171
10671425
2283059
2476320
14768271
8880125
4557754
8890879
5055803
3286613
1091140
5481648
6615439
10262375
10821961
13122149
5752976
12062469
7199180
4068610
14765296
7736925
14382920
764968
4366854
11266648
16382256
11423423
1878217
7055632
15989895
11849762
14814120
7048353
4394610
10820624
12921674
11223530
2703793
13663487
15281864
5397319
5337010
12363998
6760845
3485613
3362525
8080284
9391750
1169805
15219094
3226835
12163802
13355382
5497219
3761494
11174482
1905843
15174106
13385673
10475683
11742844
15929554
2312892
8172842
14214092
545925
2153473
14170521
10971049
2256046
1361360
2870263
15676591
11420623
10606887
13850928
5333102
14253347
11100266
3695713
14779603
362794
6114726
10499100
12251646
7925572
8624703
4716915
9230373
8555440
9819843
2728686
3296242
9534778
802194
13104943
12424065
14497547
12422787
11400689
14542127
9986684
7438048
12349292
9675456
11741276
16099171
10011190
13544315
12961517
1898312
15197812
8872554
11559776
12253092
8626987
13215388
5200632
15938861
2052462
11742812
6353750
8661897
1558265
10974136
9264548
2196545
6151306
11167820
11561986
4481378
8464763
13116222
5432704
11772204
8737410
11088996
9148391
5515199
375114
15361445
4357243
5583531
626200
5045197
3887855
8496755
9903994
10522576
7207725
6271171
6662491
4847458
11524558
8121784
3735134
12707244
5564300
10130661
10958041
14775617
4304178
4801234
6700415
8813658
13497731
4089255
625084
9901191
6099172
14855892
15977601
5506628
1044890
15334619
14924482
13505943
2006906
12113614
13413749
3434892
5131585
13070065
12045481
15826002
11294608
2699096
11167141
2342097
14350265
5246885
4652994
6394307
10941884
9376703
10047307
9555473
11781958
14137130
15843899
6110766
10845632
4910615
8981971
5137030
2617930
5052046
4271178
12873825
8333052
1482392
15075273
838320
5187522
4503595
1003235
12104489
4692682
10546336
3538819
14335361
16464458
16185212
11314304
3863523
8857800
15023269
9057576
7010677
14162568
2620711
11376906
12658894
10473130
16180341
14249469
4675596
8643103
15244365
9627716
13268314
3165503
428052
1975069
989924
12094891
9041749
11802782
3211825
3971417
1735746
7409314
5459013
15023330
1658553
13787802
10176573
3262975
1185373
7623877
5702355
5195345
15567494
15634571
15782884
6368486
4775667
8736639
8774465
14641139
1610241
6478000
12504514
6875571
4679272
444518
8559589
15548192
11194448
1054400
4727109
7566548
10594860
10393657
8409964
16223630
5605238
1023710
15323565
12631576
12290561
7282524
15731271
14136788
2393582
9643244
10932203
9133832
2325232
6628152
8351352
474591
13472813
16509664
3323998
6006112
10667604
1936681
14986744
5638034
9007311
4656935
10224792
15971239
11266708
7353495
14158229
14309194
16416816
16169267
8727998
8921224
4247940
13489874
15128153
10728602
6760727
11042511
14078394
1077859
1610286
11021007
8227005
9251204
7140845
5526894
3973330
14578974
875971
12570979
2409401
10575560
8895325
5815361
1551780
10257218
4717161
952688
1767522
11044806
15775079
6643831
15863416
14075290
10254250
8936166
12134489
9051734
5424711
6496071
1692332
12620921
10100766
14082618
8289144
2827499
3896423
7818730
14338208
4873277
15903012
6270981
4053502
830475
6043989
10696298
768994
1551487
3690325
3804855
16350620
10255586
987857
2198725
5866947
11766641
12655495
15155060
10506455
11498840
14889082
11686186
3330795
14431466
5208718
473395
13068786
11549563
5216472
13936245
11944669
2750488
3454448
10115001
8049872
6712986
4660941
9994579
1705264
13056002
13356046
10549863
10157228
3379781
1901630
3835838
1712773
4154393
351128
7490850
8195742
9620344
9732555
9152009
2589058
15277597
13972590
10834096
1109540
15593177
4031466
9551408
10769896
1030448
5769667
5281112
15895247
1814177
7726339
13074553
15811235
6455210
2715822
15430709
8261395
9401690
7848754
8274835
5879594
6558069
1183903
7560732
2090965
10755653
11235460
11697849
2004610
11076252
6389421
13888158
10360058
14017596
6449088
12443101
8637393
5134039
9292421
4284301
840030
4957661
896102
882448
3652273
2170349
9495885
3242417
6492470
8946725
15467900
3363592
13131436
14773027
7495744
1269034
2420453
10839611
11563315
15338076
6071867
8468386
8521758
1319424
6375039
16388001
12010213
1258994
8101576
4527740
11950998
15782983
13166088
15862178
9133420
898130
6545417
6478130
7229688
6796361
736277
16333039
9317921
5143511
4133084
626031
11772653
13878424
8513748
16092912
11877007
1417446
9800762
5862595
14036382
4474023
3945117
4981655
1602086
15763647
11684994
6795935
14087731
16528736
9433644
12301093
323524
5191982
7519161
4811910
11853715
9990541
5247402
4158728
2130085
5126066
11959590
6838294
2137271
12638291
460190
2056036
12102906
1940528
7282223
4513216
9846066
4625837
10689204
9584569
12363981
7256555
11031505
9995518
9456906
14406795
5809778
6660570
13489257
12019171
4348992
1318336
535751
8035616
11110324
12434784
5711178
5091331
11240530
7781310
11822723
14065660
8315323
3223592
14729983
2959743
1322443
13197258
6429140
7882595
7595443
6356078
2087681
9447540
3898896
2362170
13016510
9793669
3950383
6019748
5266685
13306980
3175410
7769598
14792654
16079856
4658193
13495318
2151988
1652519
1708109
10592571
7636770
13478178
9378522
2162143
15572111
6150070
2116094
5427073
2041457
1849694
3970414
12101791
8341622
417107
11028858
12354553
15305459
7391978
2811596
9783369
6505502
7231343
10239977
15579357
13072878
7223823
5023495
6026148
14684459
683776
12755120
1833734
5424883
7608148
9910719
2778081
5087730
3686037
310108
14237281
562997
14674202
11362064
13315450
14972323
13458540
6914837
4454154
7744123
16246180
12535920
1619504
15726771
2280121
7324070
4993051
12420451
8722941
4166473
5012303
11659135
15337559
7031336
1140141
2086330
11589348
908080
16097081
14324288
8814441
3873364
456402
748640
11919139
2000928
6828353
605319
2548763
9054643
12869443
8288966
13059466
6364834
11619822
4832596
9313700
14852435
3153290
8909930
8479300
12792770
6199943
449279
14778471
11148577
15989249
3161300
5913923
9926777
10453828
15046520
5366448
6187262
1271769
9281212
7104213
9682582
5969134
14390089
10148126
4755987
7659759
8852760
3762760
12789033
6553933
2483324
11151618
5994348
7689769
6353438
9010332
14016667
14404756
7767987
9411637
15790030
6326911
1551488
15055360
8275243
10816670
5335870
6388005
11903454
8552791
16565144
9896395
6619638
5600098
3175964
16231118
10242725
7795974
4050038
9012046
7799434
537002
10171939
9165550
10811908
2987409
10005727
10664023
7133887
3716224
10727620
7859823
8815619
13631538
6775353
9796803
3914006
3160726
4067473
12668477
2113169
16214140
4452258
6059639
14091865
11023338
3208278
1764142
6106897
11443177
6288303
7569842
2887748
13141462
2065862
2362423
15149175
3498198
11949375
11647414
9350409
5780977
11803394
3115068
11533254
6582882
10337612
1590095
10073667
