#Seed 4264346952
#index showed the (transformed) postion of the SNP
#SNP index
16177597
14315787
5688492
1990980
6362800
4744493
1938512
2048751
13806319
6810082
5309660
10452405
4148841
6557479
2070507
14409602
6455928
5489561
11318329
3210279
12128654
6944947
9007315
12983308
14960895
6115215
6355224
3782010
12982161
5274606
5822233
12509009
6377139
16139493
9663961
4392232
2182187
2899568
1453213
12789624
5682757
9737702
11249478
4225027
4615382
2913291
2935539
2175072
7744454
11754842
2321558
6008169
8883928
15483811
13637164
8321378
2039058
9851905
10392698
13857865
4296055
14153141
9490681
2845640
14357226
16540047
4149670
7501597
6412268
11516388
11389983
3140502
5537402
15266673
8643268
13414246
810960
7426008
13166871
12119270
12119656
12287181
14436324
15768867
15742490
11099833
11496571
15646735
9220927
6452423
16029272
15575536
8430221
6648771
2827687
16378471
16356616
14524158
16443031
7656441
