#Seed 2004986646
#index showed the (transformed) postion of the SNP
#SNP index
1332056
16587904
3175514
9204804
7693452
4859199
7393498
9027693
1844324
820022
4337778
8112511
8936166
13398206
11578703
4905549
3060544
5852471
9602552
514619
14819395
987443
4358310
3898941
16549267
797860
10276095
8662815
8940013
10226946
14340691
10164266
4703741
16582893
12282511
9974694
13967555
13456094
678748
3698847
12821886
15093280
3144241
995880
7089859
12390194
838156
2687113
13871378
13749789
12508599
884657
1940526
5927663
12662947
7294572
6219834
9837773
3499191
16205255
3660948
10270645
3619745
10989308
14157700
6534680
12045149
16502085
4761021
4553532
7652179
7793100
11711202
3862232
5136509
10586615
6259117
14726012
11098650
3819151
12752931
10081581
14042490
4095427
10319168
2211110
4270726
11593711
9353797
13564587
16257725
5609614
5000807
3345335
11341399
11021170
5113349
5955376
12805664
13724025
6577902
15292701
13837665
1223196
8236462
2694601
12256577
2049220
548787
4580189
16447091
4181938
5140901
14433774
11444114
12183003
14778471
1913416
14826200
666228
1313123
4656132
13688437
6463548
3375125
14788125
9083729
5083626
7496587
2812237
3901478
7830175
3988076
14511873
3366005
11650843
5527717
2701455
3959788
1184102
14636390
9974309
4961268
12664868
591168
11327951
7641174
13530040
874955
881977
8499060
15724343
8690036
12805041
331897
7641663
2881096
12896246
4028775
11902396
13970532
4916463
1361156
7302636
10481362
6395272
16055007
840784
8908371
9043326
7006231
14271342
3454350
5836318
3272318
7265645
11488031
1112030
11780388
10957072
5710875
12760890
13310077
6103983
3272277
4821368
13450652
12103951
7438521
10253945
9503889
10658215
7597643
10766670
15207157
12176113
2998720
12002404
11975939
7052405
12223648
11591792
13114965
9868525
10037568
8289144
13099115
1676203
16490195
1790912
1180163
5104484
7284462
5440498
12328565
7637729
7386832
5858702
5807227
13435344
4136543
5405787
6563101
13275830
394698
3509225
12130237
5576360
13390010
5097936
4699255
3272439
3297295
10905422
4349723
7468811
13615433
6228974
5303772
1728684
11350538
3053828
10760646
2857250
14076208
4022400
12471762
11629275
14387991
3814173
11399955
7517544
6022560
5490488
13964281
4803024
11012184
1731099
7334665
6439035
9558676
9424575
10751806
16133572
10107127
1794002
13662234
9387378
4750421
7070187
10269481
1096896
10808673
4652936
15432488
2191136
6132232
12928199
11563609
9934064
11292116
3554636
5636549
12611638
15797724
7758831
7862501
12740213
4155682
10161051
12995450
13004899
3695008
8562517
15792958
6019478
8520705
1882967
11165821
12145752
15343307
4173597
9101149
13643002
12417845
9103102
15874642
7796250
14634667
11514935
2234412
4630597
3098684
10602014
8994126
10636325
8939042
9469517
7785808
15331126
7814482
3495660
7633279
10794874
10689267
4271792
7502557
11770955
7285800
9182942
16209149
2955722
12548071
2829969
13026626
3889988
10258804
8863741
11683895
12837671
12955254
8802699
5197542
3616061
8303933
9128842
3628894
10743590
15595975
7530341
2926994
5619848
11157928
722329
3137933
3031264
5652920
15876990
6087581
11467243
15537931
15064114
5654474
8786333
5035326
12267512
11113493
859302
850710
13939663
13010064
16555973
13559866
4405988
4047110
9199752
13776366
3061592
5859285
11636690
14115448
10341315
13703688
16094852
2872044
1761893
1706287
7058451
11852366
13291003
8413165
3314788
15521391
14806319
6580845
7544953
547931
3642060
3506790
10137596
4543353
12733525
5701370
1442702
6784037
7286498
1443831
5512796
3854325
11163167
12411973
3664188
12175476
10846174
1191206
16023358
9618415
16256432
14646441
1995971
6430421
8270193
2829582
7057058
9973563
5037091
4730469
13328617
12374514
568919
13935429
2896607
6197628
16554543
13694227
15998143
8628632
7099879
3709905
13668836
15784250
4216078
9061256
10738002
13178903
8481657
14499808
913076
3340831
3088083
5747499
5755600
12573777
8511712
1921944
7863734
15293919
13937614
2568550
4985154
5055071
5960906
1109959
5470155
16580743
312148
8927513
11629140
13642452
11737146
14046751
8348892
1047814
15141096
16238245
5023852
6130074
9035447
9110423
10139929
15346727
1089113
11153383
8763323
6708087
9767260
1737597
534361
9745820
8491052
1857655
16503218
12281206
2816645
5594803
14810963
14024015
2518744
12091168
6960127
10834681
9611761
5579286
2861102
4513753
2188332
9159144
3329533
8707365
9812823
16463460
3212499
9559072
7754308
16137030
7405539
10904906
1576934
3590241
11901964
10714095
5501716
9968012
13354884
6336242
7508530
8959958
2533244
1014971
12335727
14243421
8357303
4501825
9482757
10164220
15852409
1555071
8568989
561542
4419683
8219680
1405330
16268914
5467993
11960112
8432706
1026606
5399988
9602177
10311859
16529786
9551816
11218918
9958462
11920698
14407933
9686307
3937811
9880101
16554058
16570860
7582295
12278967
7963580
11512446
10538198
5531747
14531378
8659526
619984
836225
6932350
1809177
16274088
2854481
4136243
7210771
16433685
929349
5153294
12251962
8885570
9222951
15380750
5306378
7753959
12758161
6604324
3038194
14805910
1759686
14894328
15522491
16079856
2559010
2646871
5442585
13320351
13639272
9094180
7138982
2769159
10792931
6141943
13652744
3401828
13047083
9423583
16307705
14799465
5460552
15347549
9826969
2152554
13780742
13621090
3085948
11814627
9968555
9113962
4746444
4275724
7138457
5722978
5424718
13022065
14354503
14191431
11346480
6334902
4405180
12089285
6581402
9911395
16160830
11478684
14818220
5066934
4179489
15870494
14256902
13142499
6507482
7315122
3520788
5588491
9503362
3615932
2987288
2545837
11122591
13342041
7800387
9680108
5517854
13887525
5924281
1330063
3854916
16181069
2225382
2664054
4738230
7584922
2889661
4784137
10887087
12481457
13378780
7599752
10477731
9465085
2027000
1329811
4158771
4490749
16502979
7366083
4612738
9441163
14068901
4835922
7708295
9949529
3808573
3062357
9103476
5821159
2093361
6047080
5204635
16015464
10040348
4663236
4452466
10430294
9450057
10668486
3652605
13989320
1017175
885247
4213346
2256375
10646631
15020726
5925176
9456130
10425205
9877928
10952490
7055112
6675990
3244033
9807371
4184358
10611331
13427070
5500989
15368557
6707570
9786098
511080
6519575
10882701
8687117
549480
4012194
15718354
943318
12210826
782149
9118023
4230817
11269986
14507141
4481886
10871980
12968234
2760004
2496763
14985887
11981025
8440433
3473535
14209702
7642629
14463991
3967939
14297747
3282311
1879119
11282857
14616939
15206030
11039438
1344508
993409
9370945
7333729
14224690
7374185
12613570
14306906
10112901
15392265
564843
4426798
609376
4520462
5406237
683876
10563912
8176304
1991531
3803131
3143346
2746729
2893021
5473883
13766028
5130441
9356071
11752963
14446549
16068128
1100953
1886090
11612840
1180394
3252116
2000353
3581294
12908173
10157033
16275201
827927
12861719
5303080
11259097
7743270
2678584
16341808
16331761
8304861
7164450
16560362
10433412
16314049
15783313
13023568
12024996
865093
6520827
13558749
10131143
12519872
2094864
13829131
5061513
1642024
8237466
8111481
6889278
13255268
4417397
4060938
11813630
13217760
455198
6422799
3215289
12621070
6370792
4002924
15045868
4695981
6769280
8020563
1153200
1969230
7427722
6017268
4132147
10570719
3267746
11412293
12916076
9534172
6883033
8084303
4338125
5428562
1123560
15929318
9399170
4245288
1271158
6337000
14802264
14811619
7550632
1465836
13993685
9136429
15768125
11341523
5783362
7775015
14444175
12091141
7437489
9466695
10312117
14357069
4038454
1778296
9353265
16080284
14507257
4304708
6838194
5543673
5235638
7091092
4686184
15798179
4665867
12515598
3425035
12456510
15584205
9269503
16116198
1642756
3467243
12937101
14364057
5281488
13805612
15857382
7000370
3948027
631007
371499
6790520
10888473
5829191
1402732
16032828
2717465
12053576
2322519
4721637
15046234
4990743
2593021
5634726
10646636
11457815
12631233
3215467
723675
14689819
7754044
4915380
7649567
3733294
2829390
3235677
1631500
13240425
4238272
14559083
9063249
5227615
10277510
3008047
5337302
4943226
1827267
3082786
10652960
430397
3411024
1362090
13821551
5389401
7589159
998472
2467162
11706698
6538070
1937435
15483087
900887
4953430
7893380
5114195
6695724
9300646
10664254
8484009
6252026
11898045
12322338
14104389
10667408
7092980
10741449
13313632
14385209
755853
4138558
2603719
7130332
13052303
8331004
3183192
15729360
9558491
15999470
8765502
4273932
13402266
12217627
13868210
5145683
9362583
9093619
12954155
7140389
1336362
10326294
7006429
8538224
6062916
9633869
6087731
15260154
