#Seed 2438973461
#index showed the (transformed) postion of the SNP
#SNP index
13374916
4120575
4773524
847710
4119541
645797
9491380
10754919
13366770
9192207
4007476
10737735
5788586
3319529
5362005
10847869
5942451
5180227
12858325
13017233
10575658
9987782
5832801
8791282
16036389
12728910
16076923
3844273
16561012
4313304
9920507
7769707
4864123
8312418
5702490
10308871
1620158
5918282
1548587
1381607
7676674
5069667
11967356
637898
2524702
3456796
7071583
11248798
10032075
15667480
2628938
8829294
2704660
8163746
7405673
6395680
8755113
1061637
14999939
3050064
8044941
9685376
4393773
8263207
11447666
6567962
3467952
5541098
3017404
13299988
15465101
6987862
3207302
13962051
8041585
5632613
8774645
2815162
984259
9747121
12429116
9983967
6468955
7315630
3022189
7785703
12071328
2454076
15353084
13667403
630749
854858
10822590
11115408
13666917
4464076
8320517
11771361
12078417
1163617
10768498
9721919
9321523
12286221
5713649
10548508
2552619
8399624
8235164
14975474
6873472
10727526
11448050
10815015
6540323
13877713
9433763
4222786
13954313
3338631
2991127
4785948
10551176
12758349
9966778
3154026
14568056
7690987
10750381
2849672
11402832
12350519
12851459
14476593
10896845
1270112
5305022
2752583
7067480
10870785
13948873
1195808
7185965
5179133
4018349
7270215
7818212
6283181
15057137
11901558
8270059
7083423
4166528
8304836
12166247
13224359
4833966
3174369
1788323
1737304
9072754
4323800
2895396
2892224
12851203
16240260
14419116
7761560
2012059
5385604
4456947
8123026
3288523
6815069
16027607
15934622
4610489
12116185
8971465
1130243
2244673
14622352
3371498
14750213
2740610
9556264
15400778
3845501
9863218
16571429
8852172
1210301
14382154
2885942
12231710
5251521
10823181
16437895
2156606
13786365
15805749
11938018
16415093
1026606
3570207
10525224
7878866
14010356
13146700
1606156
8088697
302040
10132335
10970859
13094041
2618779
14980897
3149950
12113197
2378557
8392199
10768055
10324723
15006149
3296979
6587540
14922240
13454939
8239901
8310736
10623972
15732432
414477
7429298
11979407
16441145
3890135
7266297
12194626
16139557
8251803
4222663
9462484
1982612
1748381
7754540
5723684
12992071
9955792
921757
13656825
5647750
6749934
14430416
9240329
4697470
14048841
11389332
6016020
2754175
4477742
14243597
9655558
8057273
14625218
14768825
5892927
6531548
12875563
2504192
7801358
9776826
16203940
14362491
11122629
7905129
8267237
16502594
12449144
7566978
4398742
8377035
14039615
7149006
6708879
15414074
5014047
4392512
1457866
15425890
7720521
13926037
6340341
9885193
989496
10207444
11376987
1639749
12512649
15042937
11445878
1826634
12695093
10079154
6383996
2221953
3297974
11469760
15138822
9246356
15913982
561940
10346010
1112761
8401038
5715550
10147927
4190629
3781578
4430151
7238356
955464
2964348
6018532
984672
11559139
5306640
10469515
6702118
16169127
8869380
14509424
585197
402650
8228779
4522739
6988789
937496
7373359
9538539
16115656
15071648
12617161
1431546
763084
10251881
2468438
11069257
15018724
13749927
11587357
10054630
405242
9150117
1474060
15788247
8541678
13961225
12793572
2646572
1382495
7653072
1616219
11030775
3425367
14857352
10776727
14553973
358983
9313965
5079712
3113834
2683043
1646331
4481871
5142850
8849295
11166756
14750666
2916368
3381482
1955503
4133038
13551649
11320702
10295538
4704313
3213305
16569346
10713022
15536607
11641512
3962930
7931724
12439607
6331573
7196930
15516807
1628450
4825321
16511617
6799308
7077122
7794983
8627239
14414132
4419550
1749095
9634903
3223932
2268195
5662276
894313
3813110
13437590
8865223
3944421
16439978
6176604
15321783
14296594
8469102
15340931
2095439
7401403
4943676
10171502
15489769
14994479
15678102
2576579
5944703
1364715
10189807
5686628
5108871
2914616
6771576
8787627
3289577
8763017
7553042
12155656
10797034
7239240
1911780
15390779
1041463
6713497
411144
7252857
6421352
4261384
12257659
1854148
3452814
16361068
7181521
13383578
9154348
2803949
8984640
4649742
5140412
7072004
12109022
8327232
13141462
10096405
12758543
11917321
10409152
6070021
1763630
4085246
1409006
5192716
1638929
8456920
14429864
2073193
9742962
12163476
6231724
3964527
13169347
8929066
5704543
12318500
13390702
3609483
2372351
12708495
831291
7563503
11325524
1518313
14619792
8985960
1471928
16485022
10665963
11845774
8884962
16486319
12235159
9700685
2630976
3967911
6352617
10506576
2368895
8931806
10281046
13681995
5017373
14968504
7325886
10799087
4659696
9638288
12051920
11775967
7681887
1904409
11427211
2033875
15346717
13962343
11611986
13598602
8781587
6222303
13160603
12347936
14315018
2270250
3358732
1690194
6661013
14018607
12201519
10651177
5152729
3751525
16297991
12413655
14058541
2535305
2440287
2166405
4462643
14584458
397979
6476603
5892934
3071947
10314352
5541227
12627670
6966372
10642905
4718468
724526
16457152
3872554
2513893
14021610
3492908
6739813
15427056
9991338
13300115
11912810
3425732
8097068
7721976
4458580
16123766
13672570
2050297
1856139
11290241
9490379
10524102
13684238
810051
3338356
10195143
11856927
16477384
4421871
2513382
10326682
5602219
9835169
12429023
6639716
2984754
10640637
10859039
8623744
5158318
11613861
10273069
622153
9876743
350547
15047528
3091339
5917698
14435654
4371788
9411406
10329916
8291320
13965448
14006381
7933200
6471463
3120915
1144167
4545279
7586689
7646194
12208876
8941909
6989732
15700620
1259797
7288967
4174990
10438426
11405331
2373178
4358247
10928368
16512093
4772703
7718856
1155041
8897592
12599237
3851111
6585193
8028517
13024867
8662154
15426604
13031710
5045764
10580329
11316450
6952366
11052782
4472577
14236731
14150130
11807302
11578912
10009439
4672932
5923333
2417340
12319769
9365941
5612182
10881744
5338716
14843706
510744
14676569
7691105
5590725
4224296
10812382
8506144
14791253
9849906
1024470
3354567
1855344
8393884
6880339
10745513
10081922
4055911
11178403
6622046
10080714
9680495
15920394
8309235
7797494
16058623
15843582
4136433
2166822
2504899
10005931
13800733
4479690
9363724
10173514
3950638
8147298
15129136
1878814
11859049
15530805
8490057
1035753
9357604
3622852
6901855
10153879
13589450
2774250
6046928
11794816
14826545
1030448
14131223
1494005
4466029
10674724
11388787
13060352
13945771
2751641
16446566
6579845
668095
1279681
1288649
13741675
6502519
15939360
2549217
4677993
583513
5836678
9668759
6553152
3018923
11274916
10661464
7850661
9749789
4783803
6171454
2316362
2369820
6020475
4967753
6869193
6216983
3938583
15654044
13734470
1736293
494601
4450796
1847834
15157530
15694230
7853682
15477426
14127461
15341969
9480299
9053219
3767585
15841703
12087306
1138370
7303575
12892153
2363960
6938234
12316482
12019558
15934474
10530298
8196971
14965069
3999816
6483306
3817992
6927818
4486746
6418546
13171353
8709385
2318682
2368078
10446759
2269554
3143178
12558187
13250992
9552896
6501070
2309495
1671082
10185826
2306126
10321147
13395950
13255035
576011
6252412
8427240
2125290
555205
5501220
14499568
3947236
10992703
10487208
13033831
12284761
7550475
6748754
16515205
10554341
10941387
16239884
13018851
6202699
7861842
10872999
5004254
12409658
5233677
9360508
8230644
8927454
11665933
14390592
13410793
14342582
5469072
6705713
9172792
2136473
5234153
3934793
911465
1603303
13773940
9541916
7924831
15645790
7011000
4503656
13984936
8095579
9972483
2978449
13269936
10338349
9618834
12669094
4525940
14988863
15564720
5369721
8599983
7977309
3382922
7324582
6761452
11183181
8845895
1161753
11553215
1636217
6559376
8200734
3890563
11902510
8936905
11720194
11709791
8235428
13390179
10850576
5167451
3842767
8626575
16261654
7751221
995104
7504622
4535023
3544973
13520260
14660923
9142264
12372308
12989370
8900826
6207293
7480032
2296812
1622321
10369522
3224851
4538600
8322392
11421834
5467308
3056012
6244393
8409386
9760179
13205001
10562096
1770450
15159586
1242608
6515879
7476559
7214764
13739794
7709750
3094968
9627031
2529251
13743879
8385057
12121377
10108148
15282061
8768093
1887785
10937794
7507829
1268506
4395853
11330259
4095410
13951261
7755164
4594760
10474335
3622280
9826530
16164211
7374880
3886183
7833738
15704016
1128034
1006908
4031180
4170646
7949886
7204556
4123496
15662388
11224611
7891627
14600173
6488880
7033650
6545039
16200633
2570951
869919
10059539
2836880
5469334
9053923
9066597
3717425
13322308
9731659
9900293
14383241
14415219
10499476
7687148
15947836
11134213
3380023
6919955
4397508
12064726
1264654
11793788
5106923
10873166
16578087
13449854
7560831
9521826
14746692
978574
9907720
5949672
6846747
1465946
16447689
4637869
15742827
1873649
13374239
4767741
11004735
12605071
6960142
3103958
1744449
14687131
5974591
3541779
14160946
7147593
14595801
13609139
7212651
1654606
520623
3363461
4629949
13432527
9797867
10376538
6393263
3239673
5617877
13197474
9011502
11620556
1678351
7551387
15936126
6132696
8934343
2606079
9854176
2168795
4345588
10160422
8995917
1251204
1956331
2780749
4587145
13666404
11662008
12224011
12630069
1086596
6531126
15585134
5806226
11623836
8292817
4381994
3580193
3585759
8405962
11922814
15644181
15644392
8063134
4762244
3538370
5052337
519196
16553606
8521749
3393593
9984991
12117632
9752505
12206220
1694985
12980144
2739951
862954
4457335
8293261
7129588
13199514
4336702
9116207
2664950
6032405
8135207
12379107
16304719
2745371
2146262
7764444
5120608
2001270
1654248
11428473
7869509
9820357
1005608
13109681
10807584
13112159
3402745
9672169
15817317
3349538
15641137
10553717
7766107
6548245
12505233
5844252
16178687
12133886
850681
15232707
12683120
1316307
1389847
3490420
2075553
8400543
1407591
14417312
13415754
3211816
10152409
7309443
1048033
7546319
2774646
4020000
1492835
2899502
4053902
6897919
15553031
1791732
6537979
11322179
15783057
13665854
6125825
10141602
14358255
8380361
14685130
7798810
10688639
11235364
9517147
15707198
6000448
12094123
7058811
8138310
14208763
10440437
2537543
10016920
12557832
8526872
3306203
13854786
14626530
16310284
12737490
11510900
11270921
5336512
13476237
5023489
7019552
12211633
8218548
12166331
11416490
1842150
7810184
14490618
11426143
11624297
1008968
7726678
16472369
7802488
9620952
12625131
6452882
5820193
7672670
1375894
11109907
6508052
16194587
14454287
8966805
8696483
9040033
8885630
2444249
5490751
10498186
16162630
7133089
11716538
14979977
8362843
5858030
9875720
3379092
11576879
15497135
4274785
9110818
9245563
3000369
6784609
6104256
6808338
15672895
9165141
15275391
7587415
2766362
3453687
8938259
3896714
4938840
14313075
6788952
10538076
11698510
4983733
6441745
8042296
14947399
3911935
13861859
10759787
15017586
11146363
13906855
15387970
978498
2079248
6237143
4282678
13850013
2983315
4641091
6298482
12361216
4686322
5986727
4260533
2412075
8171957
1509714
11855138
16441343
8349701
10670270
8574391
11208633
2090678
12663909
11916852
9928679
14974082
752671
9380707
13943065
13421564
12719557
15806116
9486960
5022425
661727
5624483
1032077
1436792
3708404
9216173
7980210
7091632
14175760
13061926
2023119
5540537
8078160
8746801
15519675
1231050
4249039
3279267
10927119
6921453
14741197
13027596
9941191
8419099
6052179
10161052
1121516
1734774
9650964
10079037
16438581
16545197
15952253
9999569
8326611
11591315
7459557
11766987
1389066
2129170
8198436
6958038
14920884
8898422
5190577
11416566
8595552
11345607
4031622
11530995
3693901
6265694
13733794
1312780
3961940
1007523
6840496
10910476
15075289
1270539
7108849
2512299
13414963
11750389
11974148
9644930
473395
14078102
2442788
13649550
4027932
5609711
14249558
15741638
7430196
10053743
11521250
1889883
4865707
4112296
1755074
7154833
2649166
7752766
3024381
11786761
16492345
9999239
6893488
3942643
1494022
683058
5826227
2007923
16379302
12921239
3847909
9500794
3225591
1446735
9501154
10984192
14007274
3517556
2561943
2077829
4285094
4042635
8180402
11736570
12573075
12173681
16353470
11191491
8559460
6643641
14723490
7110827
3169535
11550238
11178874
1736924
15398823
13325433
6347491
9232180
13264015
3962880
15709552
4995353
2125361
3395245
2897435
1945365
3825273
3182457
5642828
9311037
5726025
7425324
11979389
509562
13338771
10249400
14526401
6152423
12819981
4508824
1574136
1952749
14616880
9449309
12312186
9605642
8262892
11842279
6796712
1257595
6941953
6575324
14350021
4483283
6584637
5448241
4016966
6563438
1233879
12633186
4240281
8940026
5867862
5999408
15800794
5814676
11343272
9487237
7934949
3984848
14528276
9526152
13379142
13351184
11998678
9589944
2814207
5683905
11622264
8668852
15931819
13928905
4495921
8777615
16305556
10904134
869174
4625576
4455668
4337917
2571173
5786844
6137009
9835974
14019438
5172187
16523801
3658316
12788467
12081845
1619839
15555397
4748148
12574163
3645484
8518875
12413212
952233
5806944
12705246
15985366
15705209
4575714
9055986
11046849
9046802
10497035
13052368
9119222
5807245
9760212
6079188
4848747
8557856
7984909
8435432
1122597
10458790
15195807
5820430
5028711
8988877
12061039
12625287
11280129
14628282
5685207
6177185
11249908
2116816
386960
1996035
15200202
12439390
5234766
834985
5667777
12965872
3247208
8510831
2343888
4286781
12606200
16336560
4341413
15362694
11126660
16325616
11777037
8487834
10160886
1497466
458898
2855935
5065008
8323915
14601480
6451768
9164604
8158185
7287896
1743819
9717167
16075967
12045726
10090065
4650316
13153231
4138989
11571759
10978974
997372
8197799
7167940
14600286
7688667
5483936
1000817
2039898
11950349
5972461
1893417
5317030
2396257
14334389
12862062
13016597
9792176
11749204
14035799
13749676
10592551
2214877
14309781
670323
16337730
12293583
12133223
5888980
16346293
12516343
1867389
9403969
10926037
11299593
11450045
6454039
3778752
14411591
13924411
5728388
13374648
13505391
4591159
1718745
12404897
4430118
14815714
6788693
5471869
5563829
669260
15183066
14763473
15033177
1724445
16181581
16404406
8058294
11345335
8346363
3782222
15208861
2650210
14112223
8688039
3115327
9006287
11614766
3447358
13355527
747389
6121385
10949353
12009667
5839556
1582065
3307885
917872
7797716
8117298
14311802
11821383
15317804
4591535
8001258
11577705
7024391
8003885
15694151
6503060
9467182
11152685
6100716
4052726
5515342
5857833
976554
4812812
7594649
1279601
1137946
12507005
2282322
11906890
8469866
4916210
2679191
1315772
966414
8375329
4182563
1935532
9699378
12437410
11501047
12262557
5414949
8457659
15235085
9699321
14270288
3879671
10327761
5767679
2747438
7531279
8457082
9777972
11444118
2707109
4528489
6245793
12748600
8204104
7002382
10084951
7079233
8657795
13079087
2705557
5046762
13920237
12735646
3960905
7962115
4278789
3843408
9034192
13632165
9807634
4849611
14680947
328877
1038223
13324762
1127243
6713490
3006891
4779097
4553323
4086007
12376651
7516413
6069058
8060573
13093602
11425361
14978894
3273263
4700615
5282095
3102155
10962854
10699730
4573265
10098742
16268410
15696484
7071132
10527288
1627047
14333676
12025498
1158174
12938528
14756533
10273176
6616763
12106322
12770852
12777058
8598646
1708047
15123210
13712492
597158
14456155
6621605
14946562
7523850
3615607
15354661
8090234
11411107
3475393
13053991
624537
9846363
13998711
7528833
7157909
15608861
6595996
14894653
7537331
3912271
4788301
8681570
15440525
12905080
6224041
6222923
4860684
1166585
10133657
3674829
4469896
11150478
4062485
7531186
11474170
5413257
10652798
16453034
10886524
15287049
2315014
4165236
841507
14560115
14246052
3803046
16568860
9043775
9187839
12132992
9074419
11360140
8040704
10032308
15675803
8472536
15871528
10621033
13603632
11984665
13695567
2413630
7223306
15969256
7969578
15271980
1704048
7330273
1910365
12639093
1557710
15593164
8283975
15607954
7018560
8533278
8381365
1514629
16531817
9315101
2484491
12026518
15028926
8277530
12225948
13927757
4525709
15220287
12953505
12055120
11781913
4267792
8378733
5408060
7940450
3144382
12282172
10548728
3404829
16345385
5601433
9937123
4579934
3336465
8829218
4628452
13029573
6628292
7323459
8856145
7321808
12025275
4905806
10251290
12263821
13482014
6884326
4979337
10062344
16581954
7199541
4660894
1919456
6031524
10392835
6731019
845592
13352971
13671530
16271179
1335819
15128409
15983438
759982
16415026
7950053
14358123
6424688
10116852
6415011
11686894
2212022
8708906
5508251
7049099
4898429
10384487
11029370
7226762
6457133
11492239
8380799
9917771
4349604
2940216
3626509
8337051
3440861
14769546
640377
984484
9506025
13238900
9707635
6043260
1855082
3584058
6055369
12146672
9896076
6140309
9712838
6183497
10474973
10404091
4074643
9812994
2057204
4288696
10305066
13678089
15090941
5588821
6835124
9661511
1382871
9342701
14329127
6831721
10612233
14856235
12806803
8731793
558415
6135604
6994205
9091159
10788740
5500875
2786870
8017115
878505
11035374
5764337
6866192
13286522
16316641
11943670
10254676
2723077
11895913
761896
7244947
15504697
9626006
7403354
2781669
13879832
7141019
12067882
1944981
16184546
14903159
14350568
14137581
9302763
14155782
4851099
15469963
6156035
7532079
2981915
5960784
713995
11024073
12507630
5362730
565735
10339014
2345945
2227418
11963887
1463474
5614098
7150171
4391542
3606240
8276892
6147846
7512595
4498667
7488059
10082511
12830831
4947315
510971
6397732
12329312
5809893
664394
5773825
7957896
1423872
11264186
6537922
1523252
9568855
12518802
8105260
6442086
1330854
14279206
7528597
12490844
12828108
12088433
7539433
9838743
1978668
2402917
13809888
13625724
5136809
6318911
9356699
12689541
5333041
6513296
3665121
16249757
8679751
5782496
10541375
851610
1587219
13706584
6045265
10406397
10579109
8010091
16369488
6608776
9884591
10958933
12653894
10856623
6576148
9482314
7161702
4735468
4771289
11027410
2177320
11251201
871167
8039742
7123554
12581349
6786332
1240080
14173364
1181631
11538923
4141970
3450110
7689272
12561604
15936461
2660164
4083901
7657466
6417006
9610863
5146051
464423
3355015
3827603
3688664
12365635
8912640
8407298
3853030
10836175
1300182
1216204
8753976
10130055
15986159
6104323
9430933
9724413
6702983
2100355
15570724
7486884
1919450
16473987
5080745
15681686
875093
10117964
11132966
2109442
10120315
15022095
9101811
4019115
12421927
9363854
9427120
1395565
9062957
7628133
15384263
14638025
15832594
7183807
5641330
4688512
10330231
2310043
7423784
12594998
7161728
10664642
5595312
5222004
6633326
7783741
7361757
2705421
3853899
4698446
14679097
14445185
10198453
1497513
11604657
2752606
2330413
9323509
1470443
4992620
5854341
4050435
4638433
391194
3805401
11940254
13656887
4155270
9970044
6199997
6642498
16512259
3942223
11639965
15536519
1754886
2445275
4948793
2978025
3943160
552566
15002443
4333909
16332233
6612290
2626216
10616043
5167017
5149790
1428099
16340762
10202066
4226776
715708
6865279
2345892
13868430
5259660
5654539
15918596
14853410
7923984
5806579
2993849
8953860
5836416
13908025
7185110
1494227
2566000
7647639
16373316
6651695
6384506
1460554
786241
16032875
1061117
662410
8099545
2399574
5782830
15677629
6162052
9529596
11774154
16366545
7129300
10222721
11670139
892574
4461575
12947862
13800940
14976234
12260651
6927628
15503508
9253416
6404219
13459193
3885544
890250
15203574
4003088
7933183
5676635
12858858
4756948
11406094
12501712
10513901
3344244
13830080
13457587
1185821
13592436
3865829
9883766
1487554
15775918
2350184
13985687
8612325
1498988
15085777
3720248
13943447
7039921
9460938
2343262
11537157
3581660
9795060
11035900
6782963
12871675
5035611
6280534
2515041
9072689
4139291
6301798
11649313
12872324
5822767
669810
12044972
8356749
5052425
11748321
10053780
3489086
8267477
13649719
10818861
3205663
12248825
14986757
7127815
5892902
1922788
16389024
16426140
3757505
16492300
5753537
1997940
6772726
1134140
13214319
5423642
12469854
6659885
8667947
7834891
9643038
15900885
3794252
12715731
7363535
11218413
3696314
499943
15800730
13742204
7085404
4720403
2845491
1761549
11481839
14120280
2380379
10504213
14167337
1488981
16048966
7804690
2624383
3033806
1874324
1999901
12337649
4977354
1218797
2482098
14891591
12876086
10952118
4527941
4082915
7299893
13982563
1425602
8092041
4040294
3294434
1876956
9783181
11498703
15335244
8166079
8758492
13712647
16203858
7614392
3308021
12200596
16058708
3180817
5177260
2907082
11399779
1117342
10325132
5095803
3305878
13657576
11213902
4084083
15745282
1788555
13966590
7163315
9415730
4064501
13981747
10973640
15713482
3449399
11187239
9933217
4682482
1380383
5964018
13041742
13033185
10359588
14268111
6280341
16198158
5054160
1579411
3162334
8653482
1943060
478262
4603840
1667657
6432575
1669378
2730518
13365737
11335227
9459200
5520498
12674376
7385253
14548726
10149429
12204693
10878964
14785923
3376476
1046620
11457676
3482789
15973334
4209675
13870339
6100310
15958134
4182531
4104424
15465616
8612522
806960
2806727
16544074
13766912
14582997
8898822
7776287
5534516
3876799
11813880
542908
6469080
6697502
3084622
6711935
8486038
14186710
13271806
15938508
4105217
1651374
6952377
3112709
15354995
6135999
2015484
8144998
5020817
6109840
10499234
2607559
16465835
5284390
12152396
14737777
9910842
8651193
3594637
8954296
2985333
11546029
8233033
15105803
10601016
7117984
16207433
3487959
3760320
14542484
9606084
15697191
3105809
6156640
8511187
495112
698569
9177086
672346
3925767
10714869
4228054
396203
3871431
10383661
12696437
15411176
10588516
9467968
6598854
6570143
9928388
7617009
2019727
2172063
5965572
10456891
3970608
3369423
859655
5433039
10112819
12844971
4766585
4588383
13764838
795597
1336466
9268414
13904583
4497979
905482
3676485
7513500
16451691
1890051
11132534
4713198
2785752
10803307
10128164
3701699
12360182
12119269
14162909
11529217
1207634
3364508
13729838
4082865
10485173
10200143
13007713
13157705
675995
8305509
13467230
9159522
13637828
554716
9068709
3503279
2693141
9725841
14136472
4069646
5870433
13697132
15606201
12938551
14917927
3168612
10173709
16581478
590288
15863429
13625046
11479950
11330140
3971657
5690513
5920618
13420118
13124517
5881394
7731167
1864087
4592411
15583910
2566397
15249637
10923128
3320249
8773721
3535087
2071277
6852615
9610214
12198645
16551629
11863708
11094991
13333263
1003462
5656472
9851125
13990258
12525765
1735518
1344381
8623944
842120
8595388
8823268
14495818
14089837
11159899
9173889
8167297
10194904
5140341
12651457
12568296
4285294
8431108
7073051
5729520
660762
12268199
724573
6284369
6551992
603230
6600546
8706810
4415189
3536699
6310973
5039864
11060812
4437935
3824431
13848078
14284415
9956301
16129750
11051077
9923555
7300828
15396492
9731096
14558720
1742140
6511691
5344715
2760954
1015738
1759469
12145316
3928306
8938500
10486856
15210634
575300
9221368
10893751
4085406
964948
12483740
16188657
13667212
14142749
2993987
14707465
12783726
6875811
6892403
13173990
5942192
15559311
5673195
12928849
15565708
4579352
10239240
9119327
14703943
11051263
15618566
9351174
9979770
7621899
3599935
2614007
5547401
13582910
12694488
9634291
4495874
13362619
7703271
6859755
14640287
5134622
6177767
10679883
9053670
15389646
8184529
14664614
15105807
3604584
4823720
14738362
9973563
7254348
11149679
12540365
2853151
8707208
10861095
881693
3927776
984490
15095129
13234957
11634580
3350498
8079620
11113218
6553853
6265872
1697968
574665
6288615
10876904
4794901
10231541
8591526
1645610
15392555
4128339
13518651
4108865
6913259
5334391
3231767
6874308
3910402
13411234
13930774
12262063
15740893
9979854
10727336
9388646
2555116
16337752
12032129
11543972
11159021
16014903
7082969
5520208
4803041
9437449
11661182
6700793
2363393
6738674
12987015
2951119
10475378
13717021
5440549
3438330
13101127
3177169
12608066
6168791
11952114
1131945
625846
11839605
8313720
3088471
10834846
12809899
5926873
13556803
5074411
4742883
9952758
14269031
10243524
9861923
16597511
13950119
6107174
1033537
8302623
12272481
6608524
14096421
3595347
3373322
9256804
9388639
13566430
733941
5871055
13254784
14950077
6285395
5012232
6088999
14098875
13217228
5467898
13734455
8107045
9198183
10961370
8460523
5411594
9840050
1600688
1023840
2952530
5713346
2689590
5571352
8987834
10774230
3436159
13231640
6418558
15415033
5141694
12115234
8323960
7227217
6002028
4827107
3730951
9477339
14012711
14254308
7417981
10564095
13849930
9100784
9225911
5433414
16551763
10963323
15934157
9118131
7895954
10210717
10239900
9452521
2076854
10796860
9168803
15688404
4530245
13903849
15465042
1211539
1276002
2309551
15678701
6567961
12886383
11825615
5586303
11363145
14738945
2858174
2138218
10092035
7240686
6396119
7840939
7307311
1240485
9103637
13075298
10955841
13151049
14180074
16476751
1368348
6834820
3641882
3494024
13930902
6482384
12243181
3943989
1020637
5514686
12021093
13240031
11848536
9389695
15405572
7689340
8109484
9622463
13332838
8166088
4660941
16572886
9590081
12632214
15635250
8361149
9148086
3396529
12324945
8047220
10199863
11541996
3751953
14669639
1415278
11803400
8087169
6050916
3147201
8798291
14415139
7997379
8033372
12609442
7774698
5987864
12627205
3524082
4776145
3971812
15489644
15543490
9841535
10018228
6429263
2804193
7418009
15964923
6745787
13184488
13457739
3358969
2451502
12857490
12013872
9122100
7900177
7543128
1755798
10031283
4608414
14022087
6302876
13728931
1952958
9953035
3758412
8343277
4474394
12806200
12704022
13790294
8130178
5779219
704363
2238706
3872542
14926597
1883663
1537391
9507445
11549007
6407613
10021955
2943188
7929526
1757548
550681
1997040
2962752
5374454
6895366
2428501
4141235
3867727
3889690
2048705
14303793
1212436
1550482
1818682
15148783
9645915
11481559
15855442
5478836
11892417
16345921
6754227
6781670
7777746
10840990
9219657
12145660
9219480
5925979
15620705
6882325
16100120
14260091
3348785
8745906
9371100
4900235
1119798
12835129
12427625
9227667
14599831
9035675
6949799
5533039
8944617
3413148
4411899
2767434
832776
4860972
1343496
14290517
1367155
12854060
13319464
6253006
6143533
14343382
7049073
8471921
763882
11978999
4924827
811540
667567
4347459
9107370
13114882
10887635
11537162
10290182
1913347
6226158
2025854
9353483
9410016
10130890
840542
14976549
9617258
14259743
1182357
2427926
8577469
12974368
13872076
4881106
9646914
4191783
10651829
12459248
2342714
14519050
14419444
7736448
3314008
3205864
13392770
521836
15594407
8304698
11285666
14112416
7198337
4619032
872499
7242638
16196263
8826237
1238411
10379809
534365
3067002
13232228
2648971
10685909
6127302
4792727
9227008
14117861
6040977
11213108
5237767
11220472
13950121
778305
16309401
12608481
8798913
6350846
5498365
2460313
11619637
6749413
11559627
12240133
3227816
7712279
10011302
13773999
3033126
15170672
15828651
8719109
15894303
1926331
7126117
14753503
13574337
4951033
7245620
10929844
14157406
10301484
11717640
12759741
12514024
9124725
14203506
316970
3640476
7030216
9148704
6087546
8866634
3082971
14431200
2396697
7706079
1323091
8425063
3348532
15510475
519346
11860014
12702829
10658326
3231490
11852575
10884881
1663947
2282151
6894273
14538744
14666425
4040197
8707628
6162354
15988176
9185400
3872852
14397604
10425495
999173
11117389
12604432
14502148
14771047
15683851
942401
5560423
6039470
1462565
10421010
5292070
8154149
10619600
11100013
861576
9197618
1892328
8012991
5625017
5566600
13965097
1598098
11820682
8539051
11601073
9962904
12213600
16461581
10427633
12368155
13982465
9904172
11381141
3413332
9257494
1988677
14523688
1243803
6419011
8007878
1548428
14210011
14895587
14523005
10977830
8810935
1185313
7022403
2517812
16596666
15931855
10857378
3741041
14206709
12272653
1928610
3290180
13497074
9581607
11256105
16237067
5956366
10383528
6085878
7366517
13178858
6723897
6008926
4089078
846173
9181201
14999497
6395257
10123296
1828881
10532345
1297617
1240241
9876447
3657455
8877992
12139833
14173509
12286987
7144969
15615273
3776553
15735428
2435784
7493594
11202660
14403379
2506320
13965606
6340517
16021686
13473906
16287938
4772516
10326341
6329466
15593065
9106128
12601546
5438930
1344633
3807074
5897089
15770922
4365572
3321304
6546723
4984824
2614886
3259004
8891899
876552
8616023
14847305
11370884
14593099
2971212
12205829
16296429
4353118
11332748
2686890
8807665
3510168
1100367
8630482
5799929
5966523
15046214
8390674
14409767
13279326
14496746
4805010
6110046
16052612
5040137
3985982
14328200
5793786
7384803
590889
6192876
1795692
16162319
9224066
11216720
4713913
13647026
13590235
5755160
7350701
3961467
3409796
1843375
2988453
2559647
5839615
507800
6630814
16564964
3983984
7274405
7342500
6068714
3410617
9656201
4167793
3187358
15828592
2715822
5434435
7933873
2373784
9071558
9779184
4174267
4144855
10216331
7253204
8758762
3301764
605529
9561591
2721195
986026
7684438
4497220
6922265
11008001
12373410
9797758
7398071
10739291
13205958
8899512
12740522
7378695
9432258
15961882
13630108
10204192
1998944
2680349
7757729
2070309
15281422
1064278
10991336
11354751
10339574
1802923
12934387
11833487
15397742
16129116
7909528
12592462
1151169
12374183
2987194
1164767
10533868
16406430
3934979
12796836
3725388
12746675
1591447
5887705
13739772
10265810
8518803
4457831
15100090
3122452
3129555
15524459
13750016
9686906
1529841
1070773
14946888
10995052
14527484
4872560
1121440
9287748
4879764
13365170
10732781
6199541
3061122
6451390
3316738
3251415
3395954
12485757
7130201
6641123
14727215
8787998
8697654
3964393
10081580
3962259
5473355
2344372
13391939
6342429
10161185
8368953
16054177
6013607
4131722
2248916
3591322
6137858
6863967
11867634
16541554
12858356
13460819
9300697
8400900
9174399
5994525
8508018
2758422
8022959
12400955
9329864
13566995
5366362
14781314
10794574
11369491
10827067
3294554
3982986
8939378
7126008
6777972
15068530
2973332
9642626
6191666
4129269
2543348
7578471
8563349
12534682
4021138
10533878
14703158
12829531
13787148
11094739
14649653
14438347
7804667
10672940
13083961
1309070
10247299
3451438
8993195
3307441
7184929
11802782
8923895
4232849
6653706
9979086
2655201
14045021
13281214
12657080
4608788
12522651
3957588
14898580
8156038
3304779
16545869
6353207
9182311
5501522
1714952
6682103
13678168
2664777
2129893
14129223
9154318
16066764
11779519
4031012
8351822
1507352
2563096
14579833
16188591
9791590
5354968
11365071
10567895
7017086
9669573
14294718
9767260
16330739
2664175
11876057
8178896
799674
9810581
6257870
6622500
9272955
2858955
16104755
4149242
6812899
16289368
11631976
12688386
1576494
8766818
3277612
16500864
2105351
10470096
11431318
14929990
11818815
4948133
14237762
14597540
7910989
1388859
12493303
1338386
8154880
1571589
1535195
10238356
3915178
1524080
10385068
9472151
15303692
12040456
9105312
13091477
15817875
15948746
9047442
4777770
3937445
12846930
6861705
13289020
7852591
1099301
14869013
14066268
5950763
10871366
9924928
14700841
4021864
14995574
15370982
442761
10140460
2513274
9707584
10333058
14823842
5139979
10039723
8289946
6670499
16434903
1889000
1928407
15799464
15541377
4917037
9138893
3092308
10580962
13514053
5725962
4955068
4692843
11728961
11136259
13648771
14674244
3649846
4222165
5286225
8188010
12019878
6745003
1127064
7486411
10046593
4457203
4532468
13904613
14524584
10922216
7574036
3400786
1347931
13142990
4010752
11954534
16490146
1370500
11908844
5784075
7391130
4137009
6673091
8188832
2071582
6827163
9693655
5475198
6906475
6090832
16484542
2513356
8203428
10660141
7299703
13219655
10573400
5019109
9921898
11336085
14166863
10196367
14553902
9789634
1876225
7220985
13268196
6320974
2960401
1685223
15408449
6105491
12899054
9294971
15663851
2149013
16413516
9783251
6676241
3944377
8814837
4093185
15444293
14233115
13824123
4247035
612596
11936951
15585612
10118188
8079573
5813257
15832805
6236768
9816170
16394637
7447618
10604032
4958554
12183406
9728451
15294520
15293295
7633830
7989755
3418242
13201227
15269695
9038059
8187331
13873433
12091011
7123911
1163287
4032086
1052667
11849282
8994522
812806
1076270
4847252
14754314
890222
7281662
16068461
5542500
9732711
10606045
5706550
5882385
12170318
6140225
1273577
9706319
6766908
13987880
9682020
323126
5130248
6055603
16060110
7180880
15191405
6550832
6706367
9593988
1888321
11656626
16247820
1293025
6798115
15475209
12840177
6576412
16380979
13105800
3002628
6927762
6250314
14188059
9768688
3398117
15547440
1786738
8674556
12221390
4456026
10841342
14444361
9454204
6418741
12432033
16066626
4284549
3438024
9714095
16096449
7895067
9497679
3837240
8722314
9130023
7385671
13632448
15418433
11317529
10258522
11865176
4942071
11962928
4292710
7046051
14757675
15167664
6046823
548962
15980967
7245070
8733750
11406165
5464811
14462151
9487640
6299365
2509254
16445578
8417095
11565530
15730036
16246848
1948649
5275532
13317851
13137010
13038293
10965776
4459236
3211121
8071430
1136538
2239866
8691841
5920285
375936
12457614
12778691
9312974
1093948
2288058
8622340
11454433
12793905
9348948
12683329
12894411
4878218
6226762
1918549
10036958
6867834
13608639
1988292
9424127
1210040
1309728
9157722
11806682
16398214
6311992
7577378
16157050
14592183
9111393
3415354
4819726
7316709
9892597
12945378
3301314
16193671
14509779
13133484
4474427
5524824
10474170
4098185
13006082
4544985
12753599
3975851
11716589
5700998
5342574
10528405
2211488
663932
13058525
8964222
10422908
16376450
16509129
5485048
16034674
13518616
7516009
1659538
3112812
14537014
3614701
3792492
8692031
16125721
7343910
3585850
698642
14371503
6866115
11077134
12785284
7602433
9112544
9801157
16356886
11608641
16405245
5565941
3826034
16295654
5306130
10961308
14364087
10271948
4449526
14721883
14376865
11167677
6305000
12274724
6536836
5949412
14833671
2431881
3617245
8154549
15087050
12131460
9065237
720604
7594388
2338531
1851957
14319957
12678286
9970184
6531852
3579422
1580938
12251955
10004600
15665176
9500980
7070688
4763773
1860118
15113176
4957287
12361904
7246341
5725985
11511255
12049862
16599093
3822635
1409042
9282317
1393659
15810146
3868319
8052049
14748593
2845957
3073568
4150316
13347206
4067528
3631016
13817066
9009011
5005940
15466651
14813464
6050593
11293263
7042450
10003600
8980049
11759397
15533058
14373640
2256186
9001974
370479
1250648
9721936
4268636
13178253
6781173
9020504
3800273
1346117
15433626
6391485
8509628
3715597
11524080
13245624
9743330
6537650
12921979
11717774
3959122
16300471
14293556
13261724
13619275
7118945
12537277
6715831
12890261
7362750
11968620
9988368
4670371
1875957
5206532
10695944
11293603
3597723
3136968
16405876
14772058
12016061
751962
10420303
12552057
4919950
4708333
6337630
4932567
10866829
3669387
11275680
5821560
10571693
11329345
5522971
3708751
10184296
1082300
9605027
4516949
11837011
3613491
12780722
8557792
16192692
12717496
1304246
6027441
14462223
4024655
15750101
3913456
9690955
10381245
2804296
8915348
11627770
15308506
4440285
11873472
15345465
15771345
5850935
9887543
15891674
14438346
9479883
4366031
11337920
7058853
14139587
5198192
10886553
5315265
11664729
8317792
15029636
12630253
6336592
1931188
4316322
13536611
3579919
8477882
5498708
16533086
6076089
8532917
8419462
11813105
12154124
10117973
9108233
5840731
7354590
9504828
10360276
2087005
13914099
6394833
15672275
7117492
6023943
10101029
3688377
10666624
9568226
11024882
5515465
10710052
15027028
4396229
4468482
11455711
5719732
7108432
8170183
15672496
2549739
9972500
9175929
1070002
7727955
4298268
4141068
12544442
14859410
14760324
3489327
8356779
2242194
16270122
5921833
12122280
3363281
4161807
9462820
5487422
4316523
5391009
2626621
9380785
15145759
10949163
8363929
12555452
2363445
16277655
6451609
11059995
4753263
8059069
12018352
5099865
3319720
6250542
13626309
2878434
12438293
16497157
2026228
16232960
3695360
12642868
3259790
13106079
3217430
6009265
8070735
7383114
5093080
783431
7984815
3666643
9150097
7431378
3511045
4513353
8253076
10373666
6556689
13185698
6663860
1775603
8665034
10826875
8164329
7078069
8086954
7602001
3770470
9507447
5283144
6322672
7507920
7704362
2348110
15393389
7617587
9677654
10118672
15152364
11261293
16564976
15379812
13784992
12778394
12752463
3194315
4668966
13651416
3162849
6705005
8889945
4165515
12646286
6017191
15629378
10417946
15242694
10244943
13819379
2010740
1064694
13933783
16020877
996394
1983524
6466358
11666078
1193958
7359336
10690468
10445440
14466717
9861589
369037
1320287
1834091
6542405
3414574
9690107
1557060
1197694
5138293
14928372
8650996
2261096
8820229
16081296
9800956
3042175
714219
6926464
1898770
1224917
8024949
5567889
5943331
9850373
16082699
14238112
10963184
3776238
12546379
10411782
10573850
4785178
12112144
1560854
8435321
5762321
14436811
12381886
10712542
13402030
10520254
1041799
4674412
2734551
12776359
7225877
14165080
3640976
7084318
3453303
5054526
1292024
7226446
7489230
9788979
14985511
8176265
1757290
10333279
12114930
6520111
10851415
14226240
7661914
1187705
6316734
14828340
6483247
9560593
1590665
1918634
5975055
16329792
11452997
8132122
2805030
12047155
5503418
6585566
10226986
7847025
3404905
2461018
1975545
4494717
6021139
11488029
6848949
11240656
10793814
12011829
15803501
736001
14734187
11733046
5496116
16491005
15686736
2272250
12305952
756123
11375483
7143942
4516816
1914238
14980932
6360690
8670524
2731560
6455118
5927910
9995247
15871363
407064
1721843
4518178
5029077
14024810
15375982
1071813
14622002
14423613
6185366
2914362
14859180
4791451
9929492
3381816
15287670
13912487
10260362
8782324
6253688
8500839
15078214
9045172
1722052
13639401
8774990
12544203
12843615
3383490
8628963
14708266
6436806
10063774
6159269
15179310
12680454
13195065
7436402
11062426
10679423
5918591
8607230
10065465
10569905
1505287
7684411
8794108
2438827
5910258
2838133
4023419
7226417
7250137
15065804
7074972
11122236
762946
16061219
2833543
2361592
11605472
3637400
9965782
13007134
12859067
15337625
1382597
1973836
13841111
6264398
9017732
4636701
3028105
16001175
6802069
14238665
1565387
1298224
5029175
723574
14628016
10022249
11198330
7395016
10335652
3220585
9145783
13951109
1384043
10889432
3926396
2966522
15426459
890296
9543278
9383797
16242790
7265357
1306711
6931559
8081596
6418182
2560047
13993217
12687274
12289998
5106443
4807992
11696410
1557199
4731560
1689250
6443529
12210627
809432
1674674
12816598
13483758
8999523
4887673
5247095
12651690
11985018
9066404
15648158
585884
2379999
3335117
3967464
4053502
7061147
14220412
11499534
5588248
3449702
15719805
12752611
10002107
4097185
12310977
3583965
8344866
2512867
9929488
4737976
2309015
13976165
14334805
1247277
15255599
5224238
7417699
5883995
3718938
14976283
9960870
8090714
6056942
1783188
15456497
6067606
14513762
8848326
10014087
4365973
14366535
14939052
10090068
5274728
7533837
7357923
461708
12334163
6963151
9866179
584591
5881124
3082745
7444977
6260081
15362626
7527311
7918864
5856046
824968
5994772
10522665
10779103
15560484
15754962
7194570
1264758
1554541
2153862
12590866
8428103
6786992
3147427
6638279
13129762
1926690
10157465
9708558
1239823
13049817
795526
3015342
11045498
6731845
6056437
6786025
7121942
8109459
5537326
5748652
8849144
12333007
12788064
7938947
10452482
15116540
6976857
14532706
9066915
4021339
15671993
11121591
6843697
8364289
8461253
2255543
4117054
4074054
3483270
15182032
13672055
2362385
756792
9346327
12206730
13546702
5862941
15259382
746319
15079336
1520677
9447472
8786684
5434080
2936401
10080686
9709274
9614244
8182770
7854455
15412264
13447469
10501226
2201938
3647951
14603646
7808085
11943160
7611691
748056
2956343
10478238
5000104
3642310
12068299
15839925
11042235
10630947
15465401
1353522
15705374
16581945
12395170
1034564
8916213
13835206
8954416
9289237
1199066
14760783
8189603
9217854
1046140
14481515
10267506
5125252
15823222
4967200
6189703
15472141
3583611
1473375
16334716
10326021
10455452
9109033
6240626
1387698
12055237
9370530
14590434
355371
4322947
6798307
15058962
6301428
11985310
3853540
4753414
10074606
4484061
10777255
3036662
14015364
3448334
4386087
11690415
9400954
3668775
5526179
7293297
4480984
2829969
13635399
15653291
11265467
8449247
6639757
12788867
12043865
5158311
15191706
12596374
13748035
10346068
5126385
15899706
4949413
12256157
4586291
10005456
15747889
1210174
8586378
6942659
12600342
8037124
8232029
9344421
12318339
4721239
10327507
13329646
672302
8994401
1856731
1521701
1061993
1430389
9787010
13237064
13978790
6783782
1484518
6152898
16248076
1667593
10587222
3511552
9192971
2279693
4562833
14454331
4176010
9119162
12680367
4051540
12042250
1627304
7958598
1877650
6903270
8434702
15439985
9155030
6861447
9937111
8056238
9679829
6181805
5055560
10918089
2894388
9794787
13400911
4141691
1016945
12834881
13466613
5661828
6548658
4307500
6329063
15499670
658848
4895380
11891386
9901712
15779791
12833284
11536231
3649458
2390799
14730589
10258297
829234
5428863
12056248
8508998
15534832
11820604
2512055
11909491
9466283
14398049
12222198
10648678
634083
8810453
15332581
9624040
8562297
10309089
4485274
2300759
9662127
3411338
580495
10204567
2452396
11368741
2846375
9458963
16557262
15620893
2203508
13714146
6051067
9271423
3452269
9969643
9761103
13949931
3270969
5155003
4656641
5841244
16585373
10391873
8400718
13454128
12007936
10306394
15908300
9612375
3330459
3346770
8674843
8415965
4305432
719088
6716281
13882425
13384100
11601328
10235914
16260688
10682806
14881740
14271440
10851202
10238100
3289561
408001
14302646
6709954
10940738
2653676
11707120
5523847
9771546
9444541
417499
7464846
7686951
9469349
5803619
11800275
11731114
7745167
10600078
9529027
4324199
8991099
1988639
12465918
6295263
12701140
15448897
4475942
6963852
10680522
6933538
14066883
15184143
9803457
15083565
5185345
5826387
11249812
1199836
5868175
5845661
14469831
7485531
5415808
11905267
7789531
11720275
3856564
10848959
16472060
1633469
7315130
7635287
5117111
7183533
10429132
5703958
8815522
5904291
15435451
10672628
1178848
11324738
8251904
11354998
13922794
8533210
9635420
8288728
10254874
2173919
13278504
695283
4045491
925659
950444
10470598
4011039
7336956
8382540
1440905
2165428
11605804
7776034
15052464
16203939
16484767
11535530
10063428
7587570
6881992
5716770
16118468
12136373
9200731
3867838
1725622
13963466
3311922
5212379
5297709
10401898
7436811
7166809
13143577
6736932
2800005
14270330
12487014
9450450
10136763
6695917
12664991
14195943
7365872
2193160
6438984
11498016
13873299
6952673
12282935
