#Seed 3234049606
#index showed the (transformed) postion of the SNP
#SNP index
14842871
12419769
2548010
13545689
12573550
2766275
8121368
15713137
11189340
15400787
12592095
9474002
624409
13588277
14950436
11121698
9961612
8467073
12331624
1468885
7184870
6692417
5477694
7107371
5001711
12263164
2765720
2936306
4292624
6046074
7419499
12134752
7164877
11252352
4755063
9463196
4081409
7419312
5469224
7776092
8149296
10680651
3751776
449166
11566830
622324
15719067
6276076
886492
2642715
2569051
1221514
1745283
1809563
6466454
7055212
3102442
5299403
9707810
3263370
6098375
10943850
13593790
12286149
3831425
14771354
10088006
16448310
5860326
9621324
13839907
9038179
3941700
2619308
11308308
7346526
3947686
7185220
2638810
9302143
4462618
11792367
4806379
6502589
3405428
12159339
2212360
14867360
10850342
12446932
12180541
10793478
10856188
7765032
6212438
4640718
6181013
13478949
3970574
8910546
12409508
6806494
3409847
15331327
5320293
7656649
14225483
14407207
2739045
10008108
4645996
14504613
8549498
15702320
7028023
13682077
4389692
3885943
4938121
2697366
5706812
1826697
8948810
13101508
14258516
5936609
12996825
15571268
5441758
15400650
6500230
10478196
6655595
4068485
10841718
16562779
3411662
6776906
12700985
4924668
8934679
8745997
8845307
453067
13035633
11084899
7051674
3738153
1013091
4398277
1170662
8421900
1242762
7716661
12329887
3896168
12138223
11302640
547365
4108523
14742373
461814
9268521
6216947
7352664
8820343
13707200
8370153
13211149
6362574
6900475
12031973
5525815
919159
6132985
16500925
6090077
11549348
10056430
11676791
3864609
13458986
13724815
6737692
2341445
9904508
8276231
5547547
1784003
5924345
6153495
4920984
1772017
4023778
9897270
5875282
13053639
10559616
5839367
15893900
4949872
16246532
1750670
11853452
15693853
10418900
5435697
15093784
6747116
3683525
16448348
789474
9110445
1493625
10285244
6906686
15653034
896422
3205680
5901295
2369343
5043250
12408337
1375254
3738044
6903285
8829870
10948066
1952783
7728477
4252413
12397030
14079068
10173160
13918004
4800500
5669703
10244517
10522989
6263164
6931772
4873145
6486873
14488512
11257764
6804633
10222737
13296220
7800606
1461884
10598162
8267904
13168029
10593245
15224167
11363904
3394271
14417622
10283025
535889
9926199
753078
7401857
13230274
7603137
720295
7079773
15666642
855879
4081051
12386359
1710613
2394678
13602830
3477773
9399348
1457932
7555296
12425317
542301
1009644
9613846
1374383
5037910
13336100
4468365
11587799
9219969
13061573
5292453
5815444
9381661
10670462
11533846
6531478
10633641
9575762
13699526
2838995
6372146
6849492
14488112
14413294
14813763
15887732
13877635
1183788
7931435
15178721
14354526
9656494
3145695
6938234
13228523
8099942
6787948
4862078
10730683
8027015
1989561
4959723
12028298
8036367
10860943
15945335
11372626
14235304
11905610
3911710
12182146
5565481
10853899
1840588
1598826
4170992
799013
13867672
16119308
14933278
15727138
3866515
11450115
8209019
9561836
11887422
1940843
7298693
15790894
6024763
874403
10583626
12596854
16235021
3391748
13268458
507097
9762187
3969359
8197628
13619064
2880198
12660870
3485949
15969535
6582650
10594263
12526147
11417754
13220995
13146063
12558792
6416242
14441063
8522175
10548145
896971
1769173
15744617
13563691
3265687
13214121
8211863
3313287
9504141
12454714
4339576
6678526
9110040
9680078
7709072
13532709
14544609
15990972
4287695
4747715
15414522
12317272
8446449
2259097
2667432
7071178
15886729
6426136
7143234
11347848
10900910
1377528
634727
1456633
3360056
4717006
9631402
9536069
5146258
10589892
6495388
16323779
14344714
14323679
12990388
2952697
6505146
3597043
1374930
11855725
4088649
8410336
7855224
9276217
9710782
8183051
13833145
11470476
7140167
5260088
1342278
12813975
430735
9394387
10920268
4221422
14119629
3680292
8179903
11245960
2824333
13931181
7927910
1847628
5591330
5752373
3827909
2342586
5918041
11970355
15947405
583190
2816601
3342576
7345341
847375
14470572
780042
5600896
7765020
6108277
8572233
1365495
9001684
9900082
15321276
1653038
11074457
3052313
6271732
1843516
14018293
7040976
14015940
10686138
15211615
16124794
8564466
4446958
9276020
10370356
12426237
10035036
13076132
3975638
11438828
3669227
10247478
1744761
4242313
10710480
4021692
9904135
13910279
3088423
12525699
13948475
3567707
7163493
8458710
10064524
14169719
10358662
4215563
10306385
3722696
1084971
6907352
1764498
14070234
1700690
9942439
12163973
4108303
16441528
12246035
5526799
2577921
9357516
4725966
1908869
16528966
6714286
11846541
5883196
12699663
4567718
708358
14167198
1810699
10459480
7603408
3933515
8922151
5807557
4511087
5362632
10093122
15644854
11340774
6250106
4496226
12253595
7129137
8877991
8791874
11505718
788391
4669537
9576820
7946307
9892946
10965110
749067
16469892
14397825
12045912
14716049
15758154
3444275
12424772
1736853
3435090
6049795
2779586
2395906
9384880
7491708
12279226
13010711
10546753
14447983
15954401
7248730
2460771
15250470
4129583
15034971
3601023
16021738
15648184
15724068
1651413
14320373
1685543
7391910
12795153
6958601
10031965
8919983
13303133
3202234
7201133
12625986
7990637
11619890
15009261
4338559
12572741
3234153
15417471
9783974
4986948
8762015
3808262
10483860
9289676
7471942
14148414
12566379
10181391
9023198
8639117
11034385
1002999
9088710
1586933
15288890
12959231
15073829
4253030
14966335
9451552
4806636
14929044
13722327
7002579
2735169
8017395
12388450
14565898
14682722
1049156
1076173
10326681
10575487
9094792
8116174
2480411
3096944
14431395
7744219
15293634
2665819
8797177
8441853
15632996
1911981
11674224
12364530
7840939
5536125
11100975
7663369
11491471
9433086
11101961
7792820
5823306
10041835
11839179
1710264
5438656
9918882
7704765
5290496
14460167
8942733
7102578
4087599
13989677
7419382
2770946
8295507
15301034
2369980
5130265
13219631
5864285
8211551
10401662
10368150
14284844
16100868
759547
6787447
6762697
14143260
1605367
2399340
11523727
13122208
13603200
1426686
14749384
3391621
9853406
5219973
11622626
3375515
12023350
15281046
16029608
11369315
7267680
7888629
7869507
7104844
3213804
8888113
16192442
12372425
6772036
7900255
4453621
3649401
9208457
11560973
2849334
15710597
14969959
13236289
12493089
8992623
6250980
16286530
761560
313122
14260268
12414623
3061717
13437359
15015735
3730947
8319486
13813168
2398117
9232926
1903409
5492572
2411765
1195028
6183705
12793137
892502
12860322
4068664
1568169
3775218
10027462
3947670
10223664
15472462
11859668
8742018
11163565
2788922
7251989
6966101
14041935
12454965
16517655
3132182
10187243
1814544
10261076
11594835
13570515
11250477
12249208
10529988
8999921
16593680
7867488
4210688
2204779
1196474
12627234
902258
13463979
11356379
10264528
12077962
3885634
4480865
9696310
15824261
5794850
15552213
666794
5373374
11371454
11212034
8817187
3516648
9386996
3762964
1271156
12163531
11848248
15889611
7729713
6775566
10188471
980087
15241061
4722061
11632132
4049749
9799725
10881944
11622269
4474896
3006776
10177551
15968246
9248071
7788730
6109473
7403899
9711282
6983113
14610924
897281
3873925
3915777
8644181
8118261
8501934
8390587
16553465
6158019
8450372
16492598
4962854
9969462
8713945
5415130
1061312
8550278
3302884
7925581
8737410
5662884
12377322
13920603
12593915
4743189
14109957
5738579
4405192
7527103
9240705
6993973
861986
15209923
15834245
14188763
5111125
2282477
12580427
1134902
3454891
7108756
1261276
6911144
14856859
7387328
7241816
6533455
8219408
15706563
6246722
15226351
13131284
5482368
7175648
15760809
1653364
8996594
6373382
15415255
12759460
12094400
8539305
10055714
3536472
12277251
6133000
3644124
11562109
9076948
12045519
7919292
3307479
10513413
4009306
2024210
5402041
9536366
879960
12449436
6655210
10687005
7083477
14203061
10754271
2540239
6805520
13431030
12095250
6593082
9116698
10614126
3868747
12068941
10070071
9991726
1126922
749190
9591754
1604250
10789016
11241689
7664281
8307374
10761459
16491525
5826490
454743
7514508
5691559
5360583
7236740
2633295
12157997
9220437
2671746
4152634
2698214
13531229
7495983
15847261
15408024
1721162
4914201
7649155
15981648
2781638
12732375
13874370
11387614
759464
6442232
9814705
5785074
6479094
3263208
3440891
15430709
10507567
3535490
9918048
14041885
1707786
2247963
6049082
12156841
12814985
1840547
12121966
7558340
1957092
10124461
9594767
4446431
1043560
15852451
2604661
7243475
1974216
6969190
8849208
12272714
13104758
1065026
9614310
11678925
7516880
1795845
361989
5167568
12286219
10595813
6144236
13763872
2724009
10499352
1244970
8749606
14799836
1371422
13367318
804675
10153895
10465244
11228553
2176555
5958219
12926494
6004389
14019681
10383838
1865988
13093489
2289355
2764664
4379353
4512419
642667
13300918
8521749
10541690
4034458
12011505
4253103
6129023
5053431
13642726
7367906
7051690
12557982
15960442
8738061
10677453
15392484
4672919
12118156
6234360
15712655
13152242
8470652
2041544
1975119
12572915
1976298
15832840
8121057
3441297
12254180
9574993
11929936
963718
8509183
7505712
10254832
11070106
2282782
15876139
3521097
4285694
4307381
12544272
14881740
9574896
15555579
495541
11715061
5943578
15525896
10641055
5515633
4248879
8320554
11078921
8927888
988728
15606431
11718910
12138745
4078795
15091756
3888558
4096541
11700567
13505142
10834696
7364286
4950200
1673979
12928648
8071741
8082724
6252237
10334507
11707256
6804048
10113995
16108011
1947468
1805616
1879786
10520376
1545957
15327002
1457807
6089803
3197982
899987
6186004
13748165
9772237
16337959
9684179
5943064
3519178
15613755
8732762
1098555
8099425
8564523
4538638
8440409
5110917
3166769
1177100
15875435
7834128
2069698
1596158
8231178
2166822
15368284
4414229
9987881
12603810
14576609
4104187
14784103
15641182
1646883
11276902
12642301
15494990
16457050
16088126
10194219
14071047
11478131
919989
4294464
11930291
6112079
7663281
9695038
6563047
7287025
13318492
13536562
11279249
11459728
6633351
9582466
16238783
4174531
10662179
11070426
5880916
5968538
7500878
14867227
7061369
11615391
2780484
4426448
12510218
7647262
8096021
6659469
9452337
3849206
12862396
8525372
2317833
9547254
4501487
6220882
13287589
14244757
8490226
11227323
4690719
11942611
13601731
12806437
10584612
15494839
8647646
13402676
16366936
15762429
9600453
7013673
2229677
14984918
10453696
6889883
5171102
15691356
6986710
6105132
10610404
7807054
12610667
3060740
15586343
11258080
13787217
1088562
10639462
4282955
2507844
2768821
5263660
14749569
16231620
12502933
13995788
12887350
5482757
10423195
10986337
8194693
9062593
5074411
1726175
2726803
16499245
10091124
9305143
11680472
11675297
6898328
8076281
9169904
5849717
4464231
4435213
504125
2864358
2668847
7657294
12710030
2881616
4635193
4762389
12310792
15647402
13919241
13427254
5083531
6852975
13513436
12447011
16062191
11543294
1408167
12074759
15868766
7140118
3112602
8239283
1462753
11684401
4520771
454164
12410810
335263
3154145
5538062
6364416
12434708
10256844
10016429
1227437
7943318
14251636
10760215
8211280
789564
5718053
5890447
13560634
15946181
13563641
1782470
12812230
2383762
3620381
4508162
2964648
13583500
9118721
13704365
8504327
2880431
9698605
7633969
2168652
15267814
12338741
646781
8611393
9070308
13377051
16101644
11376776
1977712
3331817
3822640
4610729
16444162
13660243
811685
7742743
12813305
7765073
12560072
1137946
7998384
3307319
1507352
1406602
6277105
12033021
9666259
351738
3992345
2891224
11348808
1366445
12207790
13659574
15785483
16295512
3602617
14711020
3766320
12884789
11382232
14144612
15482523
11335112
2804336
9928526
4503246
9436791
3037656
9465244
3243613
4324909
12617248
3937283
8430205
15092173
13733039
3273753
1231921
5992336
5321077
15703433
1351278
10575981
7641441
9741745
3375051
6459943
4855326
16113478
5143488
3887558
15408953
12870920
4828756
2755347
9647821
4335910
8511187
14988128
1600370
9161352
11929414
13715886
11256313
13208985
11688447
13525403
7345730
13513872
16539194
14374943
10458392
15619981
6823381
7327688
3474176
15890445
4210146
5998526
14164060
9542095
8562112
3449597
14818774
903357
5005704
6502524
7736768
6722465
921989
11997561
6600763
9566325
5418286
11210593
6900534
4208499
10849258
9965378
8052632
14964849
16336697
14885052
7956893
973278
9843335
4691636
1203629
9767749
3277116
10745008
7997257
10045956
2604351
9684147
1896073
10118487
9349940
4725706
3868455
8944313
15376808
7347347
12786787
6455140
9297526
8863314
3767585
15219767
16081428
961646
12269449
8504732
3855784
445993
1080501
14480168
7037906
3588582
5015219
5938563
11774051
13090775
8657254
14960586
11010870
12629382
3112427
7991493
9745563
9198182
980194
1484376
8462955
1961620
8310757
7530644
1623328
10049029
13165061
9605482
14619137
6251143
6269625
4151613
488560
11641971
3442552
549443
5279553
2445541
4929183
4737549
9661574
15931637
7160476
9563762
13982077
6004233
8142159
12211761
3823637
15254717
1850380
9694135
13856036
8075891
8503216
3680524
2259888
3818339
5702722
2095536
7257600
842927
3941316
7113219
10664454
5759397
7745799
7375684
910091
9445998
7041282
10422269
7978524
11669899
11659423
14970057
14707546
12239748
5702656
16515279
13313874
4696301
5972890
4086237
7660280
6155701
9487593
5509613
1469444
7894984
5920511
2661643
4055903
9399719
2377151
5251190
543468
9018391
1132583
6903314
13818839
964705
5407034
10357864
5865029
7765843
6401946
7186984
3034676
3280311
14718778
9614022
12484859
9151282
4268714
8842008
13666456
11576462
7547628
9137128
4617961
4569202
8373625
3997776
16173618
13675007
13237792
15975692
3824871
7195053
10065240
2310598
14441273
10467825
14948575
12288996
10378968
7313828
1533712
633350
395870
4484411
10504369
14006328
2375826
6659787
1426694
9702347
11249945
7099713
12206371
5936538
1894148
10929553
8293861
10146319
13657538
2004298
9205661
16118745
794567
15826406
16040617
10341761
9609763
12544515
15546489
8037937
6885747
1104980
15950429
1779916
6222452
8367182
2744774
3688238
11603654
13569319
10062189
5670111
11190273
581146
13747315
10918052
5960585
8316134
13630666
5385017
6181502
11692718
1986436
1979788
6129491
12978015
1318758
8617135
8620856
14815370
10786220
11978342
10376113
5027411
4892208
2804757
606531
3679947
13654554
13894080
9561713
869450
13013980
7248634
2385254
1449265
12128573
5149378
2809458
15502246
6490092
7173204
5246965
2173485
14346083
2675783
10736046
10623874
7206830
3498388
14511549
10126883
16094814
5805489
1826692
11965891
3826282
11420305
12723846
6431503
1233394
6072961
13949214
3160726
11421545
16536534
11897738
2075719
12855122
6280149
4438850
798672
3645470
7846850
6210021
7003953
5941618
1377583
9085445
2545458
3423260
3810309
10868295
7486434
13606351
9582884
12742343
12211778
6162354
12489192
13306523
9968594
2851282
12510126
14811064
5600133
6326645
14813344
14285213
3209154
7590345
1680591
6076938
1133876
11553906
7021462
14857333
12944039
6018114
11680923
12756997
16122053
12940622
2111091
6958849
4033539
14278607
2451123
461957
596056
14191093
12474438
1283902
11363991
7728999
6027981
12625151
1891391
7639893
721151
11092656
804003
16513175
10451524
1829793
15289634
7542038
3223444
8709419
8751220
3222100
2598716
13018269
11920479
913901
4186709
1103623
1039590
5849501
3401096
3085751
10540222
10062248
2537372
8171747
9573044
6263818
6433035
1372322
15625713
15780134
6676194
3612610
9504644
13996144
9995869
13862072
14813650
10235024
1668878
12258456
14183717
5561977
1778670
16063620
4777007
2720254
5644528
7350171
14097473
10796708
5750583
13483595
3696839
14013654
631767
1320605
9817269
5236235
2101874
7509189
14664168
815614
2892068
2061123
15870537
4829289
5270428
11129330
473528
7905679
7934987
7324111
14211664
8169215
4377460
12168690
8755355
12324718
3650055
4470422
11088244
8290997
689509
1299824
12571266
964614
9449828
3063442
4530600
9889072
1111424
12349628
5923879
3632445
12633248
5756865
14415204
9984068
14486499
6866941
9523976
9566274
4853181
15631616
5044217
13782480
6135294
4869763
9649610
14626121
5324018
4429244
6328613
15095519
13419464
15600189
768311
8840163
12196739
7769548
1614349
13985591
1722074
7963326
4950522
2011316
10918425
14332921
1489382
10455482
10301446
12128836
14585255
7523078
12815925
6875430
11998872
8190583
10747044
4287266
6799956
16308601
13752729
14290048
5469018
5899677
14739917
10897076
2293533
524082
14549817
12771279
8086178
8118462
15427562
9658885
4239396
6057986
5197786
14979106
3590234
9207616
10234842
9292623
2025102
8258690
696571
6051503
6235320
10074350
11794157
3072712
5205203
8069185
8755588
7106546
8615475
8382931
7190753
14533832
10803543
15071721
8512937
5651649
15194529
1010385
3528931
8772056
12379868
8312753
9673540
5111302
7392638
703744
9970746
11438196
11363662
6832553
16377154
5791186
15553026
3732343
4078068
14849288
9756047
13713750
7605493
5779748
4081532
5465136
8373120
771844
3251248
14583481
6016275
6729560
3701966
9011998
1193296
13402419
14897137
12283916
9803746
10939957
14532569
11990450
12789880
13357259
12222757
3985115
1957479
12216290
13958216
7586685
4046092
14734441
10798259
1670136
9662431
5717766
12829356
5293887
4029022
9651110
3669795
13613444
8094439
12561169
12271036
6820686
9585562
14189961
9882824
12908081
15544220
15367240
5757663
9797126
13737350
12262409
10936361
3408570
1117382
8522871
16413906
3895501
8552213
11094216
6924211
6476522
2210471
3044763
3628998
8966301
620422
10926418
12778201
10170299
5329630
1685593
5042556
8228252
9619158
5097225
8016674
5154430
8379247
13221328
8195516
12106983
13560063
6890514
8927095
13608177
5820804
8141984
14204661
16332311
1779338
1623890
4609965
12796722
1579206
11411862
4000470
10043506
15208707
7841394
15831987
16387630
9830345
6959492
15323734
13271492
12436855
5195387
3294423
5007796
12316800
9974207
1288859
423367
6294675
3777816
1946774
14656872
2302940
915713
1558744
1915508
9273695
2411084
10394697
7720882
12666199
1998506
7002057
11712718
8330190
10762435
10124894
6359722
574990
1699685
1068595
4939366
3237549
11965472
5005701
8382799
5299041
13878647
9241887
4609865
9632568
13797966
10511778
11014825
7848308
13711754
12687088
3243067
13818605
763429
5281677
16544912
9637262
14482403
1291980
9626551
10910622
3148089
356369
7673006
14963377
10652815
14016730
10808989
8336301
11583617
13869222
568183
4425955
7073255
15808055
6322337
13021673
2864096
1891260
7946841
614348
8578098
12917071
5561393
11857863
6920164
2823522
9305529
5856457
10652787
5759541
9946014
4871937
12111452
12108263
6127854
11498840
1179355
1292945
1334420
4747421
6964933
5814387
9894031
5880536
14892044
9745764
2018963
14785719
7466188
12046960
5793590
12262570
9311176
9588397
8120921
16274008
2777942
11732467
8792671
14046589
6014793
16042289
1441531
2072758
4141349
7150554
6760852
7178140
11166804
6970977
9453817
8000153
9143335
1192490
6681930
12808489
16337752
8043844
14765450
7542014
2162530
10749036
898016
11563241
4377455
7118562
2453920
7393126
12488274
11658357
3096319
7456690
9125869
6429865
3229455
3667236
540759
5170842
11695300
5315116
7868733
15495253
14428001
7434224
14849450
5994109
7720449
6185246
4469315
16063599
1903888
9182917
699291
7565325
15340761
8986015
11287804
5748279
8333862
6063397
3236853
11923771
4665053
12043683
7560556
8253806
3485704
4403384
4914371
5967919
13709274
1600550
7905906
8680734
7325767
4926813
10584836
16102437
15438174
6464933
5064525
7729609
3313456
10768329
15073783
9896877
14411095
3237804
16592221
13400972
14903966
7097462
3980164
7693621
1993158
10275750
10962867
5869115
9970442
6227106
13087474
15605214
7912278
1288640
16404443
2837512
13148529
11673582
12665397
16052799
9574904
11673466
12751336
1125123
14627520
14378752
14323415
6868102
7854533
4990640
15176205
12164234
7424085
3620496
4062495
7192780
7585011
3380379
1911097
9537829
15755449
1931036
3711036
12533574
636262
3933497
14798909
4687754
9023577
13726820
7957337
1880901
8548865
10652852
14700813
731369
2540081
3170083
12506872
13479502
1244525
4897845
14590166
5825825
2048710
12260917
6973243
5323606
7954482
15824375
15426317
4923730
11023049
4877791
9237850
2711607
2884877
9557340
11656164
9313736
9592286
13336776
4034083
11883697
14577192
9541138
10518107
13928885
945664
3705221
7691390
1104995
6224299
16402205
12545954
16018567
12500428
604187
1362740
13175408
3151151
5508855
15102185
2471271
5633580
11125226
16224972
9147987
5424961
3280076
4162312
3629084
12114011
375758
7089071
16234044
5571135
6425483
4134779
2544986
16005505
1060089
571908
13482883
14800398
929402
1102050
13324734
9935587
12302056
7149345
1419887
406749
4110979
15189687
15609497
1421423
8257811
15677131
14859410
14999030
8735189
2325482
14197801
14171411
7802488
11964986
9503545
13544543
5021028
6170096
11771162
5685244
5995361
10486954
2045371
9921626
1821149
11049779
6726486
951068
11420590
995880
5708028
3444967
13763422
9105956
10789877
16400862
13120980
3704389
5785038
8524289
5859903
6436197
1099556
5381750
14632355
15635517
14222225
10638932
10835387
12359151
5076037
9610178
12372898
6759181
1593897
14462961
8657824
16566296
3511415
612005
4424395
4044795
12432510
8344902
998765
13552575
8671904
6998066
5414310
15956902
2051271
3568099
15057741
5705882
13964153
11120170
3050566
6915886
11429034
9677512
13266143
15245987
10078097
14584645
5756600
13967636
3753882
9101276
2564251
12214050
2377323
821436
7058674
3488673
7212590
12562149
3142522
6610039
2295928
11664159
1613108
15102739
744622
9009334
4571826
6394053
10833541
5797229
7672261
14131525
13103557
1187629
8641884
12195089
2781141
2085172
10327047
5987952
8354083
6437422
4006214
2058933
12966404
3384674
4780976
14786441
1713388
16111864
15749893
11872113
15704960
6296024
15086049
3949806
5935419
4381411
2827864
3055785
9655512
14277164
1373859
14375138
5970454
16324853
10445052
15503344
9022079
14398999
3990805
14905867
5749233
5460598
13019359
11896102
1854114
6062832
13932160
12424889
11499952
12072567
3499031
11803868
1167534
12248102
6659878
11931699
10480142
6777211
2950105
9257668
10107819
15169567
16370153
9265217
10163419
14715230
9723766
6797560
718085
9382647
1977469
13765774
11517539
5294218
6042771
16502788
10139449
3029715
5557364
5173507
13514269
14130173
13516417
12309645
16433331
10864239
13834858
8986441
4900331
11902030
3018081
14351093
15199959
4318139
1775261
1374079
14336928
6301587
892705
16397612
12796620
4855668
13564374
2575308
762472
6617883
15261467
14467982
1134482
10287362
13497074
9760880
2135475
13688603
15535863
9293762
12516343
14811640
12570386
12474564
8559686
6752953
9513145
12165546
15833003
11530029
11560210
7217916
10286992
5024910
1526624
577528
3560676
8764776
5011643
4030365
715648
8159508
14810555
4622080
5615877
10027275
5318550
1346801
4709950
3741973
734208
13122602
10279108
15760771
9724291
14067582
16192514
7115108
2306350
13428865
7275563
3481326
1658372
16104744
13927877
10880762
5785480
5119276
10411175
7117944
3562466
5601769
690902
8064176
13511626
15906148
5201324
3453966
1109148
4621888
13973096
7745260
10502514
16528638
12490603
13693194
6110932
6316725
12678493
6116553
4843661
8363811
1687659
9943973
12501236
16344170
5874348
8699021
15456793
13427464
10802726
14389821
8568207
14711776
9032057
9647374
6207407
11340941
16391906
3262327
6310616
9044283
3744607
5426178
10348526
12537136
12629141
482077
10886891
1346865
2416235
14220403
9897062
7127101
8336304
5701545
13297886
1035466
13035805
12620749
4567304
10360626
10842026
12754180
14754990
8141961
8342283
8148813
12828965
16364502
13260458
13329863
4001244
5701624
8480994
11451385
8170183
7576603
15679973
9203186
1778175
9436258
4669100
12831353
8640452
8924582
435360
2529531
5200352
14350517
12832925
1665650
5729920
12934635
6517059
4625234
12837642
1976867
5847348
12210405
6764957
4223154
7764562
1304232
14273382
16319008
5602464
3280048
304500
3764126
16175218
3991644
893261
567882
636932
3162056
2694631
4021126
7817150
15309163
16051667
5079737
9879031
11336778
11527176
14753965
12921788
7534651
15045401
6291862
10777374
6736190
6368494
3253035
8774346
10998581
11248774
956527
8364715
953850
14835173
551271
14342619
15248125
8219035
5854871
16205211
13390835
6876403
5342697
12310498
4889167
11645293
7757293
14953946
7793089
14712308
376424
10508078
6064095
13765289
15122001
7115786
10521965
4468716
6757396
9147979
10628146
5968663
13788166
5769241
11440129
16113491
6084771
15479616
15443272
3284955
3853202
308016
10690188
13730354
9466987
8063123
8205468
16168585
1716477
9323571
8148800
8887016
6368876
1426571
2989862
14759464
10709216
4356734
7287751
13552697
8222052
8842770
12415701
3967567
955731
12949908
6306992
9151719
3638150
3641845
14608164
16123963
1463663
9930837
10935779
9045164
2507941
4724300
14747692
1934630
2397215
7314718
14142702
4673335
1331205
4336381
4469474
6181720
7765431
13451918
9405963
1418657
8258636
11749895
8299879
9863680
10225787
6013573
1906420
15941608
6688641
6512227
9650768
891963
13902427
11140655
12681087
12059128
10955703
6083209
11812676
15214899
15597844
1080026
11916057
5150209
753755
10434642
8588517
12582333
3183548
2012849
15613017
12675518
8154916
11681024
4429004
12337613
695167
10533839
8670309
9091421
5690019
7708598
2561711
5225710
6786790
1613144
1263424
1085242
10410068
2194303
7364730
4582339
8047724
4509509
6769486
14757033
9061615
6976648
5823827
9933715
13808887
1843934
9652889
2401705
14544202
9070752
7090154
2428170
10571011
14253478
5660601
12117515
15436102
9312232
9289226
9393848
4541593
3425445
1266958
9860640
10853117
14925904
16181069
8809566
6233842
5299359
4101509
1814065
9098734
5892973
7331704
13337695
1826840
9640363
10767090
2893930
1086263
4290540
15300442
4403725
7497774
8358741
4852872
14513762
1121099
9500127
6279690
1883597
1680715
13247110
11638804
2770463
688623
5947822
3440693
5679150
6547780
9374882
15373409
15733263
12453601
596805
11617534
7509880
14901410
5620892
13539175
11816387
15505144
628796
11579145
2322029
13461992
10664001
14035527
1381284
3205744
15758921
14449644
9799062
561577
3459005
431086
13894592
13537443
722520
10713217
6664255
1124542
1836284
6642474
12505106
4227621
11645959
4864090
8547143
9156072
4266847
10638667
9187251
2532335
4322606
1993214
11169608
3864883
3355866
15021543
1915574
762531
9927095
3642629
8356719
12202087
4149900
13724813
8429527
7239447
15950680
7273083
15354458
2473254
10645745
3463120
16570404
14743313
5783271
8015520
10293282
9395062
12081832
3027216
4775667
13468769
8000621
1087653
2381247
4972943
10603289
5248409
7079459
13755919
12176290
8393121
14646300
5814925
3873304
12074918
10839605
13753303
10631679
2803639
11619070
12646864
9837751
2612473
14697224
1972065
14852320
13700611
13260906
2148821
16463655
7795535
11509525
1174848
1393013
6079524
12734667
682110
11063704
1049973
3812598
506844
7686609
6445023
6702127
1324596
11003445
5624259
16458365
5248354
10878576
4837966
13604099
10647511
1136081
11701876
14885609
4109439
8875425
6946295
3753371
10699667
7237045
11602172
11028257
9239421
8695699
994770
8477132
2737133
15108121
4741721
8322549
5805511
7174274
12933925
10482181
9655703
12166826
4949774
5855765
5519515
9324246
16186981
8125664
3870926
10153715
15486172
12501656
3272902
14135372
3952923
5992234
11632272
4535494
6484357
12875602
11888559
13961802
4828428
5035592
1301493
8113151
11882963
11433206
7920579
936496
4225199
13150711
8008035
15926207
16151471
3517597
13320111
2647855
4767591
13700686
11752374
15054703
14967821
11611057
2686890
16134002
8841437
4720368
15529057
13654107
4031845
624400
10923128
8951137
14017883
10186159
7887357
12109475
2357009
4968400
513185
993113
11825908
5678458
12405419
10272182
9213893
1187658
6704968
12555113
7870121
15295507
7519739
13291605
636323
16413676
14852670
2511264
12613407
6904518
9365453
1775987
10073885
11147356
6182526
8889005
5318865
7419553
342323
2653024
3818182
5894177
10415376
4113462
2963468
15252871
15104389
14473530
1917844
9940589
5088306
2386477
5981349
13196715
6169448
1111667
4402882
16069676
10927502
11256720
3306879
13919348
2950898
1616298
4097757
12434851
5555436
6284268
3396493
4239036
11028358
14777994
14957171
15292258
9759671
9979709
1911345
8923054
7387510
5911582
6041367
1310336
13866708
5488156
12333928
2883659
5207363
3563772
7132464
11565446
7769647
15630676
12361680
9228731
1549529
2275346
1578928
914732
7987446
9424883
13483374
3046062
11370601
15355766
3512981
12166275
7084768
10757189
10591960
5118423
12340200
10598565
5865884
14779806
5531582
10425751
10468999
3515899
2452702
2649936
3793291
7944769
11897526
10442797
2744498
1645713
7597412
10403064
8149852
4708271
10034841
3453265
13992474
9461951
13356945
13864806
12593819
4581099
12154931
12549637
1650104
5565987
1736925
15291977
5851052
10833112
13155926
10694016
11785377
8453688
2499811
9591950
6615659
3342229
4132332
14454453
5711761
4274730
11783794
10051034
5709514
14369852
6916730
11755241
15481397
10873459
14911132
2659259
13660433
3812283
12775946
12761591
5043608
8634373
830292
5005642
14726217
13798266
6094582
1545684
12706821
10494183
3937592
16495506
6115462
15891587
13931622
3053618
14057999
11881097
8167960
9046505
988647
10864035
16430330
6711417
8376092
3967411
3298321
13891188
4647328
6994782
4726960
12672307
11502750
1181197
6547694
9452003
9690732
11197228
9975315
4004853
917975
10250579
3126455
3809941
11212494
318040
5551894
10429853
9934655
420331
1428345
10283777
5838355
15969922
585864
9671615
13736417
16529760
15963833
5973471
9968440
8868854
1486654
2844078
5341707
13644508
2583510
6042529
11832678
5321264
8849842
6761331
12924044
7716954
11623120
6574090
1788702
12472375
7517620
3288014
11457990
2701053
3934890
16483621
6594602
7050864
12203584
5154548
9269005
1075655
8145202
14549179
14501665
11970372
6736871
4298918
4850974
4641703
11145387
4742933
4173865
1284047
15082009
6944235
1332582
8973134
9259130
10446563
5268625
12635775
457636
8342379
13620311
13282416
7717350
1302782
12112465
4634443
13415865
6598615
4377740
5936758
3573175
9929853
9998616
13253792
1864360
8088001
5393419
8010369
3043259
12137763
1828475
13479371
855487
14391669
10151163
9220301
8548641
10091342
6288271
1493008
4751869
12131735
5321837
16232790
14199497
1689408
12027761
16198071
4623639
13861735
8438692
1328018
10500898
14355864
15493870
7501316
7928916
14377427
9233246
6363951
811451
9925114
16160494
3486020
8421485
5042971
14506207
11939308
7824766
3043760
4968773
11930019
7259383
8232415
14812425
8244313
7002382
1503452
3413548
7408549
14092605
12650290
15053727
15561442
13517215
8292632
6494891
3102078
5042857
3562620
11395861
3565568
986082
13550555
13086007
1704370
8064678
6435607
3355876
11835474
12243315
2966907
1396345
12097969
15340220
5575241
1610787
9389356
16458855
5975528
6824632
13406777
12215422
4409854
7095256
7308940
16363422
12257876
4791804
7537536
686879
3741566
1307323
2266499
14385879
14480024
5756316
7674932
6082285
8096194
351135
6898613
8012648
14777922
2992098
658566
2437346
16480836
9811113
3443805
14679595
13024805
16583996
5966103
2660470
6899498
15733235
2828982
12160704
5018610
2029384
6020067
11540476
7202025
1383730
14019563
14511084
7060654
3245121
16013645
13202543
6986571
9536662
1891957
10306119
6693148
2952002
16004079
11082269
8936785
15133675
6960415
15553789
5206684
10069659
15742306
6040994
9560263
8326240
5868197
9592489
3501943
7487940
16500994
13929437
3426116
11447048
6513296
11917053
5088508
6313968
6138757
11824485
10238699
1442617
8183358
4166129
11697709
15563232
15037106
2870147
10188283
6236019
14374624
5501383
2502235
5748011
1792054
14036550
1973386
6442721
9501226
14423415
4170475
7149049
13651513
2653607
12668353
10133835
8995422
8357361
7028741
8000910
12342801
11930085
2960192
13076944
10713409
12414885
5060577
5483936
4135741
10668570
11337422
13035054
6243392
807790
11592119
6684043
14169670
3603006
15482986
4119027
9928692
13745940
13134924
2014397
4410914
8709830
9797456
6600358
11883845
2667942
13816485
13371150
11552062
15113007
4355640
11305612
11111714
5960702
6033448
15161658
8699100
13636077
9879428
14547791
12499646
9402468
11063892
7158389
2628207
1442044
7650907
11485947
14495324
9168560
14203304
3817991
4658883
7766703
3377798
15291003
8518125
14118764
5741228
16495822
16077080
10563704
7559042
2026886
5436420
8020713
13848347
14309636
5786936
2498938
10502852
14589602
5538857
14824986
6276684
1976604
9253737
2743231
11736781
10927715
7586834
3563573
9328657
6114193
13218185
8957431
1815444
6700144
6881157
6628592
13338972
12593896
7163821
15025333
1176338
391788
3548694
7904795
5045970
14872572
2214513
13579277
14082119
4141381
15783102
3301344
8033329
337588
2390282
6300214
5083229
10395633
3333591
14548429
1741649
966250
15834386
8683069
380100
12624641
14601774
11220591
13572162
8390862
5665322
5363979
15398597
3848205
1942652
10546175
15889064
1443194
10367626
12893463
9010200
11643239
6205634
9995887
7716282
10648639
10687666
8035384
6538864
5641717
6562043
12195312
945728
3565907
6320554
9031873
8440784
10327521
12170523
9269872
8484683
13454199
6051171
12744697
9223756
11908284
14647545
5872359
11494840
7287146
16567001
8399314
8864208
3544526
8010824
7704030
3852534
16429175
425169
11351818
7503506
541455
11946562
5713747
10728515
9680471
1048922
9582500
559316
7715276
2924649
1774788
3470800
15546726
15671683
13597395
13625391
3578994
16352192
3573925
15950409
16402979
10953775
13328516
15347233
586679
5862941
8566247
5651830
7048172
5943001
3331729
8338153
4397508
7013162
5426619
1469323
16063254
15044391
15425798
7880750
3835786
501517
3170614
9723886
16232268
11449878
10498986
5579590
9456416
2738514
10881523
12111601
16484469
11551224
14891570
12543367
8277507
10788354
12453364
6219518
9711782
5747074
10043843
11542483
2346217
1964597
5769174
10299118
7416655
9178728
12992514
7018551
6922519
10574158
14699945
8226590
3687865
2485895
8627343
14945668
11048388
15056341
10495182
7339976
10012670
3131407
2030589
2080323
516068
6525605
12720632
9077162
9372403
11295835
8902259
4836003
14806171
10142398
8865636
16131482
5896075
12912977
16448529
4519350
614093
9052027
4447227
3152140
5346385
366800
3760272
9730178
2481490
12358367
3237440
10026360
3569659
7801891
4649163
2365771
10453102
2357330
8471638
1377306
7791079
11040486
14236230
15581954
5994933
8172285
6686439
4789045
2829818
16000656
10217654
12202609
13887372
5028757
14389091
11253635
1868300
14353925
13685622
998305
6705337
4671252
4786529
7034771
3850321
14699019
7919109
8424947
5345996
11388234
12659184
16428241
6789664
2805195
11549548
1706540
11286612
12541426
11243725
3026455
9288479
7399578
2421601
11037810
12057277
1622793
1362191
6050730
8377837
9531163
11177259
2261965
16329123
13163310
1009627
1854136
11418104
3841066
12466025
4427636
16286343
13616467
1189872
3727094
3247697
4314974
11128812
5311316
7269306
10100209
15364407
1440905
3499191
6980360
3894453
10884864
5106747
2331984
4931837
6738632
3434839
15044152
3837366
1706010
13703802
3203240
8562179
8168710
9442900
4929915
4719018
15780007
8685885
6759014
8230312
2526998
6489156
2519340
7584544
11148622
5295203
4688084
15061292
10932369
3688455
12024939
6867165
9017732
15884486
4604874
9656056
8917100
16140109
15249319
15155053
2704514
945371
14043663
11857188
4329488
7643338
11497184
15275415
8057280
12126503
15983277
5893286
15031340
3607327
11126514
15640304
6304980
5750001
16243996
6692024
2014981
11588879
5466179
10863351
11454164
13467205
16093232
765466
10456483
4174811
7501873
9538760
7223116
1565282
5659108
13042090
5612320
8949768
16169224
13369347
10761745
14901178
5396785
12767254
2968946
12713159
3217744
3622305
14983675
6314571
7407982
1042897
8547316
15707125
16442279
5497889
6445967
8005060
15763849
7610666
13486026
11967424
3665049
12374025
693859
11540731
1826495
622716
9636820
912678
11225700
1870978
12723534
3571905
6787944
12300706
6781931
12512008
6874742
15554945
10935176
2691044
6761574
5159238
9314138
1071906
9769221
6757753
6756260
5378412
9585098
7601689
3557715
2403935
9024186
1259791
15980065
767944
16417004
10453389
10753372
16324950
2685170
1532150
745691
7929243
9340424
12697155
12794340
9246303
7828562
15243677
2531904
2690593
13506797
15248513
6478186
8661282
11447358
6809208
11386002
2815870
3321614
14430190
9962912
4632506
7449244
6331559
15756790
1228481
14891861
5855301
15419646
3509656
445014
8204049
12372747
2292893
2633792
10579429
7559348
12768047
11454583
9339652
1189758
12278909
10173468
11520007
12954963
14090354
3382204
9901545
15460830
394987
15755880
14651689
11390807
4938314
8213406
13355818
3663902
5831618
12471028
9730103
9710580
7053497
3764198
3852937
11143703
15472710
3192117
15104940
4062487
7747517
15928427
12907002
10853412
4419422
16068040
14188567
3192019
11256260
12187131
13245078
3811672
11624622
10441246
10816696
5668709
12675622
5588726
1635511
3893378
15337558
16421602
6993349
11748646
13192604
434644
16038590
15157198
602250
4570909
2040591
623800
9891247
10351910
4661827
7438873
8303966
9768093
6861986
9905797
10158521
14436439
7081472
1652756
11471489
3665751
12522713
7033840
3463220
1373909
13232920
12674826
11011229
7372019
4657718
4111074
10661704
9058211
2989673
1054477
5835643
8231465
3558206
3224479
9311840
11922906
10890057
8691432
5105321
7164978
7315609
9678962
12702501
621473
10438381
5045483
1319727
2311029
10784713
7639690
14831006
12136059
9631782
11132534
3148998
4040470
5438374
13252732
3326708
2867891
1898873
6189347
2434162
4009103
8190821
6324246
7103081
14525915
5154162
3910069
11867870
5225750
11428077
746195
16441343
1580722
3167377
11322579
5045698
3344534
13323740
7115201
11536372
14167163
7301710
15219746
12574351
406544
11184441
15407773
7114687
10480204
9222951
7216186
16574377
6496099
16241402
3491640
1443394
2950008
15999329
3619900
14213434
1793802
13988249
5527853
8479453
6995153
5016590
5270969
13987881
13458168
3358689
398520
12163764
12060250
7508083
15800874
491801
10287589
16053073
10897129
8115296
9250800
10825342
7379507
16563732
15938913
6114256
13316592
3792450
7271344
14164072
8297767
11329805
2916802
14028479
720122
1457204
11149538
1680384
3175410
8525274
8732821
10428421
16041902
9290473
9957364
16092999
14896376
7359631
9119929
1870260
3349085
14604939
7221450
3846618
9171314
4874418
16156510
3173373
8267176
11595780
12433408
9687688
7161383
12514487
8675404
8448346
322755
2862932
12349195
7676616
9493681
1015253
7015517
9183735
13984094
14451496
5696047
5385427
1699139
9831788
10821387
15032144
2210776
5521702
5470051
1698939
3902550
9194108
3740478
595133
11336030
10139576
3600405
16068204
5907200
6900177
13982382
16388223
11294308
11067116
5428532
12306130
6374198
5154123
14925124
800560
3486509
12132210
4347520
8184736
4360920
5231998
16280758
5596559
4815898
12943899
6174417
4172114
10406489
10924108
10498467
14801888
3617327
15694685
9389860
12566554
9859650
13886558
7896625
3305462
2772879
10829622
8078102
6253026
5343821
5272091
14950244
15857230
9465820
4867531
12343726
4296406
2785894
1615626
13310581
6719847
9496318
2570643
11863685
15651660
2388521
15001636
1738660
9061962
8760742
15923682
10695180
5106893
1685028
3613988
3876442
12430125
3736317
11743866
15838822
1316389
9345720
14002854
11417538
10094114
10911933
5903248
13692752
5983785
11012678
14384356
6047236
5494131
7713875
10073188
13183044
5568522
10953536
11577544
13525841
7121399
6067112
11717143
11537547
2597469
13699397
2154711
4257644
15881165
12473712
1094319
5018954
6937940
15169752
14199951
3599285
1713944
839726
14750184
13746027
7351693
1052444
10468049
1509146
13511405
7664539
3353563
9373516
5099636
5383769
2086922
3146272
6052594
12295784
4091778
13242202
1092524
13576029
11712711
4465856
6305218
6844752
4105561
5553396
16164538
12526939
7581020
14810304
15922466
8463303
13462671
2077380
3368702
14882775
15752209
15940382
10972827
12845759
9876705
5928726
4494984
965704
5608268
15397831
8682006
7999717
14091232
12568296
1837424
9171502
2890125
8890757
15998818
15794981
2139862
13055699
13378881
6571936
15086315
16524687
14282543
5240552
7144994
1484040
10962854
5528016
10132331
6688688
7046628
10334103
7516275
2443665
16356043
4100686
10464179
6168905
9199801
5938617
1926319
10467261
6277399
15131853
2015239
14032591
7393706
2868039
7788100
13584492
10744053
9753901
14323736
8251565
10244139
2436995
12248190
6553243
9914917
2244277
14318141
9346290
663713
972652
4143010
8770911
8340370
3716626
6313667
1066470
15053518
2084102
15361739
14282581
15160776
14245297
12447069
14162568
1850911
7419346
5509057
12494286
1267525
9339569
10423454
467067
14827667
2404818
13219443
8150715
4741127
12386758
11388086
7876310
6243787
8599953
6467367
7891013
9405466
12676234
4284868
1531011
5131738
15594653
5264431
6199767
1174983
16206723
4068634
14200505
9432987
16322334
9048505
6872439
4906149
2856349
8267398
3830168
7345374
10330918
14354901
794963
8590916
15631395
4322330
5509526
11508463
6257364
10772210
15592921
6364068
670479
13794747
15627179
978515
10729831
2010797
12076757
3590235
5602219
3375317
1243852
6816622
1672749
3394233
12235433
2523316
333719
1101847
14129079
1935778
11247208
13719219
11662868
1353425
9679806
4674979
1171485
5416458
11569947
6757762
14786621
1813195
9621515
6358447
7997027
12076427
16003125
8484361
1942905
2924728
4107709
10649189
15482946
3272577
4747669
14420910
6474856
7677669
6063296
12585362
2953700
1087403
4101650
6743371
1405821
9853333
8295026
4960867
15729285
2662674
8873726
11547360
9362603
8040781
1226081
10472313
3545472
4439084
2449727
3299739
13946257
11971576
5626402
12486457
5768948
3612109
15608898
9558888
4269154
4608493
15929313
11867933
15294766
14531378
5212538
15772645
13519636
1484520
7225883
1649228
1242333
16476682
9386721
1274580
15709845
12413840
1814582
1681019
8703871
4549119
4938099
15745004
6000752
7383599
14980268
1677357
7159488
6032975
6498944
10674357
3901689
11474137
3493705
12291256
10356649
12521541
13459262
4483089
2752455
12279596
2842545
5275560
16137431
5421426
5611659
6979209
13291798
13703932
4585475
13975979
1354929
2561409
6154348
4192581
13209281
14097427
9913364
5875901
12126088
14041373
2438661
11156593
4155631
7590183
1204202
4982283
7810348
6322132
15522911
6944065
15137664
9623927
14391442
4853001
13296523
4660464
2792580
3501528
9313027
2045656
9608777
9618788
2620779
5807359
4800325
6472489
15690993
2302397
8114283
6011754
3774452
15847838
2052756
8339232
8987244
10843962
3738804
16229282
7989712
9221860
3668706
15737615
3603707
13738995
2768517
16095131
11138572
1896986
11786010
4415192
3010347
7544071
15398160
4716901
9847764
12921823
4163721
15762801
4004771
13735934
12521170
5939127
9441597
12723338
1132078
2827590
12279784
13975349
12956725
11046444
13917067
9296256
5510692
6233208
3473830
1333055
8718910
15249961
14072278
14785003
9630258
10981441
9332202
7954942
10332749
3687463
6067915
15033662
15122239
15595805
7569310
6624209
7754510
12497029
2495099
12108640
5852204
6643397
3667733
15800015
1243758
14888104
9509019
1329638
13861328
16549009
3450098
11892463
4576961
13762660
12962589
6753592
1934456
15909478
10072861
1883074
8503856
9196467
12378061
3988083
13970286
11903751
6820871
9967939
9528816
1011208
471660
11519937
5755448
4014973
4994225
12178656
6789854
3471806
1207467
4826899
3202539
4734870
11843042
14631467
3855890
8209311
2058076
4997827
7506066
11923364
10480870
3515584
4011401
2512867
5418359
1035234
9533009
8007721
10775768
6286169
6412133
4144365
7127654
9040165
796686
11917270
13566608
3621792
4588825
15274703
15668977
8310378
2835422
13034071
3463130
15970236
15228860
6954920
6662579
9405240
2524089
762880
3151600
2725111
11460095
1599062
1759252
15735945
1463117
932168
13219913
5381736
15908113
5861308
2753188
10814495
6116362
4453140
1931587
7251948
1884433
5303303
7399715
12625131
9705532
12578349
16488010
12421138
1895887
881705
16495142
16047826
3236717
12580213
6380171
15737548
12529282
2861765
3269513
12987681
7710498
12759788
8920654
1306389
5805059
10959434
10870003
3111039
1504109
15611633
10746735
11826818
12099296
4597586
14941827
2308245
5780075
1315029
7441229
9232384
16180430
1040148
11661367
1096852
5705086
2119235
3131812
7407865
4640159
9910894
12272452
13615470
7261933
11523052
9157465
5145756
15607764
9467786
3314272
7684962
9111413
7684411
13386632
6620007
5870591
8334665
5333198
7702071
6410830
8549094
3853002
16311472
5142365
874990
6518607
9412440
5920015
1543147
7884768
7788109
3634411
9750888
4888029
11835971
14756226
1310552
1348019
14363845
10683153
2178303
11389495
15743374
6474228
8247779
8522209
4459048
15344819
8104465
2692677
3568415
9292019
16314264
11601409
14462040
9004435
1453029
13394433
6490418
9596961
10131929
3472909
8766650
2501208
1243203
6974984
9216021
4244596
13614758
13335773
10453450
3977461
9176060
13056022
6546265
11878172
5369507
12067588
6734208
5590528
749319
817275
12462891
7613432
7403615
12667956
15108971
4690343
6616952
5558436
7340750
12977347
3571146
9265075
8414522
16115221
2708187
10068026
2858393
3196203
9440946
11175743
9149491
2290099
14160764
4331315
14615839
7789535
12753713
16069093
12427740
16513477
2870940
11827348
10344131
13528225
10285735
5061442
2216658
14210810
8774426
14918968
2483734
6336331
1820354
4327606
14030779
4137033
4379134
10541291
14637731
12369238
2027402
6113003
10304503
8751213
1369952
5737154
2415374
641323
14900955
3769466
5359219
2750008
15580855
13146838
10703791
4290504
15841527
4313652
5756986
8059432
3592182
6686986
5992798
2458018
11772359
3008499
15427790
14374972
2079263
14038756
7251502
4654495
15078524
11521219
890643
15953971
5431626
16521607
15350385
13789906
1430337
5164513
6748286
3186662
6228760
7433568
2731395
13070286
6907935
5121920
8272646
10549530
3520159
7543030
5529762
5495266
14230904
16378595
15077269
13931248
11302120
4805685
2756825
4696712
12436833
16456400
16361283
3213218
8885959
6074241
1484802
3326209
7974689
8965635
13158438
6594162
8664888
4514267
2662442
6723005
2744944
14676559
8931150
12971138
15032917
6532336
2656290
2045677
9513836
8146616
15160104
9911068
5320397
15088751
7913083
4328063
7173123
12234404
15498774
8296073
15684815
15728198
13075692
13907540
4238410
3482218
10787005
7532842
3254276
12628357
10073760
15646736
13487147
4138354
1305475
10875699
11152152
10083561
10211581
11931329
1106031
13501248
9265463
4966438
3201278
5654466
6488943
3759848
1649370
11980427
15986039
3333009
13245560
2117530
13498468
15711433
9518397
3415605
9939820
10405519
13356085
12718625
3044951
6169298
5892927
2038274
7718962
907872
1816343
16006698
11564695
3990360
3512030
12814800
15061221
15646952
10033580
6767097
16053879
9330741
9008128
11982804
6333016
4819883
7339002
11872001
16042854
9217868
11946794
6393242
11785739
10229859
11024613
12771085
6694300
9678358
10723282
6994617
12225721
8159721
7213249
8150038
7400637
11774045
16196026
5471508
3269242
10333058
8378504
12247678
5729954
10554126
1650614
3316543
4984161
10647593
9783568
12384080
760927
8848326
4333958
1866795
16493640
15466597
5993036
1300756
9055490
4815023
2591939
15419990
11989041
5365636
4011468
6323206
5594737
2720684
10478935
13443337
14850228
11354494
10415210
16561644
6466207
9419326
5410391
9813603
5662627
9100743
10030318
16483399
1971119
7624041
4330921
12809616
5414577
16217062
10581470
7793071
6774891
4534517
15768103
15451666
13958522
4455788
12676563
673183
3553303
12458716
9623481
14392472
12639053
5699433
4452313
8671751
907663
14419586
8332916
15502389
1556944
13069249
7342298
14461607
2485922
14258413
8728889
10503966
557839
11115217
16161921
11788672
5943555
2160429
2932396
15492840
10293436
11381559
6097380
12434927
4152720
15361771
11971295
14156418
5891277
1727596
10543322
2995989
4054986
8838717
12273493
4964250
8708531
3642047
5623961
15399132
3001402
1783640
935372
15271605
14827430
5778811
14914632
10883523
1791039
15767641
15001950
7152201
3807013
5730105
13330369
4169946
3819801
14834215
1030798
16391909
3398462
1684687
15831911
1722461
9353508
14218259
14142290
3947896
11947134
5178476
988355
12231467
6733908
8427254
10346835
10734631
1942114
8213548
14132589
6629765
7048798
12598678
9774035
8826237
5761301
12255015
8373178
15022137
4586258
3179132
15729170
15396673
15732209
10833740
4822474
14639705
12241672
5095127
11040112
2635679
9158730
15484684
7072533
4643787
5165148
4230484
12338462
13325920
12786912
10923598
14902993
5556188
6044163
14692723
13706113
10304470
8715505
11941381
13523401
4547149
8312740
12771775
15694519
9885012
12682111
10909927
4910871
6217329
12491884
4974023
8906272
4252958
6862295
11200601
6964542
8647601
11561869
412113
6825968
5286309
3478354
3391036
10363097
9256724
15181631
13863651
5913860
6018178
10455087
13197577
6887225
15653291
16112060
7353795
7964622
2672786
14775564
8891268
13525471
10613454
8955488
2562707
10095936
7638922
4007476
7579948
10788630
11829590
13819266
14064005
3613444
5668349
4166568
15434023
6859508
7039581
9565107
8164994
6377750
13836893
13780269
1969538
6887285
7146261
11458989
11916500
13744348
1094417
1298724
4565879
3190463
10933173
7849325
5607265
9367654
10018372
536516
5892926
3379427
8084098
9594565
4005067
13140236
5819327
8749751
8789462
4134148
11027565
3065364
13789623
1809840
1870022
13682415
14580967
14187678
3416852
10964726
16335610
4724091
14116237
14246878
12516789
15698313
2766222
8348834
7185065
16181403
14543350
3276353
4411385
7762872
13359753
522426
655048
599154
3389542
10541311
4438308
5301667
3507843
13410384
15466615
14678148
2668685
10092266
7162293
13147667
15097710
5684594
3964625
12717276
10412314
4133823
13356360
9402555
11871398
5224392
7257896
2673640
7902532
9873659
3456708
4660430
6225755
6116182
14370952
15061308
5095534
1895728
646080
15144560
9453083
5836423
5114282
13494303
8325148
3154454
12503891
3015963
12786528
11240858
2664308
11907226
6155075
16524779
3415245
13985268
4540375
6244764
7670872
11254965
11896764
16558678
1117558
12521973
15468553
13632385
4034702
7468174
4832994
5886862
422908
9601204
10541379
12595696
708833
5531327
1007804
9843959
7088735
5351748
10850841
9705742
7062708
7631372
3558469
2478425
506327
3352646
3514419
13677598
8237736
7298106
14639874
7945141
655782
9055492
2795433
9055090
12555001
7046341
11281104
15428386
12837440
9425663
7625797
16537214
5159970
11874327
12498840
9737117
1428488
1700178
804000
9785530
13857191
2358872
10898723
7015306
10430398
4026310
15706300
4693430
3654535
10133638
13223580
8361813
16215310
6816367
6056547
15393972
14918615
15617485
8316198
2397582
12497698
1640425
8388494
7495908
4660146
4307174
10089695
1460087
16109986
9428048
3970667
12546859
3652220
4075837
912174
11775553
5563538
12427383
2819216
6838493
8236628
9074777
9793493
8982388
4482216
7637639
1330907
10658889
2627629
4921260
12888847
10427055
15368322
3508221
3086726
5913761
582267
16018269
3698746
5048772
5007754
8268538
10349494
10320849
14063198
2140621
1372726
4508748
3823766
16266807
1906367
13789113
14733044
6557338
13517634
6277072
8924356
8113423
4445661
10044047
4003634
4988299
11595849
11418067
2668306
14478436
3585468
2254433
14957073
9936335
1055344
1641241
705849
4582629
13290522
3891269
3649492
6151649
11138957
13154454
11525249
8243766
8786684
6009169
15069705
9460715
12337611
1673120
12786504
6893179
467274
13963567
6228609
420178
16122205
4787351
2893151
12138781
6095622
1786368
9652451
16144276
9583971
5685207
14013519
12430602
11011898
7049893
615950
11317516
9981201
12190397
12051503
7678695
11912651
15456293
9501280
987075
2983384
8909856
9147783
5804280
8982818
13198248
9615092
14143898
15270711
11641670
5028542
11271425
16292336
5142869
9982771
7268831
7327212
9577072
497094
4898095
12392133
16450404
2140067
2886168
7194596
14227736
7710692
14368535
435796
13043171
2840851
14253713
9065620
14761509
8866354
4876760
12618289
10547332
7133811
2123526
3294303
10827632
11671914
14932631
10684978
15703231
6971977
3855410
10277966
1798519
3437598
14829442
15996356
10796064
6657250
5487241
4066881
9985347
5571562
13702551
5843818
15579013
7507902
6397707
1663130
4423010
6334902
9173648
8219654
9137276
5970523
1072099
1094981
5656564
4477957
3752577
15006814
4472840
13939516
3477842
8959804
2872828
13202584
1635302
10301644
6488367
13929728
5541372
3725492
4274967
15287419
2328105
7525021
5621452
548721
9027932
8566274
4329102
630219
12213714
9858210
7259180
10030111
16158885
855503
8943787
7496870
374932
4956461
12064470
10020305
12280970
7381238
2589058
2213341
14131337
5435946
1103630
10786931
10069894
5918691
15664483
8463527
12469642
10782060
7671846
10265512
6120553
721652
7341119
14381454
9309081
14307923
14378531
4939551
15244584
14184441
16105200
14918457
16095193
12708073
12741285
14144812
10996414
9534708
12156944
11165650
7675786
4276549
9775491
12364621
16382950
7450930
10130269
6822797
6451442
1366262
6576197
10127058
13701701
4936561
7023746
10665951
9728177
13594006
3628585
4609417
5914294
6685150
5442790
1337025
8155967
4120100
15002212
3666415
1215416
9242846
706633
3713071
15256843
5388530
3341927
9405467
7915506
10206303
14208849
11664986
8501069
6852889
1004521
8393260
15109510
3982424
12355415
11454757
9587483
11753301
1568431
10292357
2842786
11653501
15717977
6254260
15414836
3269037
9430298
3981260
8242650
5614493
13949310
8024561
11543241
3600668
11228997
5568294
10963873
9157835
6109999
9560769
9936910
10957338
2884350
1693843
8890302
8071716
1881895
2624712
13948264
11019793
15173244
7753605
1209970
9939783
8523149
6746954
4865370
13222928
11150187
4970412
9023075
4903583
2385330
1682441
9126767
2075537
1053811
14119192
5196397
1644633
6613034
5550454
1664625
5463140
11573850
2129391
16492079
9146235
3971679
7780639
9784581
14382917
434639
7179660
15961130
4424357
1724585
8604351
9249383
1876897
3569678
3800223
13000585
8877215
15825158
2237796
3439566
3794526
4685660
306899
5369803
15229158
12141551
14955123
1766038
3505257
9532585
13601307
3790372
2693376
7562757
12586976
2080833
1792867
8776199
4797351
14635021
12318925
15989958
6060226
12677667
1243263
4884397
2554397
2049220
4168450
8149770
10295571
14668116
7124942
6337748
3531861
2233602
5933626
10675413
935427
5841369
6131164
8669492
9354514
4498508
6143421
10052163
5037978
1379055
8519272
3219179
14709888
5073550
5303148
4065420
11023968
8851935
5795226
5107164
12352903
15537850
16444734
16457564
6839330
14609583
15390845
5548639
15808477
16310917
1188938
14114280
1872147
15767141
3312176
4158669
10540311
9131792
12454336
1269456
7645671
11143757
3561451
6328391
4685120
7749262
11382000
12287769
11994015
12127216
12161383
4798862
6736439
2315044
12044519
15416201
7392649
12357505
6730654
16319991
4161499
5152313
16456439
5304811
1987382
594540
8167066
4324043
9065621
1965368
14360752
7369723
8710720
4111732
11718514
1562872
12824907
4670764
11474191
11794440
8501674
14968332
5536921
15026424
675846
7744986
6317587
4158938
1194181
6310771
3865014
2187215
3090074
5922302
11725786
12096225
10487230
5257434
9113651
388172
11303164
11785660
13799418
3227268
5685332
9389801
3653509
2898222
2824585
3305253
3011354
5374274
8846004
6924230
6251696
4325685
1162577
5829027
1785882
16201621
5835725
1389252
6398887
2942036
11173933
1886817
14927457
2821081
3695382
5571274
4813360
15608407
3960012
10829895
12727405
10974704
10010676
6520689
7242704
1245109
2954080
15747048
12065114
4397071
1529206
14619643
10106429
11158437
4738275
5812700
1622321
10118941
10900532
2450997
13543921
11545869
6214330
9588856
11593799
14398218
8293261
2266191
15448470
6288361
10170012
10715845
8768679
3759811
4783319
14024771
16422034
3282701
14389206
4643237
12782420
9256296
15221184
8120786
7682827
3737231
3476885
8641133
1496281
10601907
4167920
4241197
1298485
3489260
6854139
8690836
1027233
6003996
14157173
12034560
6599982
10307717
2736107
8990271
12328296
654482
3245092
5160395
10137234
1240537
3229569
1899188
1150326
7031614
9251413
9489941
10995457
9493654
3610971
13718012
1256909
3825361
12568870
8709807
4824075
3627661
2746853
13639856
9058889
5656142
1730683
16347781
8084197
11152479
9386722
9089560
10520382
8685504
15633369
4287941
10730738
467716
9617085
1345203
9858770
4955004
13300785
14827911
9673704
6327846
11524703
13687451
14012416
16299597
15504093
12049482
13489172
13451579
12982370
1533951
10839961
9101171
4037681
16573948
7994029
1199891
10033261
12594567
5336429
4860899
2630000
640848
6248361
11774695
7674197
5062843
1836935
1686871
11344556
2840894
7439618
1046140
7708750
10817308
10922505
1992467
11291284
11725262
3414093
2981310
5859661
6726973
1842031
16191854
5502000
5455376
6867743
9672087
4834073
9539030
4700446
8305344
15202389
14717534
7707007
4165921
10070203
8154503
4993557
14913542
2701466
12770520
13253964
1306155
15125813
14343020
8971956
10897103
6885247
16251205
7364449
8355577
13836873
3747214
13524763
15871816
4956569
4127733
7190340
15801902
737469
2405845
3530612
4647501
942912
14281860
2354687
16118058
1616481
7456166
3121879
13440445
10067716
1802428
12096659
2134272
804282
14791002
15342366
16168360
4523745
1238973
12024896
15209287
13236967
1182325
15688247
6049706
8926444
16537694
8410138
5836312
5375024
7130729
7256077
12134159
414567
9349720
5969446
10434253
4252154
13882462
3821893
7755170
14557162
7162539
14858095
16122295
5878852
12271645
5733349
1611277
796584
3581501
15705768
8712296
4027445
4444173
6604677
2956437
14306319
12963451
2675262
11274181
10401834
11187101
7255279
12020838
7210112
15644632
16090684
3160868
8990185
8496986
5577781
4718468
15380630
10736060
7010612
13431974
15554609
9223319
1908870
5830010
4766952
10457847
2367048
8729911
700370
11601760
9833879
6405834
3552073
9922854
3533518
7874792
14270437
16471752
4933259
12504313
8000200
5347434
10229232
14119150
8970406
8903545
6292009
2345791
16449087
7236833
4114520
2287132
11786460
3504411
8283402
6154207
4844674
9135096
5753205
4207191
12165767
14838010
12263842
13673671
9997311
15086547
6195512
6032612
9993425
12977984
9358659
7825875
8194345
14530895
8436233
9807886
673616
11527623
8152220
16161724
10228051
10459387
3204241
1108922
15987645
8004327
1266064
986226
5784437
7576856
7050190
4954956
8725206
14820781
6222599
10689197
10488912
3458317
11734370
3366952
6738113
10516237
4760089
1245871
12719327
13347041
3542709
9845717
6598618
11574956
1632673
10941092
10080097
11015958
6004661
9294541
4975112
4646987
3397593
3321103
6290585
5643974
2419297
13102820
13853244
10960153
2880059
16063000
9251606
15605123
12498420
13154854
9524564
13171225
2583907
3998815
14329435
5412890
13907130
8410750
13217589
15285637
10326564
5659314
12963465
5024348
7680503
14272926
10170284
11425844
8329377
893095
3899893
9573029
4078378
723511
11047945
16347575
9684317
4421155
13010779
4085845
15544966
1789320
7221260
8052947
1548995
3197397
14192635
12369849
14929120
3228232
15464045
5008224
15206464
14798204
13028145
10304799
7504830
10468267
14697261
8578267
9925771
13511873
3464065
7291526
8858585
5164056
11009304
12374373
10775873
5301197
14651704
8026188
8831993
13195238
9061332
1408803
16040052
6326072
1283259
7229645
13494841
16046981
11856559
9107020
10165592
14893212
6976476
7134148
6643077
9243282
2706648
13814631
6411515
5884865
15661169
6724748
3425794
5078801
15972707
1735166
4383699
2847346
1530484
13071814
10876489
12627471
1338507
2113823
8297203
10752527
6678012
6576629
10429698
3607731
5104441
6292495
14800831
4590427
14258632
6021114
6547406
8190401
12073731
4720308
14303156
3346338
3836638
9404320
14172434
6990030
14332520
10337379
7586632
3063130
3527146
16306832
4740221
7098462
8158781
1221189
1855144
7749752
3361401
3104081
1147839
2112344
1938050
6284680
10973565
5032963
13312515
15288197
16488343
3760211
7250137
5889435
14292263
11200744
10358008
6950712
16324843
14237191
6103930
13976712
3360303
14784410
7097202
3343579
13248823
9519002
1815575
3029561
7975857
10359898
10978974
11329465
1065266
4803657
12105285
6594909
4367221
3785837
12683075
1021788
8712231
5075497
15247056
3625011
10571296
9365996
12400418
3809925
8186377
14823271
16120478
15934500
3284312
10638027
4194472
10580617
7267341
2934883
5863792
6641956
15901982
12873062
4536433
9903798
10190038
853432
15099889
9204922
1326434
1350065
12827222
4190228
4014675
9557739
15278886
14636414
15194194
10023709
9877064
13560831
3297076
16089198
1794646
8792647
8741689
12142105
16384489
11317046
10691924
12838948
10892686
4381623
15828513
4066552
10382140
6013474
12928532
14560667
8909357
10365822
3595305
5124811
964464
2444971
4343635
9668515
5766763
7702293
5112050
10640584
4695560
9189523
1079106
8407560
14072257
13658809
13078478
15256111
2006604
4489980
10635593
4031235
14044788
14206463
2251856
6298230
3868463
6634521
11020307
7306477
13890791
16380140
9474551
1276351
619667
4218358
6476489
15586088
16400836
15886264
12899144
9223490
1788816
14349451
6790904
4127346
6211085
15701299
8083871
2840014
4924841
7205683
4031470
504721
4271182
2784191
1135213
11444464
9987102
6921191
9682804
8034125
8410946
1283085
1124902
5508153
6038253
6016843
12128863
2707364
726344
14722679
3966304
14796703
8465346
3720461
1412403
14446606
12290535
5199608
13664826
13059998
15575355
1136639
9498524
11722544
2058177
3771058
13178369
3772306
10610366
15041843
11050724
3650380
2164621
10595603
776189
11409659
6353990
12775870
13399105
12080149
12289721
1439108
14561978
2188465
9138690
9128008
11921062
11870010
7116302
10543795
15115426
1666002
6850055
8919500
8634270
1079247
10129493
14436907
12873989
3312075
12128122
8937481
556154
15670158
10243581
2869384
13046801
9553214
1482131
3594312
4147924
16360721
9186888
8157289
9527468
7148391
2047860
3370968
15236120
11504165
12309721
7286639
14345748
3425949
4975591
2390886
6276942
13712810
3504708
8543657
14762557
5690114
3554017
5113857
15167642
2391490
2812065
13921628
1674598
2200943
15449407
12640655
9062236
15751597
5831043
10497719
7152585
11123439
12566819
2570966
10930964
8363690
10070981
3354773
6533418
3799485
12296273
7866659
10354837
12213418
14321566
8708914
12887085
5507723
7508195
1833628
3198936
3519408
4182973
10258721
7275956
9924576
16048800
7945635
14058326
16015175
10771192
10991711
10649476
15086634
7548665
9036771
9691847
6771826
8751371
10830443
9360085
16405075
7072347
3898503
9080555
11235300
2469394
3220832
13191637
12740039
1878117
3842904
10710901
14900628
16156059
13875790
2015379
4296046
6850526
9193719
3556926
11174070
1632240
13156254
11587603
4282678
8259446
11172364
14137210
11935815
2696632
10534595
1527005
4942102
6984382
5622779
860730
16559521
6103898
10330231
5278182
14448991
12768247
9691339
2604838
7130731
8907288
14491608
12551096
6903779
324856
12315088
10089029
5183316
10308117
5650899
4012163
9809822
15900581
3189188
10215889
3332539
12183973
8157087
4440261
7142583
14657835
12968248
10419027
16568998
4865920
11785336
16183483
13022213
5685274
12904433
5980450
6391245
5060900
9174094
12585629
7455630
12383835
8064478
10740304
8960717
4417521
9628928
4246594
15352165
15085777
5023519
3628508
5155435
919340
13023469
2000449
1762789
4452466
5956397
12516641
6439390
4941382
4857025
13111689
6006325
8615171
15496258
10061611
9565486
12643634
13417279
4478917
15403886
13464161
15622235
9975500
13808293
1412425
14792472
14885880
10238620
16286660
2303796
3670332
13266234
8796564
2539892
2231184
11026007
15780572
7738711
7232421
6961668
10582710
9717227
13080177
4886881
12573313
13642452
9386181
7766282
1070938
1783016
6323187
12104322
7549276
9236149
15795364
12615256
11626780
16026694
15552034
9049254
1071856
11187977
8866059
11369473
2731072
8202579
6710778
13660343
15199997
9651162
8359687
12519224
580426
9353862
3281863
6847006
4609975
16106472
10393318
2973970
11043002
2989695
12337722
3847516
12405899
3886894
15083482
8209328
16582142
15735109
9847618
7192613
9229923
3658280
10091012
12722136
3322581
1405768
11932653
16144054
6326870
6289987
3100665
6537963
840499
13614928
15838357
6723340
2274741
3480859
16386607
5586704
1811078
5293549
12344751
13757713
12562954
3497076
15139269
11112315
6197930
4669273
14647493
14717140
690544
5462145
2500220
14364249
2761360
13272608
8908053
13468896
4519651
4866916
3716111
4384020
14150041
9219876
14303982
2938667
11459271
11288439
12782551
8314869
3034273
11399348
3619920
1927437
1951167
6692474
15110815
8100620
7610795
7727640
9217466
8619819
13078582
13200405
10687118
6039538
15311168
2048484
6092098
11648027
1905637
7134920
7395906
12532291
15243127
2523124
8105027
12573450
8836772
7882050
13590496
4840626
15515702
2200132
1839496
6837665
9272727
9342783
7583617
4701830
780952
9657061
10410640
7192829
10806561
14684222
2333693
14345679
7243630
13495415
9408868
13131708
15708918
15908746
13148252
15710986
6096623
5355927
12961171
630896
13928593
2558149
4583455
2402049
15910790
2250441
14853615
12893451
13147658
10448255
11248114
14899783
15985843
7427772
6187622
16052509
9780177
4305781
6187339
16292286
14838015
15843721
12681953
13490013
3401307
2861393
4735608
4956361
14892773
9832183
12123536
577492
6100886
12518332
14481697
11931904
10620803
7227248
15065313
5164040
3041976
9460551
13404679
11424898
2906255
14658762
12157672
2406193
15676963
7700954
12128021
551370
6170517
5724607
3864175
1702362
1876343
12599963
4101795
14009840
12472051
1144877
12642634
4652802
5834404
11606626
15639357
4267267
15456062
13434758
8226274
6877800
8935919
7057779
13677682
1389204
11653797
3122907
6913011
14662327
13223965
2112572
5151821
3208922
8004294
6929176
3085319
2460359
14531070
3900736
9986613
12510864
4061782
12292018
11537199
8714897
5636875
2300090
6282465
1015063
11590955
5116599
3165473
15419574
4561588
2898116
689051
11892718
16588203
9034359
1705303
11898663
8084539
15236032
11614880
13586713
7798715
9921316
12102030
12809378
1904936
11613992
15322650
5147016
8796774
12228990
3289774
11388140
9633275
7899377
4394266
14696859
15892774
2106963
9325277
9078205
3343413
5624467
7436982
16234352
10677110
8900724
10813444
12155078
13317569
6979735
14602876
13872857
1135157
7346480
515048
8870099
13993373
12675022
9949677
9202626
9217854
772393
10061970
15461669
3876610
13640108
9808931
5073367
6770386
8934496
10931644
10847069
9522173
4445867
3164722
3847521
1496975
15423516
7133729
5834110
7638565
1818023
7995365
10166552
1042320
7949469
16396465
4936342
10225023
6516572
4243945
1201918
13742355
3191530
4443258
12309473
8140103
11654644
9718931
9189012
16318407
13597362
6550570
5316046
1295047
2118462
8207195
13894825
7110140
5465277
5288237
14586739
3242527
4716669
12882684
3790161
8241983
9717095
13046237
12541858
3353056
11260012
4554125
3491925
4938815
6330791
11771655
14402141
9430054
1355461
11981927
3518112
12981187
7612151
10004857
14522821
2190750
12906283
10508341
1078481
11805745
9104471
12945923
5701853
11697099
7145096
9049006
12239954
7570305
12312612
9854793
8817092
16267140
9190595
8896071
5635953
698854
15400245
2253231
2597844
14344011
7784342
5414410
6057963
1592708
2539789
10492290
4411539
8271868
618799
9183238
14302342
9317851
8585584
7221623
10627436
4490217
15511507
14591655
5605460
15399549
7369352
11249255
3673759
9479883
15914317
8664984
4162634
16421013
9405926
15060361
9648627
10302654
4149644
1115428
6588818
4140423
1074450
4632675
5297062
15347353
2269802
13685145
10573045
15563567
11425212
9677780
5694531
7180349
14624193
3609049
5999608
10369599
6107736
7889856
995685
5837540
2118488
3605759
11669807
9144385
1560947
414473
13867325
13311238
12877263
15721086
7078475
5733869
2747049
8804703
12138685
7447680
10055231
16590554
14495524
3365208
7136554
7083892
8073561
15001270
10421745
5666014
16355101
3596379
7975845
14396045
9391018
14995862
9147366
7264762
1568277
2099637
8170266
7072873
5884975
12079337
7728432
3351803
7102740
8598188
9420330
14656189
942931
13499513
2368162
4030804
13100790
11325384
4480110
15857228
3956182
10589224
9808295
10817390
7018725
9333243
5657654
5186290
7893247
15885905
11199456
934980
6579926
1455594
9550059
14782854
16138325
9523628
11653820
1688105
13857711
5100870
3905848
3947342
1159810
5823973
11966716
3399088
2911875
5955808
6856847
2677538
4136539
7740679
5603685
11953116
4642017
12872611
3450453
6717932
5562696
1857631
12573217
14119078
10936731
13826747
2664411
1015438
14170805
3219961
10612482
9768623
8692151
11333457
10075775
8773297
2446903
10044027
3922912
3520507
10551578
2078968
11326863
15236505
11202379
3294102
7994334
6865396
6638234
3097196
8713900
4049952
6878155
13447010
2100364
9653412
11823772
5743568
10198892
2855839
7953018
10645609
3246448
4276551
4764195
12362276
438082
2831362
11381453
7511801
12452516
14304238
3619320
14228017
1217773
14382254
1259737
1005939
9444559
7517866
16285784
8048565
12100705
6264773
5024641
1396161
13315052
6575267
6549620
1782773
2681027
4181174
4594743
15796243
5497452
11437835
10422910
12199845
528769
14434268
1215781
8602466
8014051
6729449
15101636
9973145
4843854
15285822
4587826
1220318
5755374
4085515
7564627
13107877
3398270
6874256
9130773
10238223
13228394
9244870
14479091
5157459
14397999
11912509
5385325
13404639
8485426
14572414
10157925
13596944
5549481
13243469
11507756
8841299
4352588
6310033
9768702
15606774
5492726
1422952
11096954
16360205
8411300
5552613
14597540
16480536
6385593
16364683
784007
14098583
2896370
14196447
10862134
12969965
7485160
5279603
6886000
1844837
8135831
12431345
10475240
9186521
10289189
9728451
12042127
3976854
3693322
3656764
3911948
12875698
4948957
16263708
1368542
15702943
8655702
897095
14477358
5872076
7626307
2217391
1631663
2766320
2868919
5247969
12793713
6526045
2351645
10580685
10236176
15688542
13529356
1580981
10081536
2662321
15102020
8979383
7002627
12902393
4205440
11437898
15273060
3698995
13192239
2126423
6009149
8762534
12414408
12307324
14299580
15776344
5098674
14615014
3371737
8604644
3140867
6020332
4081957
9549400
7091892
13134218
6026936
9193101
9632465
12528341
15792769
12424233
15618388
4726674
12142147
6913214
6590124
8104235
13979771
11597697
16124792
8989907
16418906
3397442
4291702
9192813
15910320
4654309
5185021
7301717
16190679
16439711
5152805
15897584
5342149
11149952
5490288
501902
3651056
8124283
4719079
5831537
2329979
8062071
13016080
2329698
2070482
2632419
810765
9967450
7083971
4863145
6483040
11339737
16396037
4187540
1124710
15834314
14283108
9893006
15010249
11982728
5889492
15310131
7308141
13703999
12062580
9881081
6777323
714961
7242333
12029487
3266477
4086213
441992
10374324
6771913
15165931
5458602
1988888
13480845
5667729
13791726
12525227
6007412
12922374
3582119
8151424
7539715
10715169
14252232
11981377
7692829
3441124
9336912
6849263
5170330
700420
14187780
15595128
2577313
6038529
14054822
13363145
774298
832040
9158725
1035657
4908477
13501452
4411991
10744689
7468848
6845791
11259347
11771845
8127029
7374545
16093559
2492743
3508411
8568608
1211760
4348483
10844520
14567373
3820758
2463765
2070572
9745796
8904562
5798268
11864135
13936744
15978853
15241249
2520453
14343291
15932812
11487504
4180252
5213798
4486693
13563824
9301020
7450752
15044332
5508893
13235305
764810
2886286
16586447
1923655
942334
9514745
13865590
7862800
14124426
612961
14899944
6223893
912297
16538362
15486607
411249
6192109
9177183
9734859
1201310
2734369
11748450
1609639
3545771
1728796
12040301
11467484
2304648
5878835
1822439
11802597
11958309
5430821
14808046
8214359
3117523
6305380
15640712
4569748
13299715
12818992
12083396
4264765
6880473
2258970
11025930
3649286
4686440
5894513
648977
2357897
6751768
3573665
6199942
12077665
3454890
7299738
2391152
4764190
14897248
8678717
11592224
15928706
7512872
13400484
15236377
9327547
8906375
5248237
11296543
8071699
5245470
8999598
5558996
4159281
3627521
2347180
6213593
11585985
6048182
6431006
6849294
10767793
14586040
1467703
12357003
10935821
1742435
11031053
8297334
9525591
5437967
6649801
12253060
3837888
9693655
4038495
8666719
5854696
9327686
3262497
15509805
12410504
9031804
7045847
2172792
15521381
10254812
8329591
597519
4130411
16530038
11190377
10469451
8290684
726033
16544099
15277977
10833492
9790647
10198398
14089492
16327937
12315987
15715110
13226625
13264795
13895045
13265331
8957305
4319057
13716050
9024854
10152448
11100064
9789409
6348619
10483547
5240638
4054361
14531905
843058
8191340
16469140
10710263
7505061
2317267
3722448
14765930
7219220
14594463
8558041
16152987
12330936
14977848
4282127
1946605
11445095
3023765
3295414
7530980
14098297
15282501
4466707
5913180
15610771
1555709
12606954
14935301
10184183
9580157
6109273
16079135
5782085
12054099
3634696
14619432
1772300
16082760
3499179
11410627
8829916
3904974
13118024
9310416
10241905
2971660
4610489
13552797
10395313
7441305
13109411
4873310
11663283
3280320
409822
16332260
10364767
4836201
10323754
637335
3190400
9542093
6297882
8971358
16190889
8882617
14518473
13787448
14264776
11099699
10642463
1214887
16345606
8707786
2441504
8440438
9357544
5196020
2057485
9340725
3141555
3507588
621803
10032775
13073389
11060938
3616728
6084285
8707365
3556126
14653526
15340776
6042394
4793193
2529543
15022731
5656821
10603478
6719033
7360688
16478389
6693621
7001794
5222353
7131353
379572
1264665
15224731
1568749
9087854
5806872
16433765
9226813
16117678
14979894
5194569
12639307
2518538
7271067
8604980
15771959
7956617
4125090
10517974
16563937
6012729
762572
3875899
9396659
2680613
10657681
2116077
4982404
12779591
10933506
4371004
14580863
2159838
10167247
1283765
9616270
1693971
5728649
9281143
10564623
14142350
988576
8994514
5030825
12731923
3749140
3373211
9964448
4467977
6641340
510563
13946895
9139259
7474228
9650727
14858968
5043644
10501572
13248897
1296404
15139122
3902646
13522854
3925036
4728128
1995379
4137119
6729271
10472910
5391774
6192657
14224699
9407493
5702492
1227237
12312222
7248586
13519883
11283882
9672073
2053765
7229868
6725585
7995815
7978150
16314908
7322789
8719904
6453943
9783910
14546229
14228321
8176273
15857758
7012511
13617043
6803720
13293570
16303714
7732274
9603806
7247046
6052336
9042690
10697007
3690866
6302836
13648057
6900729
3007146
13411123
3242479
16233252
2250569
7702594
8992124
9914566
10953363
1488382
7489664
3934294
9993880
4766396
4318140
11235218
5325492
6542037
2076302
5133858
9369681
12207772
3869386
1721714
6990743
3818472
5558149
9758935
4777618
10553213
12953174
3487694
4892550
1340846
7856856
3388377
5258159
1952581
8498641
8060528
1318361
7170932
12112240
12494499
16049525
6852817
6327556
4089315
10728841
11624323
3330546
8003152
6566385
3983114
5210128
13517028
12873202
6455079
2320646
3949166
2356007
12144545
1450640
10042378
14846008
6734704
12158116
778065
648790
7218219
10778281
3712699
7884693
12369972
10833988
8807457
3256217
13159379
8393429
10818440
13823199
7439047
9301077
8233270
1085891
15175548
11588214
14927145
12223472
1293068
4420760
586055
7198521
4219392
4899259
8958734
3639395
6260223
10386911
1466824
1083326
15146238
11638813
9449536
713591
10175000
12371726
6238234
11528462
3952127
11667077
11029288
5826103
1069010
7888009
1022385
16477278
4013057
10763378
16065009
3780338
14295876
11891560
16594779
7797759
2399345
6662315
10972209
4064771
3765911
6279060
4375511
14977965
6243951
14391112
3505766
1016941
9996516
11256344
11178779
5990065
5720855
3935593
2867396
14220708
12793999
16572714
3682170
13740703
5165667
5234977
13520006
6911346
12973597
9547788
15090031
1666446
10213702
15631744
8380878
3215783
6925538
12822648
10947525
4947759
8329160
12003085
4915586
10947544
6525579
11349103
4148995
15212771
14698931
10806183
5326876
3739803
6389912
1323239
14163406
14335782
12285027
9178736
6139746
1955865
4436082
12751725
6706367
9338380
968653
12539491
9110343
3895925
8417394
9896476
8377030
12499294
14544894
14845965
7286502
15235204
8513559
10073398
5860547
2303623
13839314
16088679
1075763
4765952
7956356
7463460
15031022
2741907
615417
5345185
13404983
14727265
11888315
445177
13731330
4149377
13770101
5190634
13331034
4337945
1540059
13916800
2874299
3548928
8043524
9086970
15768211
2518696
9451193
13202661
2822749
9319479
15171082
7306298
5004454
5337382
11035328
10046621
2659023
13725085
16438083
6172745
5559188
12071548
11125004
11384346
11495627
11990220
9880101
9807756
5440521
14402703
7500093
11413566
7238196
7919158
7011859
856423
7045232
4448339
6460203
9948553
13082113
433509
1547476
13603403
1638538
14804293
661676
5118228
3166816
2763895
2400683
7746192
4489747
6284122
15996782
4128520
9413931
2121036
1786883
9529315
8823695
4572540
13745307
13497601
4019151
14926122
791841
11423814
2216087
8152720
15524391
12335180
14194136
8774668
8979757
1666524
316922
9304650
1343360
3899042
9012978
4445041
1103749
14573776
6436512
4700256
13881537
11512183
9882845
15983731
16375853
1830629
13024100
11943059
3881988
8539595
1782143
9319731
13613309
8240251
9359459
14493230
3885752
8012884
16080545
11663415
1943665
8770017
3280478
14402247
13408089
12500931
8199819
4425040
8276927
7297479
5081643
8980611
2116684
7091482
8448102
552912
2811525
5291792
14384897
13693294
1434698
7093298
10540168
6961812
8638158
8773303
9193008
6526967
8175246
8838542
12263475
14947508
8083857
9476336
6706881
13210448
14586676
4435389
6782989
1497411
16142588
1702586
10670966
3294620
12058852
11987822
16399917
14641777
11611239
5869333
14311978
11435755
1301046
4913926
13623605
13328690
7222339
1943610
2528733
11104765
7361201
4746926
12313518
3695900
1308864
12536653
5985904
5448060
5778527
12810759
1072621
14552681
12320473
10761584
7446114
4227726
9775075
3761891
6881019
1522915
401832
10878931
11769114
2875180
14406834
12368715
4004232
2319356
504063
12574324
11904581
3134470
3386816
13039539
5904065
11333079
954968
16198779
16292318
7666678
16031567
5678136
10448441
11045576
13172438
7470093
13297333
11196137
6041111
1478864
13220445
886552
13552700
7272758
4429211
4109941
8668015
4588941
11481952
9542454
5756838
5232962
6362896
4260026
12019171
11692474
6020765
4457469
7406218
1601597
7049678
2698889
16302821
8733966
10818196
8306210
920319
9868786
5997204
10739928
8903800
7790089
14216888
8675232
15856804
6244691
3258060
11877390
9162953
6579326
14775196
4534635
15477381
6473558
12458683
6187914
13489117
3467211
3733653
5086147
2811097
8511130
1699972
8816306
11436944
5730661
12306633
6923544
1101070
14187929
15521099
6625163
13601448
15649023
15910129
4459085
6415738
6191324
6780733
2754301
9132611
5100276
15003185
5512589
14337737
14696101
10763351
3690772
710546
14210556
12260597
1817467
6425815
4305832
9617275
1292957
9878368
12622743
4455360
4594277
9921389
15543134
12775709
7905567
3120471
11479584
12812522
12571126
11464612
2424511
2541524
3620675
9190430
14636892
8198618
1148485
8646783
8799047
1730280
1208161
10615680
11188925
3275386
12936753
14965764
3517341
15145190
7693543
9871836
9975258
13890294
10982726
10359606
14579591
2430419
10389476
7077588
14002785
6462194
10236763
5466923
2416929
16159838
9302018
9927951
10979215
3358368
8550450
11722269
14580220
9361257
12880112
4417262
13299667
12954525
12226888
2816847
14035569
10782170
6418373
9917987
6033900
11147420
4876713
16161606
976440
10060392
13347646
8760288
1947816
3898559
4770984
13497947
11745039
11224989
8529989
8170732
3065243
1029581
13464077
14671337
13519792
10549025
7145957
16517107
4119934
7816783
13675951
11761564
16392375
5834361
1932282
7158202
10896398
4471842
10513401
6805871
10827118
3235470
10770761
2793908
790750
9124565
6301847
13323011
3684616
4004602
485504
11234024
5593632
10100039
13873449
4835943
729003
6735839
12985648
7163315
1658970
3277902
10039875
15711994
1444708
10975487
15607419
6912619
16437457
10697111
15600055
16586707
3658127
2300759
1741921
14073080
13548454
11464883
14181966
12188983
9647024
13828052
10811498
4454380
810009
11213295
6126018
8128072
5185764
7459263
13716030
6784966
12333858
4516895
13702041
7184509
11003906
7002482
8020785
12536936
15625546
4633808
9768053
1096700
7520106
11251149
3549723
9681147
12018815
10376352
13952112
9740041
13000621
10770524
15025244
16171775
8594237
7351775
6416355
10248623
15089566
12272631
5182266
1284003
8544659
8085026
11146634
2291801
8014534
9119788
538783
10155925
3314012
7457084
6045044
1602254
13401159
3777342
5942076
10858691
10626014
15010393
7072220
7615686
2086279
5265691
4081266
14710686
2266327
14628826
4844332
2015910
9422114
12883760
8767476
16363172
5046580
13262075
7562598
509533
2040576
6498654
14976345
3899255
8244155
16309208
3613479
1846987
10230054
361855
6805960
4390880
16531414
13368859
11337611
3147198
12291112
5665936
10755377
8906986
15709944
3190918
9598055
6878764
8620152
4357068
11979675
7282428
9320054
1881908
15725539
11223061
3602224
7951786
16054822
12452240
6694151
2557953
3288743
15874187
14615431
4651234
8001979
15682713
12303287
12716237
11847339
14956640
3480903
818925
15354661
16567155
14396153
2678486
8557215
10978115
8583783
11809844
1042415
2336382
15567423
16534451
12554830
13299053
5237910
7181349
13486443
16216227
13284760
7205926
10700596
13234306
10681236
6620678
8940303
7977492
3760737
559543
11002383
10251928
12529981
1440137
11845936
6323627
7312845
12038367
1014367
12927323
12909605
2784155
13770188
14765697
13940339
15421149
9218793
8246661
3588919
13412128
1812808
2805842
4607385
10102874
11644147
5275119
6128895
6231588
13692437
15188642
5855284
11889028
13036227
6110668
15860914
3842227
13865360
10611724
4443791
10524221
7069460
1236548
10355109
11774518
12184404
8400115
8259653
4518768
8975648
12095362
11313121
12542470
4186132
6397560
9283181
10823603
535111
8926714
2528180
9430533
9632735
491721
11234272
12721788
7216481
14015119
8996426
901003
11831174
13211757
2459181
951260
13159978
13932564
11095461
14992202
9788306
6097914
925938
2148423
10002108
2508476
476705
9661068
7245761
1866906
9610865
8906936
11679596
2676884
3328061
15599386
12445086
6649815
10108092
2250614
16473102
8218665
11103632
15445890
10355850
13452306
14498651
12550452
1744237
10064755
10995124
6084757
7058312
15393752
4117812
15762598
8462016
8534100
4591351
2873588
12785154
543580
5663373
6089684
5042441
6767452
8659147
15232267
16141274
15062742
15015671
12508091
9934274
3147014
14528481
8087119
8916244
12590621
597466
15506896
5990089
2631270
2680634
5106851
2906036
3770712
3169702
10560325
11654320
6392481
8188060
11732087
10567398
11201520
4081361
10772707
14365349
15514854
12125603
9714610
3847171
9651896
12596413
9809748
12482858
11955694
15101043
9617898
5581940
16217935
9332187
1650537
6781095
14072064
7345197
6031730
13724612
13033309
5463795
4236669
5554401
4977181
2463373
1164543
3871787
13291806
11504912
1417251
16572716
10191679
5013983
11650417
3382211
7302788
15891576
6470594
4374375
5820222
9758429
14442715
9898516
5736316
13341406
9356292
10247415
10388231
5095803
8813098
3427637
11850928
12310785
13951508
8978865
11371213
12689665
14010588
3555748
7708709
12678842
4621266
8437217
12317139
12222430
10132335
4184696
12787835
13232416
899032
1235225
8027878
8039347
13465921
15014154
16241708
12539538
16423838
13756465
15332345
7580994
3658837
12282387
4704796
6901285
6360917
4235624
1482190
15067944
15940361
4424866
13114957
12731894
6876907
9288013
5943856
691340
12112629
13298742
6124769
16505445
8910111
13144675
876259
3148307
12479432
10857038
1957628
4487396
10111900
7468981
2816116
13807022
14667210
6304892
2228146
1082148
722190
9753772
1710350
13194634
7798622
15751387
11327143
1691086
5541459
5162152
7454595
874313
4468474
11752462
7599962
8610669
7652766
10142402
6473008
14243045
1370736
10354059
1909600
3496885
10049955
15708732
11502373
7448230
16193010
3826982
11034380
8593414
4185142
1696701
3818652
16254926
11048716
16308788
11290531
3466842
8439759
6020287
15349107
2381065
9785365
6665647
13367564
4661782
3367513
5120723
5244119
7996323
807177
11355463
4222641
14821620
10924600
8576360
3348283
6029994
14885294
7490534
1903388
5665124
7600859
12654995
1027950
11172373
11065850
10620897
5176036
11201534
12868928
1482128
2648971
5353589
6652142
1716270
588785
3991716
13644393
15518156
3293899
10548115
9073694
5107948
14923193
5883609
6419009
1871829
15756640
7690674
6212796
3010673
13796595
3638778
9139017
15018860
8864313
5409656
10335360
14167710
15891337
13459880
7497280
13401890
16458588
6517165
1807483
3189856
3034841
5057282
992796
9672491
1397539
15227590
1813565
13493938
6639613
10240956
16529474
12421137
14339934
