#Seed 1374881042
#index showed the (transformed) postion of the SNP
#SNP index
1451958
15660494
15491100
6934752
12200397
923710
11160362
12859537
9653772
13505490
2399297
12231211
1105036
13058192
4480009
8106878
9908862
11557899
11114690
13023126
15081912
13793400
10832808
6195375
6929784
11271549
6563148
7406739
7124027
8792468
6234481
5213628
14349482
14428140
5991337
13334007
6583993
1233767
13533809
752594
14512252
5428131
4816506
663139
12936539
6823842
14520807
6096088
12398370
14351398
14475115
5265129
12794497
15596637
7787102
13444248
13854045
8447475
10324254
2125919
12749669
3772583
1589646
2119999
12344267
9135018
1278683
451681
7641723
5425725
7961822
11810953
11765759
8672930
13906142
2538757
12667501
9168585
5530441
10757864
9679851
15636705
15366776
13066526
5120790
1676586
4976779
15200189
5301806
3491220
5912659
7440836
2675491
5954594
9610239
14834530
14772791
6253189
2810070
15981549
13780987
16193185
4899804
644355
6367706
14758470
7613881
3054145
3970523
12575193
9884885
11112857
16170291
13870694
13501956
11967211
4690098
11491412
5770415
16552687
3893518
1043677
16292742
5552491
4614281
5675585
14073650
3415275
16463111
11020107
12392444
16554860
3749760
9841320
3591106
13939040
15883425
8975725
12914913
10601465
15235850
6805095
1214411
7660943
6880814
2813317
12150574
13955189
1448360
16444147
8510932
2611096
1440395
6075801
2713192
15806201
9231874
401639
5424409
16114427
4179368
2881533
3355548
7971527
5606846
3386811
10404912
2385577
10441498
5451062
4037907
3000073
7849227
3904576
1001549
4984285
4857507
14763240
4170359
7762209
12455491
4003740
3567116
14887789
15344082
9396761
6207938
5093729
7814803
6258333
10680731
1355613
10925468
6907144
3521488
8869477
10243401
3279447
3114655
4777080
10552316
16073695
13961867
11757646
14830780
15510243
15679586
11410696
15355585
858106
2635900
2891105
11655760
8262180
2271959
10503735
6448192
11505188
1396961
3309850
4063820
1341037
11186410
10294887
15554314
9666410
4246502
3316004
4245123
12857073
16145322
5789417
3614512
5539408
5996785
12277278
6248395
6168377
5498535
16052065
2374979
6220519
10692867
14131038
6148911
13344375
10964639
1255476
7220514
376747
4188172
1453697
767164
14450290
7727863
5280037
3851691
15393072
886816
2522795
15754953
11351059
9171215
14882633
3021002
1465361
1700281
14347552
10064397
11476347
13127972
12671950
12165066
4416547
698568
11869903
3681575
4098295
16216937
9258103
4456600
3693459
4980616
2123357
12475301
14914224
8768379
13289880
13433070
13497022
15420125
2299221
11148935
11555770
12491671
13133270
6895868
10019186
12072017
7113219
9167499
9610301
2567190
12927111
15529088
9680683
13217854
4756063
4436952
12108290
16291674
11386526
4424930
12462251
4022946
3689180
13010960
7037689
1513436
4023037
14538868
7162293
553848
3778151
12261955
5867359
1837323
7567848
5658329
9394949
2957635
9794444
12834182
729935
14634580
7528591
10477443
2711103
2285418
4361888
2537836
2759388
13084184
441389
7503813
2701035
1378636
10877591
1845858
3564860
2554987
9342767
6512062
350915
4100658
13640073
12121084
8202301
10099566
8207795
5499820
11884290
1291206
11479781
3491430
13177519
12461576
2892249
3866486
9636038
13990942
6366503
15169168
11902289
3922607
1463956
12601880
12397592
13671022
5879160
13047834
8256335
10761459
1811696
4806422
8259169
10402953
6895583
7291440
10177930
7802488
14944758
2249971
4094351
3615912
10047851
732808
8457408
14443681
5947614
16568078
11169014
14507486
9565882
6445469
6451412
3929408
5333870
2843381
10557806
10412327
10675156
10489219
3326602
595839
14111010
6085985
12441244
1381090
14059408
8704500
16391160
10356292
7353666
1197079
3665323
7571023
15062751
12371409
12982704
1612999
15361229
14046582
14529678
9478040
1483897
5545481
11557388
7678174
6524903
15550004
13607103
13870608
7181940
1418796
7194152
15155736
9203611
8977870
6359739
13452211
4146614
8690690
4029067
1003129
5664064
2395389
4914951
3517280
6381090
2760146
5987491
10926493
5869306
9644495
13425613
7029149
13089415
2706486
7807653
5858608
6793784
8175594
14024915
5879369
9958238
2747208
15523196
6568546
2824744
8113991
12766613
6933170
3643421
8665082
12745884
4704462
3353874
366750
16010796
12424060
11842952
6737680
7246070
11369989
596565
9880084
8166827
10114311
7572746
3666700
13092247
3297910
10882177
3806580
11693263
12950789
4441450
14839327
8193323
6368789
5868614
8554797
15526640
8096642
6746529
4970753
8156494
3517693
10453401
1858776
7046217
7175524
5627323
12121176
14382579
10289429
16150095
13257108
10218329
1338410
7254270
10169226
7602075
6058539
11148439
1498784
14733576
7217098
5969459
1013061
5629562
4258689
14579175
7895222
3191915
14285136
11148323
1602220
1578213
7631301
5487369
3243489
5992760
3107933
9756386
10412069
9231002
1302145
9437402
5964414
3416211
12670023
10499761
1762990
6299735
9803727
4307409
9264206
3321041
8008352
8039536
795466
14321636
6964600
16587296
3528199
9877103
961565
2548290
1573407
1043629
14802691
5422305
7718710
8568990
8867500
15608017
12592229
15560188
13079814
10190164
10609689
6289553
13341184
16128113
836552
4047575
3774341
8138458
8422111
418074
4602745
15980357
15150271
4433677
12618380
653018
2653921
6437366
5616881
12244544
7558340
10368756
6769058
15208134
3171665
10525508
1303364
15436363
12101107
9497720
16066836
11442606
8336188
524841
16272557
14307924
3422831
12695476
14159908
9140948
11329495
3080060
16148154
3823912
10956366
15802423
1895847
8415452
12378203
8186700
8257019
6295134
4152205
11906966
1293278
12675984
11865813
8111036
3102557
4166840
14912661
13959094
6350480
16278731
750639
14509787
8838836
4813722
10772011
9400405
1898392
3073839
13477590
9671012
16402156
3967735
6499392
9527848
4447104
11123615
3924918
3749475
11392419
1408253
625402
7863344
4337879
9069041
11522422
13852758
13140764
1251677
15930189
11334912
15108433
5069534
9492227
6257496
4279089
12476809
15255948
10576179
9042530
1125850
13331845
5200506
1597124
15799672
9262163
9321631
8109027
9048339
7662568
13034661
5750001
2203726
8794891
3951457
15527191
12484626
6107533
9040917
12915535
4614742
4030738
3189538
7185180
5295776
14160261
6029230
5308885
3904606
11913499
4731392
11813790
3801039
1602379
2864329
12718274
4473321
7340978
12345680
1225541
5669369
16110981
3048331
12398619
3547733
5211091
8342152
12795307
5790442
6042261
2006094
8152150
8119325
14499240
9410953
11922090
8189510
4732434
8616101
8584994
11661704
8320320
15753577
15227315
7053711
6358302
3808895
7095551
5623766
9822750
8757836
12478364
731696
5001522
6311411
4692804
3651767
1075308
8038833
1703479
4651990
3591155
15763549
5266111
3860727
10719817
12091723
1670917
13002832
12696873
8874986
14811117
10803076
4693660
5629300
3341378
14003473
14889048
6213191
13502995
13350978
9658192
5787508
2445415
6467258
16312914
1698382
5487955
973769
1494288
4375756
6188498
11837745
1496341
2936306
7576969
2544191
12253118
14305380
2404357
3390422
14349111
11981759
13624465
12976300
10782165
15962939
6241316
2159977
14081001
4042171
4423049
7892775
1765009
12248635
4288903
10920651
15317032
3050566
14722592
10753569
12588349
2420675
1641452
4155897
14264751
5068397
4675525
5358387
12281546
761903
13049182
6055426
1401395
12935528
6881647
14542472
7884316
9579794
7888313
9357914
751147
4475836
3003193
16534194
15399529
643116
14393457
13748151
1675659
2762996
16299597
15251080
10291762
6049646
3556919
1417878
9811017
2721338
2585736
3994254
12154984
12018509
6008192
10690297
2097220
14570284
14891241
10031456
1894061
11366780
581518
15241230
9142927
9346264
16085581
16380581
1960626
15820910
1780629
11599087
9008326
659004
8284870
6805871
8754465
2540616
2475459
14622524
15680859
9116759
2966150
11613776
9837972
10604042
5336197
3314963
4073317
15412107
9323044
2477504
5436709
13281925
12528352
13727014
11033816
5529325
8105176
8024517
3161266
4281037
11029311
10664105
15236003
13602878
10624207
14867082
11864612
4272591
1085598
14244522
11721583
7210526
2464237
9049728
6277925
2187394
5307883
15402479
3512655
14759804
6458477
1941818
10075849
3026145
3408813
7942023
1597727
9661277
4377372
6598210
10148917
9151389
8275079
5570810
16095777
3537315
2773607
11445023
13416589
9731356
9808859
16213304
14518128
6961335
8893036
8943938
13946805
15582670
5169409
11327000
1901813
5818951
7516174
5583549
5714639
12969154
13981197
15500361
807898
5038598
16513111
5937903
16038940
15499473
3413957
13888593
2138555
7230975
5184826
849256
3961463
13114614
5840710
10150496
