#Seed 1394579442
#index showed the (transformed) postion of the SNP
#SNP index
7990529
12675591
577955
4388158
876374
14172007
5136043
12896201
9388708
4502621
6964170
9895991
748503
11047978
11600013
15830074
6218527
8556733
4401342
7439476
9882142
15201790
9144624
14885496
11083927
14000777
4324292
665095
10849570
1430773
7466188
10846099
15222672
10363223
1456413
2497265
14443834
1033407
882029
7980871
11185340
13209061
13043412
13664904
1768113
1035498
16249978
4187678
10999228
570019
5300568
1242719
6422093
3458225
12703356
12172159
10566072
3062404
14426623
7094482
9148531
3352512
15202583
2693843
10872932
5696462
10608049
4030732
4311714
11685404
5286799
7150415
14400360
16325156
7584817
3687315
2709059
5812624
11909593
1235826
8714661
3236506
15529874
13395838
3175383
12758050
2755116
4121901
6149202
7602593
2245848
5376389
3313507
4109542
3132186
12461595
9330341
1818682
2153596
14421426
12536747
6261873
10808014
12249800
8964811
5087403
11912354
11195252
9915363
11891987
3702948
11004936
8905584
4774283
3324692
8633969
5409631
12328004
5581496
6685839
10495481
4451654
8296496
1972924
12777593
689144
11096705
6856553
15433332
16363499
6007743
3452269
8498596
14418952
7477990
13700449
8026992
5123189
707354
11221203
10983511
11615862
5034835
7742865
4918499
6319592
3197622
7485587
15776100
14040004
11930644
4913412
7006201
3731916
9125092
10110081
5476988
4714474
9222267
13627607
14423184
10266186
9169516
15682755
2743231
6924231
8446844
5841203
11496029
1766300
3767747
10729253
914074
7762839
12130039
15520239
6762910
7260134
669644
7678196
13962630
6857628
8387691
2045264
6100508
1104034
10782626
16177911
16431760
9822094
2807905
14619222
10040949
14497535
14740540
5635731
15246970
3325257
746790
15046095
3462243
4857596
9838435
3796348
3369235
6253744
13025813
3888957
11432920
8121057
3287105
8863919
12629001
7933051
7652067
2054683
6895815
5260509
630097
11579461
8492722
9461569
13669701
801688
7511316
10318982
15460524
16275903
15717096
9304514
10165187
14687954
5129152
8988889
16356466
14931137
13711375
3698869
8136038
6402196
2402980
7936258
3824215
2758278
5405472
4493567
858642
14137139
5718480
6123634
9772976
5070098
1514132
10256220
3692400
11138124
4041744
16472828
12590429
12367502
7796138
13767498
2853892
4607359
2353679
9555557
4321196
12985646
5616588
15002668
3689151
7531899
7517269
8614248
14717271
7039472
14589565
5974161
7624756
11657182
16410468
7930796
14763328
4110136
12616220
6769258
12034536
7294036
8705565
15276391
9249805
11049638
626393
7130643
4937939
568800
1888410
4069231
1515145
8792643
4759773
15805172
3830712
7596902
5307762
3569200
9438133
1311127
12055202
14712656
16277615
9137982
10631680
13648339
5799438
5427582
1395345
1563709
6308694
3759199
3651786
9295847
10299683
7637073
13238195
4689207
2968168
1222124
10409946
7229554
1196004
14936680
10540299
4950406
2608693
12184190
2163958
12472594
1893735
15646779
8277992
5726591
6773191
5010198
10462587
13086183
3643009
12300738
6336681
3092110
5756325
2596198
8010299
6247865
12376480
13708195
10456919
10814160
2332871
10981042
10187679
15045937
14034026
7362889
7445122
2686527
1724588
6377284
1282699
2577273
13343737
7386307
759499
15858319
8665538
12807981
15893960
4097330
3896573
3841752
1587314
1856487
12795118
6124767
15365799
1674952
11922906
10557922
1127244
1651789
3744339
5760320
13931528
15796386
16213040
15483569
4947803
5539771
5620423
16259588
12475036
2615277
7580229
10322716
3044477
2706611
6310085
15897243
2869302
15150117
4846479
15784190
14221990
9588085
919834
10063395
12588702
4619921
1855907
10937502
12387953
13279568
9349111
15129919
6711246
14883670
3760035
14785992
7196470
6421356
11120391
3610211
16095513
15562081
5545443
3187515
10135673
2102301
5803241
5177582
5440169
2694959
3384252
7091688
13441886
2932610
16503188
15094509
14487472
9979726
15419935
13399298
6051472
2862725
10693184
10568199
7661699
6884441
2928565
15658913
8942088
3131498
8946546
12813009
7283888
14824583
15522817
16066890
7208450
9450106
901716
10482638
2531360
12489389
9688005
9290805
5736419
11807908
8325601
2671309
4635685
2347065
14972634
10573011
2053288
12909363
9233897
6251925
8634105
11462118
3606840
4133884
10746474
3825047
5256342
12400953
11731626
4851715
15765596
12035698
5899783
5651786
15204633
12479931
14497513
11645729
1400692
842195
5167718
15073371
12525259
14031080
1073743
377672
7486564
16188283
12781769
10827758
3481309
13507128
7811215
11407736
10215797
14035073
7758078
16021798
14007623
2721611
9767420
15649773
12280040
2006028
12190495
8521758
11874775
2218572
7746658
3477091
15941225
1039665
10442753
6645147
1873906
13629291
3516967
10391908
12687859
7164612
900098
11252324
8985946
917113
10047494
14820615
5561078
11311803
14053104
1556027
16194587
13492274
1946830
10665448
13670072
768489
2630572
940716
14996374
15913894
16205684
9104928
3146216
7398660
3200954
16567113
4038028
4342753
6428728
10329200
8199730
6455263
4178817
16038880
5169712
15410995
5556500
9574534
1448236
3566810
11532109
7600237
12205714
3452632
2014273
9750330
9522118
3810955
3813173
11605385
15824006
9307726
4044597
2638923
14065394
6061217
7723055
2959480
15702160
6099282
12438756
13976655
9626388
4014240
4922606
5558567
13438451
10147486
11767288
12300915
13071819
3369016
13255802
7645356
9072200
10049895
2218864
3703261
8839862
11476347
8036000
15168419
14525284
1959077
1519102
3513010
15100902
16201235
12740200
13099095
15931343
3143298
12411051
1955929
10713293
15131541
6129053
14600956
586768
2807067
9280120
6138200
7711288
13401956
16235206
8761321
10333868
9079594
7416433
4423431
11280363
14596137
12570884
16110006
15144783
13381741
7197213
14975376
12729634
12981819
6619659
16467878
11366123
15565475
5112527
9898126
14945103
2265168
6711826
2514952
15602412
853281
9483309
7195536
4178173
5599792
16049469
13053623
9092317
9146267
5729819
1785333
8873268
1710267
3886873
7297297
11070002
11911396
15920520
9115947
10855074
14297747
1845886
9082864
1520336
1564433
10733128
16205135
14685239
8523631
5704832
6161359
14220870
3993040
3729029
1063543
2057638
11256621
1957700
1399743
9502133
10143355
1607883
15644860
6565688
11939152
7045282
4607247
4102697
16177949
14728685
7519424
1614763
16262298
12244984
1732219
15001014
12530597
1287710
3959362
6654078
4482282
9628330
12526384
14128116
10920651
8099558
973837
5688519
7692203
1126620
6928373
9817770
1660631
7070042
15609232
2749295
2409361
6366127
2293533
10440558
13544315
1646456
16027687
5886457
10551217
2421588
16250531
4195622
11508306
10755513
4416836
1279364
8647304
10011448
3095352
8674631
16510251
13309119
15443381
14556356
4093052
12294933
10097893
15738624
4076109
9333760
7464227
1205234
11643185
13673484
10758225
7206615
15941391
12234384
16558831
6365930
1871278
6963975
15162051
6146698
10917086
7179592
11902276
4586006
13922055
963718
6768323
13895313
1133049
3689257
13759009
8875177
6935640
6855783
11328056
2775591
661041
12349142
14643446
14619033
12786274
10837888
10819289
2523874
12688665
1343667
7657027
3551543
6826476
4673125
15616586
15611574
13664808
15748180
15043508
11887090
8002970
13127360
12049809
3519534
5059098
988252
7739619
5226201
9637827
8857771
4994171
964193
11336598
8663026
2796964
15288262
551662
10286584
12131033
1891322
7583386
11935369
15399814
14210239
6720563
3329563
3105923
5818556
8008541
16244197
16472391
6995197
16165093
7454446
14341639
4249133
5973879
5024776
5003519
10419065
8582159
15395878
14595221
3753475
8776677
1723132
4456691
9186050
4010801
11467484
14203968
15386623
7213554
3153641
3482979
14113230
3269001
5254123
2566891
1449236
14490071
5671937
15572990
12853856
6489188
15745289
3631173
9395812
1518671
508576
5826263
866734
13933880
16434383
5490836
1268462
13003699
10811182
11401923
7666807
1520574
3948903
12054637
12065757
5697736
13110132
7491176
16595016
16519522
16480091
5635208
5136757
13124261
13404225
11723416
8028923
1085105
10201481
9523219
8695632
8289892
6862613
10443633
16331642
12339684
10985861
13674828
4286776
3859120
7767149
7824316
6431612
10834046
5427834
3992827
11852765
3628508
9047720
2489808
4968250
6982479
15753465
11454946
5533566
7895233
3789513
12627993
1803832
6489019
7974916
5996470
15882530
1934781
4015028
12674070
1149788
8999733
4475609
14089655
9082414
12530837
10811520
15746774
15272789
10543100
2182451
3194692
5317702
9216724
546330
10285633
1223000
1348486
3655970
2883998
15722365
14072005
14783872
16224255
15054820
2293828
1742176
6099314
2793714
14504788
5888320
13388653
14117402
16478767
1311292
3807582
1081573
1911740
11460878
9719054
8135849
4884163
13886625
2227968
4489903
5361053
6630154
6775599
12602179
4456542
12205147
3610219
10562218
3583698
10065223
4547233
14720172
12526430
1020915
2334026
1889081
13661575
7126782
11095785
6485873
4816643
7501221
10480170
10583784
12940732
992409
1787620
1464563
2921856
1783247
1648612
3821077
15846642
472912
14644095
577118
11837803
11547214
11436569
12896875
1969335
11970292
12054014
13573799
3992008
9155667
3514895
12354693
13110893
8504626
12727721
4699578
1639748
5288745
6756643
8953829
10575494
14888636
4816722
9165645
9243350
3076894
1797735
10723910
3452625
14129999
760299
9983071
7210986
6556051
9482057
15414751
5916178
3417943
6083849
5546398
3738520
8609490
8083270
736230
4384905
1821695
2703447
6397990
4489585
9178687
15405229
10727620
6274668
12103087
11161337
3074342
6652419
3688273
14964334
11392468
12124142
11799101
2398438
12128526
15410163
9910374
2553298
12104157
12805085
14848415
6909990
14782090
5537958
6360014
4614972
1576132
340171
4201727
15174414
9173666
6359501
12866911
11228584
8584978
8318632
608499
15194634
3917734
7543958
5195256
8666518
3958212
8514353
6011234
9873347
8791700
13845953
2355705
14520925
3801371
12515938
3364926
9880452
10125205
7327214
9883309
9466235
7891447
7708383
15707058
9391022
6326794
10767046
5481600
4136170
3615916
3508665
2868534
9402468
1623072
10665951
14532787
15069077
7102289
8967318
11033253
9883475
6831649
15937948
8351420
2266196
7020800
4932088
5756399
10979124
4225549
10085569
9596085
4594742
4520376
7957912
6418350
5262686
9270568
14946044
15340501
14278734
15526004
8487048
1698488
8920504
9310687
2786958
12014618
5752296
13219832
15587044
871892
5680858
5937678
6639064
9784212
4035841
11530680
15226640
5114230
13132647
3439109
7098616
3612014
14702430
15181270
3471396
15264930
8162737
15508200
3063154
10976768
6746521
4950050
12593469
6825033
12156370
8199222
2652971
13383299
10279382
14813012
10698178
9448497
13262632
13688660
9821425
14092007
3731183
7565030
7750279
7078230
14971387
4238135
14825009
2738502
15465261
9173442
16227933
9612068
10770871
2475353
6928017
4366609
12639196
3388453
9035460
16339597
9757530
400189
14664129
6122065
8830759
12426631
8146214
6103554
12585328
13110924
6268973
4175071
9296335
6587265
9392503
12144147
5540586
15639175
12249692
4985635
8202124
12859642
9185943
942728
13865065
8854274
2955103
7613432
12194730
10194204
7321456
12154173
5128683
7964128
2564175
8716574
1103746
6433173
6132629
12876517
11830337
2867498
1498783
7091897
8415971
9783406
5804350
8668778
16483054
15974656
1898548
12366782
10173986
2575259
3893678
2541225
9638027
6657636
14116958
11774536
12245807
15250628
12784969
16177414
2936295
7970468
10988448
12350772
8536089
4599483
1494711
787136
1471159
15708632
4664482
16205617
15603398
2345424
3504371
4465578
5020666
15267980
14002560
9855515
12010228
6944061
16473300
8716478
12427787
1713084
6460434
976246
6588699
11967871
837995
1641239
9818514
13692735
11940384
12284668
3056791
9448838
7764670
4067708
15142858
13709687
4533698
6880074
6996393
7755123
14826312
4254363
5711347
2257977
13492179
9996644
8898752
5187947
15383946
1924654
8858366
14986649
7813761
4889053
6986819
5084207
8856216
10485249
15657808
9525010
5850153
5503009
15285440
11370930
7356456
731369
15496106
2016151
7773244
1187603
8121400
11578883
9705125
472519
6124510
2531022
8985795
1140037
6502860
15159264
9344364
14737463
2078249
2579197
12139864
4117857
6269276
6278982
13987886
2783798
9783652
12787498
7243736
3935661
5689608
8957256
13911236
1192990
8069741
8926991
7439686
7313760
8650912
2335102
14317810
2108016
5709137
10814173
7729381
15029181
9173657
8630448
16489872
12162769
7437328
11774576
13973940
15476699
16261523
14568288
4524513
8486284
6535160
4320482
12493176
12029637
6347676
8653557
5354498
3113569
893665
2648736
9517475
6947093
7846881
10671301
10017347
7455767
11933251
8596759
1365267
6866936
12846930
12835245
13471100
4222276
4095547
4261869
14347838
10545432
9801185
7692104
11912146
3676114
7980613
1638567
10563919
4393207
14518229
7933257
13975745
11878362
10152541
8998896
2752927
5527048
911362
7349056
13037409
10758779
5789475
15068436
2711304
15161324
10372636
3682580
6763905
11318001
1622277
1868309
4347643
7033338
3112194
3404087
8002016
11543222
14432605
15643671
12417610
697271
6011445
15426832
9390385
11030772
15080877
7557040
6375678
3872280
4845788
15904994
13717338
11902286
8394727
6785970
2977539
13969567
13475744
11300399
6616181
4955340
4048795
14252795
3022189
2797171
5773625
11032578
10051817
9928434
1271205
4612751
11351367
6788722
9488190
11284312
3209022
4127038
8760086
8864612
13832598
414949
11469084
10145436
15792168
3903613
1605597
554693
4949630
14579125
14431459
15894783
1428369
6080890
3819734
8847194
9565335
4940822
9124351
7581448
9353265
763070
5434296
13144866
5647650
4810165
6878489
10069504
14003083
5624061
3379434
16026722
7308404
16092107
16245420
12554212
9781677
12667649
4169322
4200725
15389910
640786
12473100
12984528
10297931
3406115
4634978
11160786
8276569
6326862
13434719
9537843
13900487
7306942
4547128
4818861
11201385
10647512
3796436
3647393
2548893
3256146
8558041
15315059
14975615
3683248
2044453
3209077
8357326
2557465
3623390
9089935
5374525
11101827
8142394
3752640
1130795
6797718
13612816
4484162
6718167
2576718
6587396
9120059
15978772
7241390
7435311
6759165
8398513
4233899
6993043
12203755
1394854
8383607
9286097
1087403
7737382
3126670
11358192
5610483
12340712
15029834
16309820
12257154
9912643
5996406
3561352
9241364
16413856
14289460
13134952
4346220
16092929
11322626
6665164
3381264
5896415
3621289
11712176
4118076
14282851
1637220
5928248
15907512
2923370
13059748
682726
14412880
9300452
3947065
910473
15431827
11315182
10862135
12941820
12765455
342379
13410247
11725262
2314738
13217391
14992916
10126883
3066236
13911516
14049282
10012479
15581974
7757440
10524804
9663457
2535106
15166149
13146687
6394953
3756069
16038265
4550695
1067055
12049736
9302096
13615422
14610400
11046967
7096810
16170828
1793174
3806162
14524672
11094250
7913385
10093520
10372871
15713998
14999939
9998281
3626930
3412436
632069
7786076
5851555
1706603
9346292
16590151
11168218
4802788
13930330
13257033
14362438
8670532
15453537
2707898
8021190
6071791
15737614
1205298
6882752
8182057
11227466
8464664
14563393
15948923
15055821
4559143
1273267
16418238
5820321
2306701
6730423
952249
4511615
15568101
14852264
8125316
11325049
4793648
2242095
8357108
13468067
2909115
1442306
4639865
6284809
12050573
1270528
1445551
7246643
7617027
12712877
8745027
9469362
5891254
577762
4105314
7787299
3097491
2541731
4572795
6608150
3182714
13779369
14022005
808726
13828205
13905826
15048457
9810594
6941472
14341940
5427787
5400558
627850
12639335
7322463
507800
15260129
9012668
3282192
12242099
3564260
1884623
10357130
15009125
11625781
7079734
10037882
5975253
15917051
11464554
14697266
7153572
12278437
7247664
7023655
12027761
923596
7237720
2508080
10601289
7646823
5740570
2559649
590033
12397030
4133407
12312830
11541105
16306319
14804770
5296088
3619195
9103270
6211390
13441866
13831390
3444344
9149624
4425690
14854160
2047056
7352236
8869074
15368046
12174412
11231170
2808964
2876329
7208752
16046154
15136723
6881157
15109627
10150082
658745
10985233
4643237
15264443
16464195
12583067
1081927
11759573
3615912
15946506
12227520
16498272
14079625
2110889
16290836
6739077
9682016
14626530
4566681
14304239
7100567
11428533
2668967
12042712
1901171
3703265
4258295
10830647
13532869
3246389
6133540
2607266
4248258
12759918
14900759
11451636
4525043
3125397
3499489
12276593
5089546
5176670
2565935
7698454
3405477
1355659
13768685
14901279
13649719
11246766
2011628
9669171
6890677
16225030
3817811
2461847
14225352
8118395
11158086
6281312
16304539
4770790
8294938
1945921
790878
1435681
6143406
15018008
4443258
14091902
13311621
1152992
4305512
11102503
3810254
11792415
8601046
3593758
9909704
15076300
12427502
10899846
8833038
2899775
5421496
6499265
6540105
14362927
2259768
9562157
10575693
16413415
6402925
7176265
11440831
12682872
12271956
14701777
12545954
2949867
5258967
5371611
9868883
15921021
14677653
12311988
1157659
15298353
5893252
16500313
8548609
3260732
7764562
12654478
8100376
8338574
12818302
5365225
5711634
13831821
14533987
7372819
3991834
7605715
7941382
12434561
10737507
15799021
11698130
3055762
6529400
2548092
16444147
4115632
678253
1664776
8939998
9117820
11171185
9526061
5744529
4441624
2999384
11149451
11139738
16505430
8971167
16101738
12603747
11848336
12230202
1076710
16261294
5995557
8591089
10292655
3128818
5565667
6820121
5857813
4700931
8017273
6983477
13231166
11005043
5697555
2911416
3207688
7521884
6957674
11704986
6585764
3213483
5714482
7163908
2611966
435609
5789134
8767115
13290897
4049217
2263278
16354358
5044331
12204879
11640739
5284867
13648375
13544551
11989041
12203418
3165046
824381
14355045
15785400
9016415
11552917
10345443
14439067
864821
15421340
10536985
16254395
8432432
6303327
7220794
1536633
15750940
8905166
1206781
8052751
15882322
1997737
12068394
10561873
8249211
7840366
9798819
7404982
6886877
4428861
6966886
7928906
8289770
5065322
9599266
1955207
12197098
14339859
7933451
3061392
15580518
8838891
13795363
14599473
8138050
1071186
3640035
7199624
3942409
4293871
15875071
1340094
5462312
3405821
8619239
5391461
6728641
4036144
6580951
7577748
2553096
3989077
7540321
7887467
1500184
4004280
2981597
16225174
15954487
10701728
15039570
5590582
3638104
3371619
12047059
14143199
14875172
11947134
1776511
14016280
12401257
476114
11505145
6082469
7374565
7712726
6633270
13488761
11490007
14906607
15086089
4454282
16535051
448775
7498096
12361073
9825072
13594115
13511273
5967176
8858199
16022431
16456068
11559986
15715916
14657023
14335798
14523255
11470277
13445913
10325004
15152031
8910037
3804855
6794211
13979974
3318125
12614918
9645617
10302809
12099124
9900794
11801858
1952033
5070066
5752140
4166313
7150721
6694512
914848
3180703
6597300
13180782
16415337
6336288
6337249
11595309
6610596
11077167
8540593
7585150
13524856
12583893
914732
10516456
2570014
2657184
13079652
16193497
4195516
6475226
4316194
15601233
4816946
12092027
11724428
500185
2949272
5106170
13091839
6921262
7209356
9942315
2255190
5452195
16398686
12345679
6216983
8450395
1124664
14523779
10349231
1088702
12423588
9769891
5623766
736259
13051957
7490582
6456975
10053917
6769546
7098250
1848761
10644466
8657869
3510299
2522441
4283777
7305722
9526839
1835826
12200920
1715675
11121469
4236344
506767
16457742
5086716
9842607
3869567
8912301
7807966
9993884
13784385
7580500
10198453
1781228
6142196
14210935
3645687
1114063
10099971
4642226
12874431
14805554
10824907
3591305
1498494
7195017
7706510
8360253
3490614
12466046
4457955
11488191
8251565
15768867
1684449
9902427
5479088
14957339
16050002
6604869
9082251
588240
13865901
2765393
13956324
16127393
8041320
4848497
11312276
16413983
6736844
12193832
11737694
6317433
2802374
5756365
5106203
7509346
1461242
1911295
14023213
15271739
1096772
15452967
5766808
6701182
15843794
3167306
1107548
8160712
16047721
12138747
3959806
7548252
12786895
11759122
4281383
15522453
3408171
9545346
6686645
8932961
8262697
9716208
10360668
12932769
6405585
9070463
3265847
11011470
10272895
13723414
2563185
11382770
2973981
15132062
1512907
5539421
14495724
1903295
15594011
11625002
13859716
9265452
6574912
10844259
12341948
10578723
7636014
11167785
13961780
15797240
6326827
7128389
8585707
9114703
11716507
1792121
5128085
5717048
9517428
1531839
2394063
3822664
13528807
3932658
4831974
13123817
15210926
4529856
7551503
10536467
3947755
11422469
3453753
9384122
9397748
14516695
5708529
2170896
1735405
2080297
10920169
6296174
12133942
13438732
8845567
6168850
4817038
13192689
13406879
488560
7548494
13483679
15004306
7109618
14558276
3914746
9270197
4042942
16400640
4818419
4271859
15569100
15125584
14292073
5708846
3876287
9738452
15754238
8843401
9421855
9375973
11604505
12191467
4826717
13779550
7286557
734747
9932376
12393944
7244708
11440710
11229830
5437035
11232973
15139298
8727689
7759136
3556047
10357484
10070984
639562
8384746
6705274
5791275
11749982
1048403
4074784
16114775
8636966
5585601
14432926
3274864
15777626
827452
11751722
16049876
14566705
15191337
5838758
10811259
10017194
11222395
15569351
3078485
15971490
9028194
10659928
7572022
10904342
8275668
9024279
14426579
7630863
601472
10296963
8230254
12145335
6616834
6284328
7505665
706835
4168063
8632448
9582435
2659383
6115451
12364926
6886683
9774473
3357955
16391140
10597890
12744236
10555721
2365241
13593938
12029453
11798297
12489111
14480257
13645672
12783995
13930666
2093923
9241827
16311046
13303948
8098057
4133038
12599057
12142194
10334936
5992864
3812019
10730683
10809719
11515759
5917555
14677767
14995488
11482274
8773640
8994130
10515023
10945696
11359139
4316730
8985419
2451581
16262553
12109527
16170768
2809633
7144174
9103745
10534529
10059979
9761260
16171619
7970175
6901157
7084156
4529428
2630957
10992136
7773852
12505931
15667137
8127848
14505116
575938
6491646
10162491
11393525
5099488
5369385
10325863
16506704
15077232
4904249
4201688
12002989
9138420
13628506
14059135
4252427
16101345
14825080
2561174
16093139
6750467
3696051
16456195
4211293
15404726
2374653
3629246
8923473
11325330
5817048
8973835
15147744
7692334
987583
3458682
12366348
3407644
389582
16576774
11922330
13225632
13855615
2674627
11656664
2657747
11669915
13653039
9068086
8618700
6331567
10363415
6478185
6107279
14713962
9790531
11614137
9514801
8997087
12757924
6738894
1745932
5589666
8930873
13419152
5111498
7973906
13438465
5412890
13622493
4519577
808182
5054023
624585
4411802
4760131
12060126
10784151
12720912
12073826
509854
2690815
8179431
630137
11652563
10411120
12150396
11126109
16295142
1374580
7602411
11566830
3701839
5431421
9746221
1149558
2809873
4821537
15052948
9261840
14947145
6490528
7610067
10941033
3366780
6470146
626027
3161208
10106547
10764202
4002344
16564403
13567455
14560228
10961153
9193551
13538309
9739106
11583482
5087515
1610577
5490983
13620211
939892
12289315
8920829
13688556
2668381
10968768
10312304
9381996
9595224
987541
12502578
3679062
4433186
8433562
15614143
3932144
11460906
8721863
13508375
6941564
1821785
11451519
9777643
11595183
11731104
9001286
3538958
14180275
1003819
8186842
4028464
4465343
8649434
988986
3404295
8100049
1271641
13128801
5330473
5579862
12297421
4205651
5670794
4926056
10578767
9017116
414624
4446827
8687244
7707005
3268205
3430253
9735554
1772025
9495249
4366829
7991493
15714627
5083341
4885108
13882400
16142309
1891607
2109035
13692752
7680046
5753753
12126745
7040496
6841165
7891279
14897758
13150423
8811810
9939319
15848072
11965160
8730261
3482291
13441179
11844253
1302941
5818877
661139
13618343
1236879
6527004
12164538
6540245
8376892
7391053
10642850
15801836
1750401
6911220
11377562
6365150
2998408
8906422
3492680
14296243
10141196
6723233
14476952
8546698
8631862
1315772
14298531
8660545
11726094
4147699
3501526
8285092
9341524
13961684
13326008
999713
10002790
4023720
7269783
2366187
8577624
11860295
16130013
942145
11943198
4344269
6966852
8629765
12253921
4257156
1867017
2167143
586429
2307773
9629791
2563964
1640276
12436023
12220088
12038079
10434497
15930061
3129510
16030893
2874895
16397823
15386978
2845847
9928598
2063549
2051127
884019
5610851
1097071
3126719
11172544
9701062
2668695
1346077
865304
12189112
12616334
5211746
12859374
16148917
1991476
3973288
4848187
1713153
1524709
11237422
4681928
16312033
3892254
3140274
1094076
13736025
2076261
8951429
2070270
3214317
12851141
11524502
8712793
2660760
2458316
14373432
8299208
14166991
13739646
4136356
9377286
11372421
2804923
9977331
10069825
11347636
4099850
12190683
15519643
14555419
1174583
13033689
3604949
7008616
7526815
2828049
12646536
5219128
3812283
9467533
4116576
3353864
16191830
10252465
679692
11806237
992753
10639743
3204137
4762473
8950494
9490020
7503233
14100529
5261554
2806744
13813432
9711007
16418335
5628793
6702244
15647914
10181337
2591046
7606413
12639625
1527831
2155031
7876410
5793742
7736573
682017
9435710
14491696
6207293
8902029
5076129
3199856
15744433
3217546
9980788
9089325
4998930
1762776
7378249
11715121
15202494
5335822
6746184
8573012
4969470
836549
16433646
14457738
12589334
5200021
13651473
11442754
11036250
5610916
6313283
14719232
14311876
2310598
9422120
14882805
7347515
845336
6241259
7182840
7104534
5220053
9426637
7562134
14690624
8581700
11469002
10007440
6849555
14368323
8444105
811949
2558157
7829978
577385
2880809
5336197
635065
13802042
5200928
10139576
668517
4156879
921848
14167044
11546797
16365919
12740097
11435458
14295712
1659393
5166599
9012895
9788394
3570430
12268603
2806495
13825409
16286580
11932985
14332514
8735772
3259640
5573094
12183738
3475845
10184277
13626339
11035007
7579401
8507468
1835974
2855802
7291648
12300897
11802226
13688493
13009916
7720186
13347244
5746046
10852152
1196976
14081610
5500306
10032310
5405876
3064953
776773
8092448
11878158
10800866
13705803
2855159
9376506
6614256
13759876
4353762
14265791
5843260
10673134
14067292
7774822
7154058
5185345
9903150
5634925
8223786
2107328
3917326
7083551
8970549
11457037
1320886
658103
13205647
4376999
13184976
1954552
12144682
11811023
11990799
5518002
5814157
8824072
3355694
15709350
13205608
15081586
15025494
1822678
11110392
5510054
8845169
3887321
4647125
5588111
3431387
12663572
16088013
16498620
1564391
8474759
15557104
5869746
13519025
6841739
4826119
8166142
11863092
7464662
13691670
14551484
15270906
4523974
9540636
7468439
8275228
1987299
10754542
9807883
3823841
10717247
14064496
8039321
5688444
355725
12395629
12762226
743014
11901167
2750767
13878454
10267389
2477041
16514791
8606980
12621684
6939767
3776075
16572909
871043
9499419
13613414
10769070
12834829
5465266
14207166
6433109
7301610
5735591
10020021
9271116
2363324
5079832
6804591
9309114
3207561
10253482
4048809
10442646
9314631
4961101
15240406
10082402
854090
7704075
1278908
3354214
1593968
6309779
6695673
11063396
8721318
12194142
3087570
3530190
6851924
2340786
15428855
11842495
7928306
6996138
11735119
9472239
1545539
2519394
6030507
12286514
601330
12365945
12316820
14593148
9681689
13505142
8347174
9334302
14631629
3539181
6661372
8344497
1755076
13998247
12645823
4984640
2219699
13107355
467407
5916789
853197
6569519
9332322
9590616
1264793
14686733
10158797
11700781
9469606
8900763
15296676
7352641
9843401
10540885
967522
1554619
6102249
15760770
15542457
14339651
12913222
11136404
1500758
10582856
15940361
6172856
849343
11421519
5002168
3831965
3721273
5008662
6517294
15571717
3512098
15326247
4254400
15775956
2780998
10958275
14428425
9736445
16560408
4205147
12038131
6929462
6454477
1676244
4374630
2681354
11212430
1471311
8848685
577059
9263580
11296471
13331753
10722939
2091165
9498954
10237964
5838760
6398106
10536968
10963187
8414983
7537086
11302751
6002821
831477
3301751
6962513
6285747
2656866
1986449
9979356
14240503
8204108
16487383
993538
9837788
6937272
2549982
6391596
7661564
6226671
2980762
8433330
14595688
12573041
15193584
8671787
15966189
2747531
15242927
3870926
13166944
6465610
855582
3322215
5167834
6276372
4194757
10141724
4905831
9411952
16467676
15887111
9023510
4514059
706174
10077787
5593109
2135963
9717713
2849653
9098141
12116391
4660991
4289408
16429085
11966706
13916070
11303164
10169027
13880463
7394135
12680269
14509618
1352603
4213222
13615184
7990267
16198588
11129674
14292050
8081215
10527033
10047873
11850940
9167308
15540163
614834
7179131
10001181
7187754
2534938
13607526
10148161
15014343
1276351
7236967
2750539
15307944
8002477
15847201
13857667
16095120
15059582
1708842
5508605
4139067
15561708
9535204
8638954
1767375
11178222
5450172
10621986
7593150
12686114
2682010
8868743
4301518
15468051
12807145
6934535
13661501
7204926
1519011
12656416
4644916
11070257
7440958
4364636
13899526
8275940
6998625
15702048
12764911
4702290
1845500
6345520
9551836
4152401
8047948
11805285
1833914
11825357
11056462
14137718
14018309
12985791
9480354
10589127
6270073
1220381
10124699
15478933
12021687
5645690
10440572
5803760
15254211
5447012
4163145
8780309
1430617
9375504
5484302
5864817
4773758
15681525
16036798
8176620
16106133
15541690
14711366
12806771
10758667
6128440
5171181
9136592
11391845
4642757
1863937
13994695
9755534
12322098
1107012
12624641
7930066
13894559
11015194
7160896
16116566
10851156
10905295
14556875
12895118
8120165
1493054
14590168
8713947
4170748
1761998
9636904
15986457
13816108
11052860
9086140
844514
2831356
14310723
4023294
6593738
14663594
9477140
4483699
5117512
14718169
11559776
8659694
6271621
1845189
5978942
10478540
12172226
15912249
14864589
2210374
9266312
6078544
15633061
15616565
10199799
321615
10153766
11602669
1954113
11090027
1444893
534100
764085
5934130
2115197
825982
14141220
6364776
2531502
2561019
5237240
15332630
13598165
899306
4099356
14527383
15873948
910310
12445240
6331030
16486836
11601261
16530422
10459998
9951660
1501033
2288362
5124349
13583543
8192992
12976687
2561045
9408247
15995181
14460531
12629504
11590489
3964660
10584811
15824584
7041905
3365935
3180833
3358969
8769134
6091209
15976082
2449495
13512394
14867307
7169294
7155812
4959662
8691084
4720723
10910020
7094495
10570966
502589
6999937
6191488
11332577
2247755
9272872
5313813
8242404
5590352
16360858
2055316
10501904
14630720
1395150
12397434
6878903
3193843
4633025
8845243
479438
10710031
13386325
9434599
10598025
11821439
14493508
7668333
2359418
5177766
13001285
3681863
2577426
1703195
2061832
3337537
7134092
10215181
1831435
7243151
9152249
11385359
7120727
1833888
3489159
5865331
9555558
10324143
10435677
15280337
5943342
8540378
9999065
15565148
11855723
8528512
1801366
11757299
15097809
16208240
8580311
4143434
14527557
7167961
2922422
8638021
14145740
8778791
6514995
10522382
8984978
10347573
6262819
1082305
4566871
11910733
7941935
10522643
7262969
10527031
14681739
12450824
8670782
6597620
10831418
1306389
15586268
14827313
9916827
2043579
7627931
4850622
5123098
15845416
3092155
13577718
11357000
15387462
2682848
9312725
13648316
16300045
13109849
8566842
12211380
10099898
1184256
6774906
15222715
15855741
11837905
3147953
14902416
2337389
3327023
3581148
13285584
8911167
2146882
10689735
9879170
4118222
9726198
1728675
14606473
14642427
15035407
5931352
11333078
12089757
10570704
3520062
4338695
10014376
8190933
12459527
2603230
9530559
11574841
2722187
15890445
11286222
13507111
14372400
12931527
7655378
914380
13435762
8330559
2397647
3616065
3321023
8228550
463014
9298320
10058976
10927108
3486156
12272775
2833877
4928038
14697705
8632364
5876144
5647582
1847085
14316976
10342121
8842802
10235321
1465468
7200262
15873449
7633512
8662075
11615988
4347635
13896604
10323768
10953763
14542089
10605964
13799858
8061332
10114303
3896300
8830835
10880967
501843
14349830
5561088
9461680
16463174
11526475
15780572
13815193
721993
788351
7560873
15897649
10026147
700122
4761660
12175877
6968619
5044958
10330111
7057995
7367750
9683153
6317730
1702386
16136347
5595586
8531701
9488739
5436404
11389123
3609835
3507188
9465747
3568416
9790536
1485935
2848567
894035
11702480
14363918
8916202
13935829
4757139
9810168
4993556
7709569
6180876
10196702
16421923
6189634
16238796
16363377
7783413
8121114
10749693
2977289
9655612
7805150
1150044
6382126
15362151
3058449
16467430
6273090
9266926
1267585
9231079
3559080
11312166
5032865
10253927
8120620
5140778
6860901
12775474
13214390
14952820
14718497
14388646
12914394
1040592
11593600
3235215
7282099
11176264
15461187
12262103
11380295
12622611
3172954
16354708
8518023
12925429
9537829
14151835
4049301
6473796
14093855
10875840
4334637
5757633
8322994
12231343
16521444
16320784
16147389
11669203
5778071
9836764
14570859
7897015
11916114
5035326
16231716
14218340
10104778
15212551
3579911
1791719
2231658
9061094
13387061
3881153
15080496
12979478
542840
13073280
8902768
4402104
2368991
13976962
8492299
13551787
5183918
14461371
14134195
16427473
2058293
9620126
16314836
2800695
791735
3060669
6837308
10756609
6399625
5805370
13311271
10836500
9787010
13775726
14627849
1274893
16059431
12580140
4798267
12200939
4765351
13171076
11267532
4511481
7295287
3593479
11191964
6716281
10400653
1414331
7365051
16156414
8303556
6519030
5441091
5636507
14906702
9038810
1462704
11195298
10311393
16584273
15223196
15900388
8184701
16465681
10316390
10271857
7952506
8613003
16576342
11176330
1238411
9379638
14518590
8364165
16162595
12306242
3984385
5842669
2000836
12385792
7733036
16057247
15678732
4817283
11132810
4409044
11478750
15518485
15834089
7859682
13268066
9542075
10873092
13741904
783765
1934638
4116480
2066566
9038059
13748089
5592351
9925890
16311268
3257145
1272721
4839645
9563916
3839172
1682335
599845
5374523
14741318
9135109
1767618
7388123
4664945
12559156
13023462
11824896
14504524
10039426
4198122
9406384
4481606
6299490
9975966
5607916
1002601
1933257
2444801
8158556
15913693
14160336
15421117
4486013
483709
3870073
11597163
12293583
3561494
1497189
2316696
8005976
10626562
13049101
7435044
7362351
12851360
14426995
4628259
12246872
8620473
1495515
1109156
12853679
14931693
6636432
11899420
14671732
11078291
5919111
5720157
13712942
7439859
15328345
11140443
3420072
13468063
14236625
9008097
14385947
2562299
5194224
15260876
14622585
13093463
5320248
645949
13973766
7444011
10102409
11211977
16064782
6171711
16060001
5354312
11521819
3837766
536970
13077069
13954039
8240831
5397705
14805400
2583276
741239
9999662
10474008
15348769
4026568
9363006
7784230
4285294
9376068
3837132
357133
2473222
2118480
2749460
3599025
958036
9016004
442487
9875720
10071231
10682688
8981035
1321578
12941318
6229850
772874
1802121
7326686
10473292
835044
3001028
16112197
2506771
10104573
11068526
13641865
10133360
12752477
9891086
11453473
13806328
13246585
9167679
2993287
14441274
5663345
7213738
3896464
14416622
14881464
13472868
6086578
3609979
11447592
9296436
16335734
2156992
16434087
5325435
2348602
3996259
13194671
2862225
1214132
7659819
871027
1382013
12275522
6839379
9194898
4793818
11396904
9083355
16561012
6004014
8263091
15686176
3142385
1874113
10591680
9316146
4213708
5707169
2850137
8779062
9648300
13922137
5330795
10041042
2331862
6883006
3530103
4275021
12313209
1256585
13228483
2473831
9956153
4767134
5917977
2802103
4212174
1694530
3757084
10546694
7076733
1209995
11912392
2405309
14818724
11474200
11871045
11915132
12702804
10836337
1570971
12817702
1040465
9468314
6307156
10988608
7403354
4712431
6184663
10085995
3500006
8962576
3835146
5925525
2290792
3103985
14707957
7247385
1366962
6608014
9789668
3124493
3728801
7218418
10515391
14754314
8552884
10612085
331648
4137409
2314316
3134101
1786592
9931213
14691258
374260
6906557
7701225
3050827
3961429
12191690
7399098
3905334
12786619
10272684
15362447
10902619
13319602
12135001
1236764
9521557
14453652
3318806
12068852
6670877
8075989
7190475
8801388
16466160
3764528
10631151
10966069
11511029
16062540
2413791
7309261
4473295
7001503
12007805
13943563
14356368
12727365
12032278
14564719
10463967
11257917
11911737
10004475
6096864
11263020
14399381
1309341
9816982
12039608
6595610
6520037
7553221
10398316
9389801
6025005
10472772
13385458
9389737
10467429
9207595
2564106
7651573
1884384
4817737
16281053
10767911
7919467
5906950
8086455
1967277
7852834
10939041
11196177
8995615
3234076
7917731
3849866
6571936
16024964
10881541
9037770
13508611
14907243
12372990
10049741
9428667
1452316
3242287
15318376
5476998
524878
9554124
15937295
6041631
2610939
473411
9398611
3826115
2145766
7133528
12914141
16225840
4185206
459679
3647001
12350993
12724195
7344450
8123289
3919015
13585185
15310885
9361296
13498028
3538708
10082682
4620457
5918037
3809274
13129709
1393955
15555388
5884999
11807870
11771587
14814881
13828934
13747262
14182827
3344772
16543212
13638864
15778355
15181067
12451456
12498556
15329767
9955192
7099406
5162542
9692317
11000559
5959074
16433055
8904103
12574838
12562264
13214794
15923480
7054208
14332457
1966632
14462603
12541810
12687216
1256380
13881102
11717888
4777838
3911575
14367710
636964
9612101
12499870
11826068
7671578
14846034
12519632
11884304
9732221
13889501
7758521
8352062
7557165
3046498
10499012
16097097
15591732
9254213
6973628
7644941
11258138
6750823
13224775
10334675
11979717
12763289
4225359
6196278
8859744
12148438
8325600
12773634
6428943
3392236
15217843
3701335
15718027
819657
1322684
6985445
11745038
11400697
14494506
4582824
3745666
1872693
6301089
15671059
12391452
10584193
6258005
2349352
10542033
8001066
16327192
9189569
2313123
7857831
6137112
1688128
2006107
10587702
13480145
14843039
4501031
4161048
3262322
3665229
6497177
8092847
13824886
1113069
10308191
2243783
686999
7817032
12060444
11073865
12379253
13950750
4318328
14545929
16050723
1611258
15323633
15757894
12165313
8150961
10751745
12182842
14334834
13243812
6121549
9694005
15246131
5836416
5123440
578200
7890276
8787605
9930320
2831790
8045782
2549188
12440737
12257987
3859404
9567239
9835780
11281679
11481728
12302855
9144066
14848817
16045129
1979423
9280896
8552506
6664523
13546384
10037522
9104273
12689473
5113735
2160823
10119000
11562819
15449565
13171323
2319877
12992583
4227041
9186745
14147403
12555990
16454939
4193136
8993723
16423314
7464685
2050297
1095997
5829467
12143884
3295904
7004893
9377270
13524161
12551183
7620949
10164563
6956720
11258680
4426474
3268999
3390785
7842370
16327042
5280870
1432698
14465908
14550287
10790943
15736247
14758475
12134210
8030249
10959217
7903867
9823676
3701862
11471070
12186489
14009703
14581809
14304959
1713221
9050430
9326856
5273558
6331121
16524365
12801991
7109989
2640456
2471722
10079561
10614459
1487727
7015470
3607361
327221
2993199
11528655
12965523
5488184
8778294
7667594
2830043
12228859
5903714
7786409
8681646
3104315
9788406
3168518
12802869
6056430
14681801
15690369
12872862
7654173
12112798
4930825
9063045
15036632
3493276
14428554
914181
4825794
12987586
14342825
12847300
9526743
1065235
15787347
14858314
13756892
1948730
12783341
2713854
12115356
10511425
16179189
16193615
14643830
7797160
1084494
15755045
3917032
10316894
1853178
5512711
9875569
1451533
5020663
12316354
14404934
8666022
15997725
9404893
2009308
4107885
15878507
6407485
4690936
16359512
4728424
11489401
10822811
13786429
5736765
6576227
14332629
12573086
1642126
15072093
12810129
1897963
3889931
534226
2697149
4548333
14366074
12602783
6163886
11483582
1394288
15543412
14835182
3903947
12455069
11411078
11885872
7216143
13681504
15769159
5636875
4265255
3453808
10127864
4280120
14621124
12700194
10114913
14246576
4315980
885819
4865875
8375176
7115089
3973613
3549497
9622941
6121342
11197118
11536061
7652778
3486440
5392295
4823303
6300783
4449840
7394652
13959094
4393842
8566521
15012302
16542954
2144642
8424716
3052117
7438317
16518873
1880862
2655933
12498156
555021
11211753
11881596
10448830
3229688
15898925
2499575
5698796
15705920
6267389
15783831
14055558
8953543
1068896
3036182
8961831
10006930
15038031
2278377
10090336
7446513
10753023
12296464
9288362
12114000
7781290
12079980
15925164
4745342
1884450
8611382
7174397
6227833
11439482
5157234
15411892
10692185
6871654
9946327
12176358
15668977
11765151
5976325
3606616
5159132
4882511
15245766
4777677
3695360
1216002
16171578
13336495
6341581
3932713
494366
2709410
15960966
3244758
10054630
8632470
12152620
5258405
5202200
10514278
3425248
944237
16506970
5666014
5880068
2429233
9395691
16408165
7483539
9012099
10376530
13243059
9317974
2649244
14311849
8177609
3122545
10025027
7136056
5954795
5369324
14750265
4411898
13081965
12504311
14082396
1022075
8545284
14248248
15024758
6155422
1299440
5268949
16258909
2701400
15547867
1826634
9658853
11233304
7458419
15793183
10348995
5005849
2860988
2401723
8352342
2087080
3408539
10781667
3942070
14249495
5630624
11406632
16463358
3674939
4430498
8305598
10719330
11676791
4035107
13102198
6064423
14461983
12790662
15322568
1748294
11813755
12992164
564427
2432869
10053217
6992691
11977246
6707734
12803176
1141715
12257348
12954806
11872274
1081210
10780247
9263415
10866160
14756098
4891388
10486414
11587952
10010872
10349703
8729904
5741258
16171778
11607308
9930078
10178977
1059564
3424163
4817364
11652461
11902162
6098576
8113281
12554872
10123243
9624011
3791759
8887989
9405577
4614697
3070476
2697268
12108487
8126723
16172952
8145833
8258518
16348666
528800
7718801
2461189
5359481
6470594
4063492
5032077
662617
13406593
10483537
6397655
1720452
9821256
15091475
3286780
3486497
10379438
15942506
2259562
4790653
8041297
13385141
16203059
5828914
2150741
5363564
16131084
3835038
5772617
14129413
15708582
12329735
1125278
9293736
14082351
3323248
11733243
4301640
15493902
14073979
6073369
4800946
11533351
12279839
3786877
8373283
5383685
2567943
16582395
12861302
5609254
16154733
10294431
11688719
4778274
2694856
16489535
5531727
8802967
4776120
15516667
3612290
9951345
16388743
9016148
14615589
12913729
4263550
518504
7930741
16413516
7392921
12637127
7877685
3955568
13856743
3068088
13041112
5118532
13837665
6467122
3443934
9788308
15445498
15680785
12539084
2833772
3162076
6149312
1790148
6961314
10108311
3973675
1348992
2609827
1226857
14047778
15053328
14940978
16549507
739435
13928180
16540974
7334498
15036679
5601414
8963372
5662817
11213647
5229110
5723223
3001108
12463164
1407250
11265612
5118209
5492062
7610807
3246293
6055792
5847147
11835517
13815359
2075376
9634062
4175710
7254160
14107932
10118547
5145084
10191990
10920344
10465850
2656619
5792969
