#Seed 788149281
#index showed the (transformed) postion of the SNP
#SNP index
3587416
11090498
2262152
10288151
15177782
14158992
14129614
662286
2748020
5456874
13806593
3329616
15037675
8228502
3527920
13236193
8105260
11447043
7676616
1939691
15735744
7056310
11013511
4093522
14697933
14720650
9921627
6414938
14733901
7149345
9429925
993315
1031130
6691171
4943989
6025005
6515926
15133628
5758131
16131875
8694219
11553599
16473987
16507409
10173051
13827942
10582563
14832142
12254508
1010646
15275691
3839356
9054174
5985472
8523183
12190160
7964823
1343485
2505253
7863934
3157056
5432878
4337900
12430655
14489541
2906112
12664235
1944918
16507566
8613286
6802339
10172390
15420744
8844555
15660037
11900147
6925009
10830526
10679913
5446497
11967582
8141984
6856464
7789064
12552017
14072553
15078527
15317594
13269196
16209027
12578030
5461040
4495776
3580135
12827041
9332596
14881730
4798894
6345930
2858591
