#Seed 4146260027
#index showed the (transformed) postion of the SNP
#SNP index
15591956
1796274
12470031
5695453
1860260
16356769
4470889
2122392
14169081
15852396
11267021
4928382
15305089
620842
14521291
9456861
16568712
8267904
7360904
11171266
5252423
2521663
13715325
11142601
9028430
10417553
14476478
1438342
2333283
8952959
16077832
6304791
9576406
11284312
6442760
12452799
5716597
5207522
8892764
2030981
3196916
5080085
10751469
370546
13449292
9526160
10000881
13279211
1675103
13506690
561109
893499
11432667
9842629
12180363
11749192
1671346
4840524
869451
15214684
2815428
8362645
4729283
10381871
4732346
13693416
13542127
8199772
10474537
10774335
2811097
12349366
11681326
3026791
6927403
12202916
6323187
1451486
12105180
4831972
15721579
1419636
3591298
13165087
9667325
6798307
12626660
2691119
5187879
14307051
6526056
10612316
2135833
5821055
16445796
3609341
15375839
15710908
8119837
14735227
7573601
11839867
5869986
5217102
11983582
14521365
10962875
751146
6941158
11189490
13973332
8999356
4196971
8428695
3665307
4943682
11651520
13381047
5812336
1944008
5869497
8183392
6548425
11774974
5887580
9724501
10082788
5400426
6944311
2735045
8311223
15100884
6242327
10041415
14918457
10052078
8138896
2433635
10716642
2763469
2934374
13641865
7367906
6580819
7740339
14693381
2307773
11037341
8145267
14925525
9247519
4709959
3715756
2277100
6740149
10755977
1951711
5373415
3086438
10054195
13141614
11406213
12490435
2819580
14148735
9568208
2685878
12312407
8907671
10886481
15368141
1580722
8537184
11713236
13213728
3739463
13114957
5997658
8358969
16434152
8784438
16029069
5323812
8064439
13144356
9307573
7490495
8383348
14034836
2046499
11900880
5704148
4341041
5700849
4730115
12925687
2544367
16084517
8811521
14425107
3874792
1179684
3669069
2760545
7950396
16547317
15465042
12696918
4268148
12916381
14698223
8323817
16459911
14157067
7632775
13191517
11513349
6299886
15608064
13757111
11902616
9844285
15461166
10769384
16155115
3576488
10896078
12536679
4336246
11443738
11281329
5744852
13692429
5839329
3517317
11393378
13593785
10694189
16000639
5516877
15194474
3364094
7443098
16597000
5244313
12185627
4722120
3915429
6586008
5852959
16307019
12466561
11672148
10818362
13295115
12812257
447778
4895209
16550552
5911350
9241976
10462040
11336546
15425698
14939548
11262209
3869386
3062247
8545733
12446703
799175
1003656
10778708
8073602
1374548
13474298
2986757
12502863
13545516
3859187
12467819
1016611
13939598
14340187
3614568
11775864
3580747
2953804
11631035
9116358
2137143
6472717
5839934
14003452
6590745
15677543
8776000
15691084
2841241
3996636
11792954
10010503
15171517
1031392
2524068
5723079
15641340
3410094
4906791
2474098
9922313
12325721
1035697
14812448
3769036
2210471
10398838
13359557
2772094
3379781
2427705
15863993
7352525
8891032
13220276
8092351
11627079
744103
11505459
4975798
5034375
1389953
2825488
9200967
14718293
4952254
14567909
15061272
5931664
16156473
5896126
14769273
5801164
9043192
6165874
13119566
13234054
6849099
15354358
14123791
13019428
15146170
6415306
9380266
12287181
15239440
8939641
13826749
822632
10409249
5239559
5200028
10459181
11068951
5276099
7493358
7428802
3273518
6021598
16178905
16538335
10569689
9972594
9575214
11745639
2343215
3004545
10409177
2385217
14407177
9126824
4768599
8322445
8929094
8810084
10034721
8216563
3568555
2687035
8099416
4286776
9868814
10938795
7737382
532834
3812188
14331361
8717095
7404134
9980312
10421643
7212774
15903687
10217119
12484259
13143380
4942221
8390079
10660878
540969
10434445
14706750
10010018
3441763
2816116
5225174
10384272
15293745
4049301
6641397
12813492
11616293
16431587
15748221
14650152
708872
13032281
4333166
3389941
9255712
3875606
4695256
12296291
8663931
12654974
14257611
3932297
10884096
10266537
5665089
4340137
14996876
2270647
14688004
10685746
14255181
13588495
6690160
6840269
2087755
16016155
16464504
15588968
9434527
748146
2315346
4119706
1652670
7209714
1907430
3111801
4439015
6796641
415986
3177358
4757907
6501735
14693859
11252809
7276815
8152941
14392329
10223636
13387696
15479527
390736
7119370
15515933
11890974
4231109
5599997
5339835
13044291
8052544
9665063
1211393
2005107
14830261
2378502
12668168
4459430
8146060
11164761
8840692
9410494
9071724
10546841
14678999
8063057
1274215
11762059
11332318
13794180
5653350
3776807
10344095
13652715
5243523
12368770
10943559
2261820
12817042
12445170
6244348
15286740
14469144
7712736
10101313
4580838
4288295
16491981
14763473
762344
16025710
7113596
3812040
3113681
5640610
6349673
1516995
8170094
11995770
5350973
11457896
4348227
2275459
8092144
6232374
6017649
4293307
4510477
2357925
1785350
1958580
8434780
14405748
4681427
11412574
4308735
15289634
9452413
9842811
4348922
10050105
7257882
6917889
9152324
14011091
4948040
10956535
9447146
2996772
11748539
6775785
12664868
11027973
3498058
6018138
8856323
2520990
8262682
11691298
2616193
1841277
6092356
5413281
2311885
6079188
735431
13841458
11592224
13174869
4683938
12173590
15547416
16571918
8432830
15330458
3147200
1101084
16183942
14083139
7593647
15973893
15494759
3395831
5028762
3019754
3867026
4984161
3989997
16101445
3140954
9108158
5517555
7571335
7767009
7692421
3200990
10645127
12261673
10780220
3379865
5234985
15588394
14483980
15373816
3244687
14950687
13527656
6979274
3337304
1364280
2451296
2484986
3333686
10518107
4366770
11419829
11987488
15073371
3522501
7137479
10447242
10632842
14527484
14726211
1275479
4835342
10001676
6111413
8411559
3274120
8016460
14036004
6940716
3368702
7772665
8845562
7418895
12525378
11356958
3468846
2251890
4069231
3756069
3791431
8721311
10711450
15410718
13059098
3053805
1136560
5085308
13726984
14093745
10698622
4333556
1103963
12837506
16317625
8685240
11425361
14772243
5830944
8286668
11628636
4476770
11848621
13767250
15889470
3573270
11418820
3585532
8771837
6140615
14376757
6513107
1816778
10550582
2544671
616555
9060080
6935390
7749245
3260738
1535291
8439779
4089464
16551392
3170706
11679550
1253579
4403285
11675445
837495
2468055
10959247
3116927
7450173
4417302
6166449
13976622
588157
9767052
9103811
11757056
9048652
12623953
10035010
16441451
15944513
12984476
8567203
11937501
14560541
1491350
7591823
6330422
9728382
8720084
8044872
8798323
10538593
5151049
5159944
12216167
7287949
11467243
3636978
12429951
8200180
4821446
11589348
6557932
5640314
7818510
13284691
3674488
3279359
7632405
7980189
11302679
2528432
15185298
12409589
15424170
7459104
4085118
6994376
1018529
3463843
3311432
12217441
14842829
6820418
9243078
7560709
6222302
9448723
2295879
15742939
3813121
7564862
3391163
12096025
5751168
7450859
4477906
2977899
5568879
15962193
7146455
4771138
11966535
586029
14155143
9144407
15614471
8972055
5524003
4927097
9798904
12101620
14131479
11289515
3753882
16524167
966251
12002167
10229533
10899091
13418057
12908481
6639234
4492973
954233
13166288
13666363
13573514
9497082
1858654
14140525
9840103
2538761
11134845
1536904
13264377
15022250
5597537
4352744
1109999
3102030
15844600
7400972
2526160
5397169
5256041
6031032
10008682
5843865
2322718
15302534
7953224
4141663
16210751
5871985
6536617
5676038
6109201
6105326
15035786
2845584
10553378
6566785
4797802
9520570
3638259
2874894
14098613
12431426
4563323
12928187
7429298
11862629
12444942
1363733
8974819
9133403
3818472
1854100
4107173
7059122
10693355
2303760
4138649
8963932
12669699
4929847
5861864
7733229
7442094
2457510
1802216
6042172
5118230
1468132
10488334
9001974
4962649
742749
13574447
15721314
14159620
1257692
14450544
11807870
11190052
1983390
2234760
8454111
1655418
15342195
2544871
13718113
10053225
12383146
9821509
12213818
1636644
12522508
3130854
3431978
1802687
7811412
7670177
6959021
9325752
4596204
8977949
6802417
3515598
12937963
4927335
15538366
6546913
1804216
12495952
14697146
11118564
16539588
3674755
9387258
14808232
15766746
16567750
15481397
10950561
5786684
10476397
11824485
8460361
5206825
3364840
5816329
7009611
15746278
12340672
10984596
13870307
12115090
6434526
302562
15378446
4232718
15111389
10736642
7661544
13082555
11872274
11569368
10804158
2571311
4671963
11192117
1635126
15609368
14444615
4982525
13396942
15845449
10602693
11254517
8913295
2539360
10210638
14825384
7277996
1339137
15879109
11002702
3395954
714760
12879898
13025587
2453553
12955667
3542836
1408724
5606615
445743
10908472
8779515
10991805
15300332
613313
8321412
5712501
1478850
9086002
1663383
16328643
2505789
16518133
6582680
2230883
10240846
3681046
10360506
5991935
4394627
3268237
12373768
1450637
15148417
395302
8197627
5261161
6884422
547931
6122152
15828225
923337
9968744
11400453
7353846
6413497
15341996
9275435
3349232
3283905
4286552
3051815
5993126
1669143
8491844
10983029
12572215
3454148
4393982
7861510
15093397
10826101
5966060
10990878
4948812
422633
5056197
2178619
12284314
6840583
11761600
14023032
7767987
11383177
12896933
9850363
11495914
1499928
3658908
2255614
3270047
1763602
10926298
3199973
14815302
5636371
7798150
12917415
4596273
13741529
15336693
1911964
10605627
12972683
10022407
11194290
12308486
15868179
873808
1986097
14409323
2892067
13951606
539766
6947886
14814598
12355511
3324202
3547501
9780843
1028270
13701841
14647834
6119786
3278721
8371387
8362002
2470956
4241014
8621950
11159550
11251137
11396858
11577485
6835672
3385360
7271259
2371351
2048166
15192706
7870365
10523077
6354532
14943202
1989201
3694020
12119344
4102368
3875132
2506802
10423220
6032798
14120486
5920735
14776752
7048220
16020994
12607488
15652097
9679299
2077384
9145297
8217210
15159053
3206427
7488440
12722153
15552038
745927
8086127
3519904
13486227
14582495
11845928
3533695
10599697
16078497
14292402
9257171
2168634
9176757
16031723
5956917
13369879
5132420
9255350
13836562
8059227
8949679
404561
7106546
13167488
14031820
1244970
5222326
3125190
4158935
4932242
10498986
3000767
6704041
7760636
1971637
9919155
14624426
10506047
4771869
16175454
3730539
14866853
12320435
10718228
2324247
1658603
15838896
977086
4127539
9725841
15397887
11117249
8032733
6664639
10640456
844691
3915564
13395131
2275430
9159255
2934054
15547755
15703067
4705918
9456288
9786950
12567380
13491054
3275211
2253434
16379740
11116966
339368
16188023
10359270
4012268
2847964
8320116
14644191
8370755
6712263
12411645
5694757
13690237
11763000
10205367
4182975
13725082
14916555
5952664
3159977
7458794
6124767
9636055
10166262
4058931
3773416
8122230
9709235
10644201
2840405
15472773
10517921
10858367
12709201
12382170
6876061
7777918
12235445
2514436
15307400
14504012
2673870
6821229
9343840
15017005
11430721
13401529
3499840
8225891
8809189
15490201
11253572
13223645
10039630
16307044
4074973
495280
8333723
14717857
14485389
3122754
10795599
16057693
943940
2925179
11060217
10606613
774165
5654786
1277133
5214939
15742062
6347465
5885815
5352050
9050911
15786360
9585046
14439250
1443442
12035593
1804940
878340
9102706
3208152
12357961
8880540
9660625
7613606
14388289
10769049
9017632
1679581
15232689
9886965
9431720
4765960
15716613
12216852
8117619
14087250
3502941
8628860
14386826
1706010
719080
3405144
14580362
10926941
7264440
1858600
6813960
7798362
6218543
2424030
16214552
11284608
8629410
9086623
1498633
8014906
11440968
16107374
15633913
16338237
3866551
4590917
11912048
14983679
12047789
14197674
14763013
14761571
1212361
5460683
15857385
5164217
10811449
9583998
15684296
2571514
6616763
1354657
12035043
9402673
9597638
6389275
7296113
3986389
10445904
14939083
12245681
16371895
7831498
1770191
6380639
7587986
13006411
625818
4849602
7300698
11976631
10148814
5269006
6761574
1559403
14776528
11815113
16529166
8379103
12410631
9343541
880903
2341116
4264276
6839958
4922705
4312829
4358409
11173998
8452879
16013329
5839286
12615968
787276
9924276
2257350
14806395
1892315
3829776
1112250
10040837
957195
3269041
7222894
8740970
1372613
8692717
8213462
5518453
2407225
10959680
16332239
10180404
813645
14409943
10880297
13801757
15567787
8408148
11428318
1549368
2753999
3972626
1467778
5218159
7722631
11151254
4447804
10827028
6587740
10243630
1046815
8717963
12375589
4966537
2475071
1219577
522644
1640528
12073124
10096381
10534470
11335179
1973911
1510104
5952407
9852753
15618183
16302365
8521787
12607909
3330980
12585979
1122885
4378537
13487494
3012178
8593849
5358958
14616114
11633572
9257399
7631245
9230316
11684279
14997481
9528967
7244741
4332298
3374604
10103495
9021617
11830443
3046301
13845813
5008098
5112527
3255368
2439197
12561393
11306126
578597
662952
7781558
13829703
13405648
7521000
13710790
3364984
10606481
10725326
14327768
13921352
13084354
15475523
11690440
5303460
2883182
13718371
6210916
4789153
13083567
6706215
12629815
2872747
9877129
8981251
12745683
13493975
16178725
7032390
12104049
9161747
10790043
8930704
14830225
6896412
12372860
4900950
13614605
11226518
1035506
9976116
6169505
16545869
3446900
6486580
7601935
3502418
7364377
4133104
3902328
12488745
16173701
12479511
1350283
12138756
2253392
12171329
15988736
10722511
5779263
11221989
3389138
3248713
5866612
668972
11937499
8445943
12983331
11698090
13256137
15599271
2867361
11081430
5500631
2767750
10324919
866991
15696256
15527760
4529562
7020753
14740677
4429016
7398610
13617732
7285585
8844703
1392974
16084018
1871040
12838108
14121975
12743343
4440510
9913989
1451370
16532561
8446449
6553970
7040626
10423599
5774646
3852021
11614870
6220527
14021867
8770545
12758732
310791
6986091
11690635
11301862
10783538
4423738
4480803
14540091
3789379
10969364
15282929
615509
7962412
7497496
1415669
1785837
12181623
4895189
10506494
7604030
3618982
13921193
4968647
8713956
16323592
2108346
6676985
660694
15746474
2737483
15095036
14716184
7054403
7656685
3642142
1298724
4587756
5008698
5303279
1053632
15037063
15322701
8910340
10291526
7484919
3855091
8711288
8323445
12392133
9456674
884161
16260980
14332629
15701501
9394852
4729065
9455083
10787634
3710988
3706185
3810141
1803999
16468520
6365509
8294633
8685762
3829332
1184312
8541897
6446680
3858675
6250916
11173933
12573205
14836303
11741276
11218685
891548
14266564
1480340
14551712
4927887
12856870
13976265
7552421
14498485
11907882
2556463
12113614
15928555
9203684
5274621
14567735
13272842
1157340
7485790
6067606
5317883
4246420
4303345
1747430
4453586
12001863
11077891
6783832
3304498
14852662
3031251
3517032
2683698
5627547
656360
13640364
13279300
8325461
15012361
1938421
16442450
5516663
14353994
5346125
4279398
1421408
4054986
7131582
14094276
10404132
8929186
16398115
16455995
13923954
13808519
13222749
16363412
14573057
12600180
5662425
10218073
6296199
10216984
2162109
10907256
5191866
6715135
6786033
11651659
11383054
6214289
3722096
4347657
10569905
12530390
11247646
9971676
5561399
12078277
9185327
6853829
1295173
6681431
7000176
7909347
4081661
14553268
15970823
8713609
16361396
5116429
6186850
15588297
2632591
12241521
13425529
12152469
9662759
11946186
16446496
13299147
12149275
2673317
8441501
779398
318746
3807655
3590898
8154568
10205755
1630157
9878695
11642752
10061219
10709482
13136751
1777343
7096472
1091111
4248702
10801973
13570515
2518405
6661226
3802016
4908026
2682811
11403274
8762296
8891465
1865662
8621193
13254627
10086696
11235154
3389429
4209498
8409087
12190429
13566402
2824128
3523594
13305703
8142676
1533432
10365503
3808661
12604821
15283912
2040296
16488983
3646395
2921158
4205176
11697888
13206002
2695721
3968010
11527972
15556427
6412648
14928480
6788703
2587653
10115837
7619471
13362705
11584787
13390311
11596064
8895969
4487167
13625596
6134957
7282227
10796552
4807677
16531936
8012358
9694783
15185714
11860026
4246681
10351216
15696839
14760064
3545654
15140410
10115001
10720783
12454928
10055622
943052
14823211
12732451
4175563
3268268
5842969
11964347
10953123
7771590
13380708
14674517
2800093
5903527
14215495
5653006
11011658
9858485
10753864
6770283
14944585
568718
12386673
14762565
15937166
7775938
10580565
5572744
8512754
4410357
9636483
4063398
2080512
1449020
12277875
9900401
13249284
3215346
4937290
7467924
12893317
6019772
9552531
10397750
12518682
12350144
5342519
12455521
4221438
12244275
13416935
12686345
5953264
12225738
6226797
15543556
12909800
5293881
15611938
5087855
11236262
4412621
401902
9210747
12533539
8039255
4274967
14747996
5927101
2897948
4096956
5355595
3279933
3434532
4568018
13921947
1776691
1250498
14469111
929503
5570506
11394418
9517717
5096674
11562548
15810206
15929482
7719741
1308593
6269371
5909524
2496243
16013573
13575314
15034004
2183706
12673549
10201078
15468203
3438938
12067573
14565751
14570490
3315383
2598370
5733251
9488930
2464339
1353747
14157159
8127528
6208188
8414874
2174231
15375372
3465820
5263791
16541985
6789425
12446099
781181
3380659
16149363
16268599
7787223
9065843
8464178
8396450
5540468
16332602
11398861
10132007
10898526
624434
738380
5267944
11538615
9394524
7038054
4926742
1538904
4229959
11667427
14404463
5918290
2078067
7049875
11049446
5147710
7594748
13152670
10703463
6385621
727137
10504611
9778858
15658913
9615301
9454507
1719057
1465752
8181261
7798463
3258828
2021763
13084414
10061758
6092632
1522822
15354605
6398373
2576858
11658078
15351559
16110744
1005672
2145706
11782541
11921091
16428286
4161499
8973328
4713020
8391093
2400957
11676034
5050036
5955648
3175464
14338768
7014522
9352929
2364548
4012164
12055202
1081613
16328955
14584846
4211052
3558591
890643
13429080
3580463
11571750
13342864
10403111
4435535
10199500
13795101
14720411
10527959
3375988
6799919
4134792
1334638
8256321
352534
7527867
13817529
4004221
3634118
6992678
6782234
6722225
5438664
12183391
14783760
4911998
6961630
12689742
6097786
2920503
10255689
10932791
4032383
13282276
4407105
706633
13280072
11676372
11409363
13978019
16593491
12949122
11894953
2660635
9315236
15749510
6204817
726384
8949085
6491197
4270707
13713703
4245774
969486
7666012
5254534
12590373
9787926
1833295
16073145
849709
14219270
3199363
11268401
307204
11546049
6021370
15069427
10949353
7182837
6628609
16140109
2858434
15785483
7716208
8138310
10164772
2243510
7017856
5921089
2891595
10198517
7070154
6116236
6812380
11597307
15781807
9837716
8502010
3483027
5933923
12231086
2003359
14141421
3507605
11302217
7011118
3419676
2897414
5462132
14280075
4464275
14207794
3384220
5939493
14484038
972094
14155226
15024758
10934612
3374082
7377468
5298693
10184908
5296422
13851068
6275350
9994499
14110994
10029798
1673508
10498480
4733705
12274346
15820837
8645766
1120547
6171194
13427467
15730831
12725711
7856895
10959338
7738637
14858390
6846884
7587293
10191478
15027192
15003054
9925909
11637809
15872492
10199215
7594886
7341111
991788
12567818
5608270
5080168
9705812
9228642
2587468
11283585
8153314
10603040
9072382
12888111
1587593
10504725
10514636
4701629
992832
14821508
9809072
2283805
3458436
3368550
9536498
7796843
6226679
13894622
15268388
3757899
11690747
5190512
3727689
3102442
13507191
6083239
7083027
9752911
7028585
5555849
3133809
5715890
15817685
4617293
12005038
8129167
9959792
2340283
5400658
816271
1080287
7917386
16213761
6122954
10884873
5951464
4191877
12261625
13065164
11136294
11929790
7268941
15942620
8627600
11422026
10890892
5142250
13969091
8717539
16196592
1306528
3254334
10514385
11046581
13625815
8139085
12502331
10634667
5377932
14330712
15351516
9820624
1116353
4525094
10477962
3806881
5420539
2763454
10029284
3281897
2449495
2762766
14347119
12150926
4179014
4330821
14006956
13535078
14353536
6940509
9388186
5185393
2455806
8523958
1207054
14737924
11450963
7108081
12119759
3287175
15597403
11348926
3894777
1623585
3582297
7801358
12962292
9282959
4078764
10823862
13234273
5145066
12173021
1701647
11061446
421295
10209681
13890042
7040198
11601309
12862477
8937512
3306030
6921299
1121152
7247679
4711294
15634750
10661309
15448940
7311714
11917083
7094774
1456701
13007244
11800873
1203414
8644058
5431626
15258354
8883313
11916570
6551426
2528167
1531052
3361332
13545433
6611678
1633469
11948541
13307068
9482559
6461524
9107609
7350568
2228784
8923199
2458301
14760065
9409990
1649576
15085646
3596647
16377096
10573083
15876005
15505804
9507123
9964565
15628958
10578298
13197251
12627509
4280472
8997367
6084438
4231329
6241982
3838802
16080654
4288079
12253058
15532733
7357738
7414250
9225314
1762103
14324170
4283383
8491270
5208439
2714797
2280494
3878597
1721492
9072689
1032837
12767747
5864619
10859915
15615517
5392240
10106902
12615335
11043648
16297579
5720741
3407882
3991221
2056672
8411447
8168025
12709026
7204942
3104158
12139721
11701173
15217225
14186632
15427014
11722443
6389428
1883884
7456690
14969831
3694397
11674686
11153121
14076597
11512770
2029502
4034088
15242976
3540897
5722210
11551487
7026233
7306522
12685931
14850572
2984956
11889522
15164893
6003482
14443161
7440982
2668090
15375155
361861
11119870
3266738
3666785
3196331
15788247
8433310
5399705
5490445
946673
4329285
10257826
8211402
5209699
10793906
3005087
2515639
13788138
2727738
14840627
5165035
12519434
4613103
11384049
2645986
6211319
3734669
3616845
1822490
2767781
7153263
7549132
16398489
9465807
14190692
15572843
5689290
9871549
7998674
11813261
12385430
8595154
3322121
6897204
6304961
9424371
5394361
5119664
6376301
16029569
1877113
6889998
11985028
10528620
9370136
970882
8878521
14320796
6228992
1152577
2166137
946644
3566232
12290738
10527503
5494909
5153357
15958617
15203988
16188657
8956021
5411011
13478782
11169491
8286511
3268594
4309870
9370150
9989849
9331510
8886397
7483460
3287303
14768928
12187395
6938031
4597727
12971414
12147010
7203691
8803264
1618464
10330027
11331394
8471573
1619692
3186706
5491603
6159898
3333718
10649033
11338850
4364630
1938512
12188139
11552062
2884868
6293772
12370333
11311354
11871846
3507315
2522684
4173865
8093903
5988173
6350544
11601228
11655743
1507526
3937927
716573
2556979
770783
10191115
10911437
15216368
11069150
12632953
696598
7139460
15851293
13873547
11021854
10574278
15663809
5576641
11935605
2523468
10586616
8255914
5767964
1249555
15491301
7170136
765237
13052368
3601862
13521417
5582814
3493929
1457481
6828143
769332
14520178
952131
11917959
11706694
4292556
13637021
15337602
8942517
4462461
9366612
2128373
10939514
15511333
7522772
2000394
15120891
4086557
1946967
16141064
12017859
14439519
7720081
6045853
2264918
2459668
10473130
10442070
7483553
3446088
6211256
12924064
8429995
14629871
12692496
578274
12950279
1263855
8305193
10380323
5395131
6146881
5740299
7640338
15139142
4272893
9603573
16120569
13276355
11168840
3500284
4016024
13776779
3902277
4537084
11461135
13650049
968172
2673640
345481
11872054
13476034
11039597
3977213
11097751
10872350
6292937
12642215
5891676
1384421
343751
14812727
12528023
5333419
2805890
9816785
5487712
8801223
6408788
12057642
3416021
6299257
15368276
2281838
12183779
3296610
4024868
7741650
12158578
5222237
322734
3248400
5609594
7701556
12668040
11867571
6825011
2425888
9890384
4336408
15566375
5340917
1180975
1617277
2687908
6371711
15435805
2305515
6044618
1060597
3359366
13135383
12503802
10965836
16203601
3566430
10669853
10359474
14144981
4937878
1801420
2093906
3875319
16037161
9765934
15378281
639603
1291885
9870599
12861222
1345753
7695516
15859556
5133651
13617117
2456659
10956763
4774740
4422701
3297152
12163802
12198330
7070582
15484313
10665493
682930
10457869
13513461
1622334
4542010
1888093
6677360
13512394
7432417
5439688
10555767
15361160
4226190
7757914
16464876
2775221
7455741
5346132
7386827
878061
15686596
14958735
11741665
779273
15616820
477334
4874728
14214337
5735834
10276303
2056137
10098756
1849001
8734657
2250201
2395466
4884573
6507593
2560590
8008033
4293956
11419418
2924426
7607014
12558290
9712672
3509396
13944582
320640
10436526
13311028
7744618
8415698
16180384
2665298
2356681
1868549
5414643
6968607
626213
665741
1467781
8260739
14234025
4579719
3837159
4247026
6441771
8592788
13119962
10495111
468543
12495160
16556361
11130813
10292792
8858827
6952086
13498977
10030308
1010944
16120824
2598428
6675697
14777733
6378870
1630484
5476006
16380828
3802643
12103765
9844154
16342709
6554834
10031778
11507194
9014737
11648295
4525823
9772837
13570384
2828505
14071917
6564167
6839510
15691012
1717672
14384342
4106778
15434639
14596902
16364502
16389176
3193718
16387197
14944804
995044
12934997
9652648
15083030
6902966
10773572
16013638
1246595
1493456
5464550
1973027
1898221
8750151
9242179
6372128
13308429
10912139
12193190
6828289
3413702
3921951
13611501
8411505
2655552
1794869
4942188
2307054
2703754
16550951
3622967
2323755
7407507
2759321
8162459
5648228
11290737
15961673
989623
852671
3312310
11671968
5794371
11996286
5412118
8036893
15623662
15126291
1817366
10890749
15362264
4376291
3148101
10028052
5604865
7790645
9124535
11947063
10135218
14059000
5291364
7636313
11237676
2952458
12264401
7226485
10313909
10474441
5033823
6806351
8642243
3601560
5495542
13277228
4889553
585022
9844545
16107713
10128048
8203773
12022848
3007600
665655
14479076
7434347
9874074
15634964
16144205
13991268
6417375
16232372
11046140
8461203
5225470
10541379
16358051
644517
15878427
2876641
11134089
2564090
9062561
6917908
8970449
4218300
9648122
4361313
5764011
11373235
15836318
8820072
4955603
1218384
4036106
13694537
1529987
1629008
13989224
3520788
8788501
11811869
5849581
6355626
14904943
7744314
15108462
6889585
1318872
3657749
13069131
10156935
14181992
9658192
13793798
1261450
15291605
6739806
3486916
5084749
8456267
9127621
13203840
13082930
6601238
12542663
14423147
13078150
1045142
6154137
5517775
4535512
14868600
460349
2939678
15305851
4245294
14281024
6219111
10984042
10524877
15240755
11177582
10985763
2852291
2591939
9250455
3239474
14460562
10790725
4900937
3244939
4530310
5647655
8953237
7884131
1044683
5062901
10474056
4275724
6670325
8577319
13938822
9898049
1792679
8188220
15829823
15764526
16351552
12335837
10719784
10632414
15255102
13619165
10573121
5033741
10297526
4124824
3945325
8687095
8304088
9527828
14903553
10364164
571853
6504910
7558355
2776228
12265307
15435957
3688043
15518567
3813221
558767
2516431
4992106
3025576
1075007
9855482
7518446
13992439
838657
14915566
3135492
4142771
13243062
10363917
13081422
9378161
7518894
12026258
13134155
2315012
13355610
4621637
15574862
5795185
3016178
14453438
7331915
16243558
7207170
11143957
1207929
8207543
9386888
15740253
1733124
1371878
10403097
12207241
8691130
7735401
9108984
10855644
11824426
11664648
14773092
11763656
13682654
12495506
7660125
13351921
4853381
13459612
3298015
3900915
2374368
15157732
14479529
15196567
12495623
2404372
8000224
15270270
6492391
11340023
15680912
2842849
11110700
15684309
8641271
8992635
15432503
11260580
8835724
7965676
14009156
10404410
2860941
10704449
2814415
3915510
3090642
7443578
16544524
11531689
8947526
8033873
2524343
1773760
13858431
16530065
7623206
9645161
5200779
13183818
15240454
8492552
541972
16114542
12835520
1729953
11294191
12386884
5828715
5659133
4554391
14719835
2250344
730387
11126339
9365624
4962634
16363284
11472353
14981270
11681577
9560950
13275394
3989164
9675041
15317916
10976250
13691581
4629534
15169535
9231783
1430140
8482054
3218625
10595840
2060126
12296405
7510447
16260535
2859815
4683664
12488973
4620737
4142058
5112446
9150425
10941731
10339573
15085566
8662328
13130633
7926270
8312131
9031838
5817277
1903044
3708640
14339783
5452764
12381212
8369937
13458054
8391908
1715523
12799239
3327346
1162161
3164723
5496128
8959533
4282274
16429811
3463562
10314597
4287335
6410720
10669985
6127332
9027545
7892132
14371189
15621048
3448313
1050206
4691970
11411822
9782590
5561121
10258783
6758920
3938484
10083206
3648947
3164481
1619113
14963646
469738
2211390
14550162
15282608
2782857
8834889
3115027
7295431
15283121
7639395
6220234
14487472
10461026
16556642
5664682
5935164
15364836
2168181
4750481
3868296
6521612
1055411
8057490
16211828
1799450
12907672
1250858
3697814
16150176
2428113
778582
10004128
7542978
14357288
3229925
3898424
16475826
13728966
7224614
12142080
6539642
9134210
3511999
901610
10037134
12102810
1660567
3501743
13883250
6338440
1660929
2135720
13607752
7751085
11290715
6911439
4500417
11085357
9484753
14210225
11958196
5525850
7224663
9027744
5128874
10199339
7751881
689374
13272732
8368874
4402529
6029571
16422938
12412563
4403391
16477318
2593106
8818389
5239448
5340411
2111563
1259138
5813466
801543
7211247
2888636
5446210
6738894
824816
4073484
9922858
4813991
10276156
2968252
10421714
11778540
8800221
3999263
15711401
15077774
16090374
12298923
812393
12451820
3073559
10932131
15776662
5693241
8482570
7154935
4980250
7434520
3423302
13654743
8504099
4126328
2332714
7335300
2487675
1331979
4073631
3130298
10512597
1553578
15598000
13921971
15698943
7866811
5677621
12237156
11593467
15039008
15918596
15204770
3583965
8819155
1886062
11144217
14994329
12630853
4720774
593414
2638641
1504651
15467168
15361228
5309462
13433652
2676183
15470293
12397783
5469475
13237061
5944743
14684206
5645248
11553546
6444645
6471602
2691524
379379
3766642
5072711
14842257
12479683
3292991
14696692
4223055
6863802
11998292
5022669
7664188
3988574
14960683
1565038
1596294
1818324
1434576
799237
10315115
9437487
11941832
6912216
15651258
14594277
2610733
8585180
15019830
13112237
7358987
14483928
7416522
12602202
4960897
4723496
5932637
1083266
3572523
1403318
7395336
15598278
1472138
7878162
2784030
6327233
3357976
16136397
5123067
15419460
16595291
8775037
14886051
15888725
11479110
16216214
15685362
10121016
1338513
9462958
14464133
4056207
10862841
4880022
5976902
1921280
8561224
6561967
1817083
11917322
15960866
16038855
8851587
1301901
6991844
2322029
5278888
13331130
6572775
1665132
9541764
14654718
6376112
9172487
12407711
4579506
2615889
13555833
1111310
16302537
15825251
15633495
9855763
6315922
4191775
707299
2319501
11196899
12332066
7448113
9685123
2558712
10409442
2536441
11578083
4138023
10592983
3460937
6720217
8573381
15541557
7125606
3412716
2972936
5937934
15416107
5038138
7117370
833287
6641335
15450234
16233183
13266828
3315790
14592167
8583926
11818613
4372425
10491769
11016317
11240980
8409003
1962237
7702128
4415926
3743368
15313865
14958640
8925832
4471302
12312940
11679107
3611829
2613736
16212844
5066566
4557078
3598662
7875018
3053504
1822439
13938475
6371270
8771283
8906156
6895174
10493248
3790251
16377666
3249116
5636160
15845416
11886585
3948906
9701632
4995428
13849556
943686
4381039
13543921
2369772
4974253
8626534
13516448
8857075
6358181
13659590
2228471
3459420
3923454
12615641
3455976
12496548
9518315
14858375
13936495
13650509
4095175
15747071
9833836
13878417
12952223
3271531
16563715
5538857
16391477
4943676
13544543
13744915
6050409
8716756
11825837
1155278
2977171
9991898
2012442
1793734
8102902
16343141
1725780
6143111
10057411
1857786
14415845
5318539
15199516
5006059
8228807
6637740
15027257
12815028
13289629
1486998
12368118
15646672
11723499
8894179
9796144
11670654
5650701
7777246
3278200
2744542
13251594
9147237
8428797
1984962
10118097
4289308
8292155
2992402
15653550
13029938
9908386
8112989
10078855
1734669
4072645
5338501
14860511
12744309
1201522
4005461
10400120
16592628
11194933
7312091
14841938
4194387
14442441
3217459
1549877
11111646
1672144
6559435
16498973
13726896
9944971
5685705
6761685
2983239
7132082
4704763
14831868
9299328
7486884
7546145
10901338
4026201
14643971
1145198
11596789
15177425
12297029
2088197
4404283
10852068
8050366
621211
11962776
10930587
5454051
3527737
13228518
1194708
16208001
13342510
5840717
1120479
12161496
14075886
1935046
14891714
12630720
910941
7749096
8437457
10285896
8032089
9087679
4476924
792757
10878112
8703605
2785795
4353950
7809125
14701617
10743825
15459676
2090619
7287698
12020660
3235926
1462522
6482936
12646365
5109401
10265628
13251426
16104850
7962689
4965703
7420285
6367742
13560266
691924
3867518
15520308
1473337
6532520
14865086
5227761
12894389
5880878
2419417
6815607
1016757
13631878
3512265
10533678
6874484
12427680
11322913
1703736
4018740
7807654
5770686
14045769
9796809
15082556
6437449
2234343
2402688
6026205
15027428
2824333
3196377
9403078
3866077
15506544
15766368
10382805
16373992
5654295
5374178
8685567
9794791
6616285
7479265
12546938
6135425
11225243
2014262
2884109
6662315
11605993
4889811
2867139
6705611
11410525
16559688
2150865
12947062
3958030
8522589
3170315
14811605
8815821
12151106
8475865
16513900
11409058
12745855
5841388
6702401
4125845
1851881
13325845
2402910
8779441
2415314
8015407
15990656
14819322
9821170
13788048
16591954
2218730
4572197
12718607
8214630
5774895
7372641
6274953
12637264
14393733
492837
2930259
7264188
1036441
4295750
3241927
8864374
12463332
15698411
3955747
3778659
14098035
13329319
7240407
16194911
16237926
4180062
11284371
14021142
1430617
2563154
7687108
9989178
8435153
3115780
3513198
7185970
3517167
6186800
7754999
2538856
718507
16358105
11806343
8404370
1141807
3364624
8219440
5044935
10919338
12328970
3180191
10533162
12338744
10084354
2921694
6298376
13657627
8177262
1127051
5936196
16185269
13850563
11189282
7157255
8201302
11988386
5187134
16167549
14329176
3851219
6431698
3115230
6836839
1527402
2410660
15174445
1255707
6310393
6507667
8486257
11426565
3695604
15763473
12869139
1291758
12920843
12511828
2374749
8887123
16237323
7874048
10455375
5072609
13421574
8052128
7692334
1768552
9258619
7887597
2296779
11894993
5782898
11030587
4833556
9894367
4101138
6183622
16186480
4139254
9149164
15764463
12648006
9146701
14859066
16405501
13622661
9855655
5463557
12333022
3724164
738381
6359455
8493961
14545288
2580854
12163083
2473755
6264732
1102437
16258953
4349604
3857301
12434806
9698439
13896146
12434608
10478743
2635323
15227827
6217405
11753774
1618632
10993057
12576107
8228397
8927975
15456546
5992185
4038866
9412831
14086586
6770890
10062487
9347191
8522023
3219220
13604983
4865720
9130515
12434908
13483576
3168192
12236356
9801483
15334421
7566053
15105372
12950547
5056909
13781489
4306412
10445176
16029108
4081021
5869401
15787900
15835159
13808345
11597836
11813510
15906434
11637865
7446003
15540465
3787674
5303863
7305168
10722134
2251060
10501454
15337919
11144838
10125209
7544584
7466339
8486533
13810794
11900353
14329482
3784508
5429983
4464119
6601285
13480568
4082490
7686697
13047117
10543737
1078798
14768088
12513806
16083187
3714007
4080246
12227520
13703493
3489448
1653052
2390387
11625585
12390975
2919942
5144170
15363609
4288135
3970020
2702945
9442166
8295230
936142
11163122
7108519
9476067
485224
3838267
7535248
10523973
1264612
15581411
4270801
13844772
2122809
3373845
8793003
6426708
11500164
4935955
8441591
11860798
1289308
1046212
16109364
13751896
11868390
4798084
12371611
11713510
16208687
4331116
15299171
13822667
12770263
4224248
13494167
9793397
15800447
6943975
16464551
14308583
3944787
8146565
4513565
4008052
4933025
2666094
15106735
6455984
13608790
2762187
8639800
12777640
5147217
5096356
4945810
794537
16157350
15702615
11065291
5088616
12968190
5042691
4795232
6289138
10315681
6812998
11717267
9640862
12364876
7302803
10166447
1537526
9750779
15373926
1717279
6806278
4566871
7213383
1026952
485160
5671625
5839428
8215832
2060662
8312120
7539016
5941636
15390340
7523277
1726100
8789314
9669119
14133169
14498313
12219386
7752947
1089531
10844937
5461212
12787745
1721080
12371288
7624477
3091247
3529873
1573272
11159905
12655712
10161664
5992410
2943692
11547941
5466437
2874009
5013566
1926911
14061673
950745
9569154
6585463
8066422
16302321
8614300
16034845
13705598
13391986
3481954
15691788
8390950
3090857
8110342
2635482
16141976
13010788
1867389
13444559
16207433
14599609
12074918
9446954
7075272
1980728
12357545
2615118
2341160
14914562
9122492
8978113
8070563
11905508
8549757
12573131
4007219
7504925
2006244
10679646
6503021
6531655
8329645
12317017
16180553
14415786
15774673
16132286
6893954
2986274
13319035
2395633
3799417
4491041
14102585
592336
5946049
13799954
12146294
3125397
6824057
8639901
13312712
13922581
10025775
9432556
8137338
16434770
10948072
12224692
7423959
3477593
1390147
13225819
13752573
5926479
15116754
3218727
1124095
14806858
654717
3025058
9594621
10339489
13438390
3910161
4349672
1025917
13814569
11136525
4579357
4204202
4787116
7167926
3702027
5433617
5558045
4632506
3983009
1877764
12236358
1972261
16473760
12731322
3650058
15587967
16111877
9654956
3288001
14719868
11685208
8663260
3660792
10154874
12228594
6029512
4132592
15680440
2285249
10470763
5037888
6263875
8339720
4657554
6794405
7569200
4138558
8371679
11214326
9337648
3932842
11759740
6342003
12074343
12917253
6243371
5347511
13910021
10960825
4812729
10869262
14489342
13160299
3796879
1320886
14887201
15353910
12745283
14384973
7066329
9618156
4887723
16103504
4122094
5542430
11688216
1278847
12677232
7724618
10831963
15320798
12542851
12102979
2618107
2106945
13917487
9132791
2362289
5691149
15876584
12475952
7237427
15336980
11235615
6899182
2526110
12197691
10826341
14167710
12178774
4535556
7602593
6862647
2868116
473353
1622084
14750854
14205721
3460501
16399393
12067424
15819690
9482082
14905552
8508558
9392948
3353934
10477250
7022299
14754015
2045913
14061955
15791027
3577778
1365003
3646029
1124592
2749223
359132
11432828
16099171
7117527
11557887
8937343
13017233
2175888
10378136
8937517
1171753
8978115
6958319
10093095
1736886
12179933
7202025
9247975
8907333
1107538
704205
1540371
10395066
10870974
10859870
4315061
9598799
1880548
7589237
9988368
12123037
15520521
6452420
9464675
1618774
11953619
4967052
12513476
4982045
6388829
8038670
5375804
14416043
7881445
8060466
3119588
3776366
14657505
5286497
15758245
9150474
6281726
4935850
9651896
541458
11812601
5806764
12040408
6210859
3493784
11751465
12921510
5971423
15519855
1000221
11771274
11035354
8875202
13154599
13675513
5745565
7867449
6843786
1440552
6683187
10414873
4411468
13304535
14851184
5790252
10138229
5795606
1693657
7686895
1698099
9855854
4920661
6715037
4142638
13047220
1496281
6726947
8702413
3338324
689102
8935276
6881353
3792735
7485973
15501047
2336344
14099031
10184206
4401443
15550872
3803143
11867870
14027863
5956366
15875124
9204894
3762865
13551894
2213704
9625085
7163781
3714656
15031225
15505606
13223644
13471121
12019783
5518572
1861305
13522973
2837285
2202161
15722644
13838423
3237576
9135625
10856115
13319854
15203370
7699480
15518002
8874948
6241964
9908226
10638054
15608394
8389333
13116663
12485513
1619313
744736
5389293
7007432
10703727
11555291
11047805
10280473
5030019
12702804
15637465
10158028
5000500
11513767
1650943
4576969
8673757
6953545
15590332
3535154
9428938
3346126
12754734
9265614
1143543
4403697
1914710
11966306
14438179
13947436
8729813
9644662
15435590
8131929
2935539
13677965
7353058
11434616
16152064
5336879
5460652
2345945
9321759
14652996
8876233
1157372
629962
15623013
1067235
9366898
7418591
10868295
11055903
5439740
9824486
8010380
15497283
686719
15651272
6291677
6548423
6675771
12333564
1593827
6581129
10102356
14042917
16442132
10687455
9069082
11999623
14898473
13881951
6271462
4785181
2555262
7304039
1416995
7787095
14205789
7118809
2044137
7401154
15834645
8608107
10818307
11199932
13848019
13295114
1694196
5609349
15051356
12077865
4737573
12446214
7876179
2984787
3986242
10435129
2020546
8619553
16177107
12211474
3789376
3887956
3732881
14474752
5419702
2370665
12572110
12019694
9948025
12579333
2157975
10105618
613262
9918438
15601945
12117314
14792649
7558372
5155628
5802605
15916363
4242792
15888133
7115791
13418663
8109386
9668076
9270088
512856
13789632
13632847
10460165
9746396
11764214
11426491
12646465
14912066
12683703
5644960
11859848
6956660
9827523
12018167
3990468
14034172
7128646
5129554
12219368
10514185
12336307
3685256
5552964
13662376
12023082
2639176
7725882
7603239
8796193
6541013
9434463
1609121
9060668
6252078
9667883
10466181
16362897
7991163
11378755
8429796
5376202
15139808
12246087
12581370
2126457
5076134
7021802
5994219
15488894
7648331
2735886
1090156
4916162
11972012
5028948
9151276
5986855
2109620
8604013
3675860
2013573
10490556
1555589
2406821
10984127
8441010
10071415
3909513
1269799
13942258
8909885
5234212
10377420
12996891
9913870
2571503
8519144
9945625
15641182
4960847
2731439
1256997
12410377
11789428
10951069
14242031
13414467
16114082
9871556
11224522
11028214
11199268
3924925
16180430
11921121
11754139
5786355
9690007
16194688
2380794
6704380
11650062
4920291
13356393
13556978
9662106
8859504
7424946
2059311
12668892
11169696
2819199
4652582
5599336
4915648
16158311
5921999
14485227
11605619
8530502
6043755
11383983
15959357
2589766
7545346
4014245
1454523
13984215
8394733
1534447
13126694
6065805
4650560
6563024
11390951
12149224
1325341
2137594
11535085
901107
3715368
9433135
2076059
1170842
5474237
15918316
3867856
12160400
3577550
2805982
14979407
10490886
10317311
11031694
4920000
1957520
3849156
13240425
12555549
13804649
12373630
14626388
13691112
7437513
12308454
2647935
907147
15609908
15757385
8413367
8659570
1253436
4246300
5800873
2324226
7553350
10088687
10120529
6058402
6975483
16372504
4526663
5300914
14997635
2867335
6805317
9568077
10984764
14658799
12466484
5659456
14760958
6018084
10891446
4077869
15430440
12421607
13353579
9986415
8292505
6892150
10564735
16010185
4553417
4362564
5175365
2629347
14007828
3026031
12204625
5574943
11300490
2625585
8752558
4290287
2299468
14802390
15755357
15124799
13145741
13831353
8267038
10769491
8229498
13214674
6483011
2479772
6434908
12455390
13918313
16329718
6974512
12143896
14600663
16070354
9845233
9963786
6019748
12372613
14297771
1406905
2125334
10897167
5277626
9746483
16403786
16123842
6100677
11930131
6851533
5874567
5878866
7988835
10849876
10194707
10228485
7717138
1926690
10191960
12363526
9403889
4433036
8950830
4469737
3097212
15239712
8359184
1018235
13366023
13911582
9449842
11983297
10556129
7533408
14067072
9921193
11492584
8979136
9126500
10737175
11641793
10699942
2723106
850323
10874613
3593223
9752051
11793380
4361210
10887701
14121291
4208355
9984165
1898348
1078013
4684687
3056161
7805385
9111974
2394484
9253213
2374192
5949749
6245156
7437154
5722444
10971384
12168224
12869581
4487073
10826153
15305220
1239089
6731089
2239929
12832474
9833519
15331633
4889460
5130983
1626778
5643168
12240413
5379825
8711232
4430790
11132912
10293045
11470108
2702869
1786347
8615503
11932053
7716438
4271620
13905289
3146994
2417542
4243020
6502437
3915633
9843852
14829381
6247818
8743075
9416278
12232869
6295763
3951601
4667348
9901357
6975759
2878553
9611628
12168331
12148232
16438835
1269376
10172232
15574155
7992362
3712535
4526072
12198055
4362750
10766406
3854121
10877537
2842563
5580615
2847016
8382540
10056874
3560173
7362330
12743002
2549679
605997
7520405
5927368
14837250
5957083
14420924
789473
515577
7127101
1754175
7951532
11620310
5945783
14808011
11285606
8357955
4005910
5930216
3478962
9962659
1273936
1344194
7773338
7312845
4235274
16164927
10841947
11238602
3254803
1318815
9623713
5187456
8098629
9948740
9294866
3230269
12544380
10949156
5917698
13431439
4299411
5137753
14806510
14778437
9211339
3327894
12131277
12919292
16450404
16261631
2127787
15713112
12341365
3639764
15198304
4140050
8024295
2249936
3970414
7058190
15161035
4420885
1444292
14867321
1328763
1428614
12791867
12223915
7296381
4859889
9422118
10979794
3752377
13615367
4846272
5290109
4509743
9303588
5297717
12685998
13866748
3155421
12370498
9491708
15302039
1623444
7328705
13352891
7694254
5663037
2003271
4431890
11490454
2155139
12365022
8343960
12111452
12942570
1370361
15805714
4168852
1045671
8142724
6707518
11640412
4655813
1849158
6077922
14533212
12055130
10788613
10483209
10528968
16502659
8912169
4876439
14132499
8548420
8229184
11037076
15432347
1305579
6458121
3063891
5284731
2959895
9286242
10774307
10186663
13513003
4717622
12855901
7592707
8935193
13200683
5655357
13026737
13985593
7999000
2830498
6024300
588637
8805129
2716140
14825918
7307337
1451681
16304539
11286620
11585723
5189031
3341533
5019691
4946346
2982706
7303531
2505210
6521346
1692796
14788520
11627493
5484259
1330003
15087618
502879
16139242
14526228
1186559
13684686
16303339
13101847
9802034
14247553
570120
9968997
9999686
9527176
7683888
4195084
12124629
8454002
11317661
9749775
10103756
1066334
13135462
6139124
999483
14166892
8168366
3001152
15373584
5780152
8620154
7046559
11860250
3341859
8379335
9455001
1048875
5926039
4233251
8077359
6458700
16442455
4105083
4361767
11107264
3155840
12248882
15888509
15164794
10767538
14133459
697450
15663476
8360368
5274486
14781935
13481566
8746256
6714328
7786970
1969635
4096312
16244956
4149233
15816247
4852245
7994057
2498041
12029702
1898963
3597865
1442125
2909817
13871398
2002011
12218067
2728885
10057361
1272231
15748751
3497301
16312166
5722997
9404379
10776724
8917786
4684481
8522080
6924291
3505702
5812816
7195353
11688190
4709223
16132470
6285550
4703059
3019497
7533868
12280332
13692550
1441179
10199849
3170364
11240798
16372245
10916767
1176338
6241899
2703922
1530800
2780538
7211305
8482607
1994776
15754453
14550165
9642430
1112946
13125903
1039006
9020504
6848517
1727870
9401315
8875378
6479327
14641521
2815447
16332449
5791911
11437024
2865856
13468109
570944
15520147
2984079
10112269
6579580
8864907
10006480
8394191
1673544
14069770
1873469
12875097
12638375
15381504
13468737
14140665
12996023
1761549
6387456
10765899
5619859
4296545
6255068
3273314
9125390
12057996
3900900
6261262
2177314
10081733
9105749
4404935
13794146
10286423
7237112
6263766
2324011
14049499
11689547
1558265
600931
9316679
11665933
1851449
8350868
1619564
10671203
6744112
5617877
8094441
14617378
10585245
3503727
656854
7288385
8767370
1243243
11546736
16372878
6985283
5329665
8370013
5977469
7891268
600354
1485528
12376742
14346703
14750154
5036371
13160886
2953736
11519418
16262617
16259243
15290001
9499947
3847919
4237981
2073891
11090811
3861231
9471602
3146619
1827070
15903731
15064293
13956949
968302
7470569
10291965
1996281
9890662
3368188
3308710
10698178
11312641
3951531
2250775
1956542
16597866
12622611
13925660
7104396
13045534
11381867
12236285
4702361
15751564
9241318
10561695
6058032
5959037
7506993
6712104
5862769
11340811
6497946
15238025
16120219
8970293
6655970
10834987
15498008
708586
11227314
10690188
3836801
413670
14912851
15039289
4515297
14709471
5997108
1164423
12056058
14054584
15211387
16456356
15299461
9103309
13138741
11945901
10629094
5171735
7764428
1113522
13126265
11336379
10560362
12710476
16431065
16362035
8612510
3917567
11582971
1048693
11360597
7520863
2606881
5001656
6916361
3398117
14343382
12965015
3525685
10781521
15229803
7323813
6006977
8270320
12770161
1695723
11237620
9276567
12216325
5399223
2039490
8989353
2400038
6219518
3683946
3393438
1318868
6293446
2496141
8587879
11832362
6931143
11529433
13511136
1506869
2268070
6196132
11555068
8747117
9967805
8913526
6345185
13780081
13153634
4403501
15411430
6966258
5136766
3099508
9960682
8213476
12658423
12657156
11082269
9876253
3471596
13028880
8397414
4043698
11243030
15738567
1310793
1512726
9909911
14006069
10172457
6545732
7753456
15573131
4836407
11339353
6026537
10844733
15386276
7400321
5278316
12899427
10468814
4825895
1460087
5784427
9129761
5404413
8033343
2442799
2152950
13624680
1804288
3635278
16206010
9748346
11403275
677951
7516463
8417553
5620602
11275318
14804420
3704298
3643137
5038511
12250172
11129406
13243777
1173904
7312522
8697528
1885158
4948121
5500545
848991
9431078
8709108
5446526
12120952
9984468
10991515
3716747
12871661
11091124
10820594
622303
12846004
15333993
13731786
3948054
8559849
10526477
11576048
2332703
10899671
3523017
15731312
13086007
11001186
4645540
14795451
16220771
14368731
5632743
12700512
13848803
15256395
15664680
1172746
8181061
14930199
11851810
7188819
10963373
2867346
11053983
6810813
7039924
5303687
9970790
16498633
1641396
10281670
13827763
2959350
2487717
6003448
11440760
7770058
10903114
11621670
14735809
12937398
2321610
2669924
7434181
10353306
557422
3624545
3221226
2415402
11905285
7338515
8806792
16327475
2854917
4300848
2774899
363999
5606455
6176385
14737912
372576
1642820
11619070
3056521
9005125
4611391
13903511
2936813
1257928
1460402
15991775
14744333
2570327
1128259
7085511
6509731
4507238
7311404
1761934
15556090
15816712
3753226
13151747
4066606
15318909
8855662
9368501
14190223
779408
14630738
2177899
1508816
12534463
739002
1742771
4848654
13025093
10524843
11357545
6575272
14765686
626916
2327742
639388
9447878
9088001
13925866
12892499
13936452
8991034
3311800
9499419
2075993
4813878
12905493
2020248
8330178
4571706
1447065
2040649
14375035
13221961
15338543
5136302
10046975
10769159
15366214
7503712
12224113
12768933
15848444
3728483
4311052
8608424
1736694
3381085
9995869
4905396
3358038
1839367
5289598
12211623
6863950
9362726
2280700
2102806
3085634
16051194
15037042
11210058
3706647
10620891
4883399
15065942
3499826
16450903
3181938
13414358
4221449
8860515
8702761
9763842
8963154
4596503
8254168
12565347
2234386
5217418
6712960
2274882
15816731
448741
12243181
5850635
1017041
504261
6596360
3615932
15456947
12868598
14017017
5419192
2270753
8105584
11816387
13908541
2863728
2421601
12394543
6460271
15730539
833908
1181238
1388235
15375296
6941953
3830428
13071663
14649679
12510767
6475727
5148626
3074557
8454758
13010595
817147
3180241
928585
3425836
7222346
12328235
13108272
4908772
5478782
10688075
2206423
10121369
6358031
10380138
2630367
7053616
2169464
2623706
15190047
13381724
9829145
6545484
9193444
10854577
11382686
15519172
730294
5090676
2149725
5442490
10812742
322500
16266511
10302557
1385154
14485055
1035517
10913313
1943702
14369867
5455040
2662219
11498842
14642138
3881370
3828142
13385809
10119303
3727741
12350611
1812444
12070442
12332400
14374636
7651106
13214045
1719109
15146501
1854390
6557581
12477971
12205403
4399685
9335169
10468638
4426474
2935967
4808378
1878900
7968136
5832302
11430138
1968356
11199739
4535176
5626015
10360054
3583250
10447132
11893461
4851425
10438110
7180002
2045677
8315245
1847607
13702268
7416915
7541355
10144666
12853356
10811498
10027667
6922554
1978182
687053
9444296
16203864
8253212
9406520
8841667
11757910
4630828
13099115
12182399
7392638
15551869
15358726
12149150
15255021
13081993
1929542
2449360
13282426
11299168
9556264
5899015
9862751
4138010
12385541
8909850
10483866
11820880
1505138
6537972
1699685
11166463
5938939
14261579
15258268
13040663
2639698
8368811
7391851
4354657
6793531
5194200
12180841
3353466
10293247
7156909
11689202
3652624
8951844
2942853
15420856
10163170
12323539
5680936
8850638
11286766
8900603
7115593
1317643
4893709
14414315
14898391
4563416
13210729
1774842
14027217
10767670
2391152
8218833
2791020
6079255
9406953
1583947
11629213
9911578
650918
10631529
3341105
14905450
7142587
8449794
11832743
7256095
11959047
15515831
8688276
14317451
5787914
2745371
10582961
13549979
1884327
12655561
6360014
14963221
11698395
4582728
11672561
11051263
8759805
10876031
12407024
3914371
7103877
2804035
9370229
15505108
16221009
2044748
2415658
12100494
13738873
14355824
2943681
3223133
11963516
3548711
6973731
13868801
5187730
3303400
2238706
6266974
4998992
16118030
16021506
6324456
6493904
5587518
8946153
3158523
7062310
14748056
3099197
15752919
13263238
4732132
16181517
7176348
12709638
6326028
13034900
16129955
2150581
6398271
2170624
12670880
13947546
1614014
16574073
8626838
4379516
9341384
8669668
5226356
7917318
2408329
4327032
15745259
5813257
6983407
3536180
7731167
7411208
14526291
3775488
10052464
13549647
15452716
12746076
3357851
12857855
8822662
619451
15961308
15029930
9930459
8535574
7544637
11921586
4476707
2541987
10058511
11674932
12414974
3517407
802364
3172897
7641569
6314063
607423
4334740
6832293
8993004
5703251
13514993
6959529
13380572
3419974
14464234
3552699
10862643
7181035
10978910
13659252
14907599
704425
5467404
1710267
3854691
1099828
9632303
4944752
4061292
4695377
373097
8595169
12318359
5193955
3655278
8315029
5759541
8021237
14365630
372674
3518912
4795303
14027116
7936745
12750737
1006747
1893573
6253073
410533
16061085
3216625
6134286
13536543
7264895
12301437
6957352
12826016
682663
6928652
11941990
5655926
5888162
2755513
10007854
511045
2507618
3898410
8567677
8679569
6993617
12168108
9914477
14673469
13815868
12117534
9598470
4495527
4604047
8467073
1030434
6895213
7920170
8115802
15757732
5016162
5640383
13356494
2917036
10919704
2205860
10550343
6672994
11218554
10959818
15616854
3322228
11225660
1400001
1290158
12571764
15728163
7771572
11402693
7968325
8316964
10423620
16540210
4561614
12433567
3402747
9953641
7615555
12302748
2985412
14056712
669625
8257868
9306584
9006851
12968834
2007031
1658941
11691782
741785
11334246
8417293
3547604
3998647
14523350
10251881
12469521
16561150
11812101
6479724
7720289
7641704
1578824
14868287
5431742
10554712
1615583
4831407
6331827
5030967
5005508
3999916
9966499
3378513
15417373
5847949
8208578
2292138
12681434
11014388
7477965
3867838
15843170
10652059
8016978
4142735
8390041
7921851
8771827
5713250
5524101
6699575
16503276
11938181
6184665
3051461
9368572
12294843
9548671
2536379
9670124
15353453
4115614
602606
11652494
3725431
1162427
10081436
12650406
16585772
16159003
3862523
4156028
3229412
11193806
5321375
11101594
2945737
15453851
13734303
9841686
6720563
8937936
15295007
3820731
9198457
5836541
8940965
16571788
6041682
9919145
5540197
8790430
9062975
11595894
1523325
15025324
8042685
6322463
6566756
5518914
8669366
8282380
8291457
14532916
15746002
8693654
3237553
2484823
7191819
7583474
14422116
8662335
14702507
5749935
10867969
14715645
12512625
3687526
13029988
3279891
8442524
12652253
3884958
10642664
4136243
13611962
13847595
11954106
13443969
6156826
7395738
13902586
1624244
13146190
413448
12031923
16412794
10144899
10296462
13945316
6922467
15516403
1539765
3245077
13975022
6564545
6623050
1729137
9876097
13133521
5444496
2873814
13326235
16460082
11685913
1288237
14561978
4624485
9352985
11784872
7225877
1475837
10115470
9077129
15996273
15578091
12598579
16564792
4843246
2320925
8460585
14518357
3764125
13399709
15751010
14453897
4872184
8175438
5425683
15588591
7765312
1994292
7391130
7676332
16283474
14756385
13672918
2776041
5964646
13282988
14340570
1759324
9751365
12984852
5798573
3604759
10952284
1371386
10922102
1499800
13612241
7040822
7690228
14726945
8906704
12754043
10924064
10622383
8825736
411466
8121192
14430319
7087778
8372980
10319840
15302073
8744246
3264718
7159800
13188664
5114707
4008334
1913307
13338032
15510335
10500318
15112771
3217635
1494975
16340832
16461881
6815132
3510056
5219501
16129286
5319366
5151056
8114610
14489681
5834584
10832429
15732253
8007999
2595934
10375391
15045399
1876591
11471112
3573163
9555609
11686172
12015262
1545210
370938
9163563
3519178
14016280
16447031
13142499
4582451
4235026
8869287
11805999
3740337
766732
13814472
15548166
12576877
14715335
8428176
16073461
12880441
16375943
7706748
485344
15397633
1631681
7843461
14080382
9224581
7326781
7247819
2052498
1159303
12064075
4538907
5625026
393921
10671266
12859722
15724921
16444943
3898705
4452732
14141664
15072101
9801557
13927264
3273130
6130674
986570
5646304
10935176
5100573
8011853
14362857
1773345
3511997
13625595
10967297
1136733
8936620
13992067
4153608
13984362
5730575
6602866
3680621
12590612
10904579
4388503
10585946
12631542
7899469
11149522
6525902
15343538
551921
5445840
6810815
6510822
10401992
6093095
13364690
1277795
5620892
3824763
3260938
16225350
13994357
10649134
12699668
6805033
13455586
3970860
3472531
9209505
10611546
7313903
12420800
4947803
11429048
12585335
6300191
1344844
4217557
13959671
8764489
1649473
5607537
3531273
7149308
9166142
6443877
6196535
6660442
13790670
1256399
8924010
6108472
6544975
16517482
16524924
13114614
15907346
4024492
12813583
15906404
9970826
10476385
4530996
4046356
10509357
13627953
962300
13499759
4700951
15651880
6545378
9120308
14236425
5560132
2773423
9375371
9528684
15027654
11494589
9529066
9229123
12460482
12748814
5834175
16316125
12931988
7690696
13541758
4888112
7146098
8461709
12279944
1888176
5061715
993874
5216130
6567483
3429488
8783357
13325920
8400718
2063517
10249538
12287226
15367424
6302836
2174138
853225
409625
688388
8669545
6485573
1854800
4705141
10260196
16189737
10302005
8887032
12486401
6047983
11620439
8972856
836346
5802892
12106651
1654068
3217602
3140635
13673660
2032521
7813030
9010990
12362278
519944
1928470
12062169
16006888
13111059
6926043
4060352
15254446
11613231
9761323
671868
8574613
14138982
10633362
9801597
6912163
15101009
9862972
7860779
5124323
6407513
3248021
9011447
9099083
16533290
14295592
9168688
14714214
3548083
3142521
8930648
3276353
4483967
4621275
11913141
10759695
628993
13847160
4006834
16062134
7488725
15942697
4769278
8441985
8120105
3673358
2140250
801327
2645126
6561765
5853207
6057278
7511728
3735960
7133717
10730270
12093847
3703032
3112647
6094122
14774373
10432243
14837419
6983674
7260280
13267226
8215658
12069591
2826240
732583
15201314
16216583
9240329
11157576
9902447
8503049
8274272
5251629
3165046
9905343
414473
11411441
15097134
3903774
9659458
8803069
10654968
6107736
5320671
13273875
2873329
1753528
16470535
1231050
4241251
12602303
1166969
6359381
521404
8091383
2505507
9014097
7528124
11363008
5452698
15245928
5513197
14727622
11043168
7227196
3832903
8469620
785349
9904226
9990673
14053736
4075581
10019081
10583736
12439158
9164635
5230862
7955040
14728913
15480275
2424731
9654030
12327755
1851757
14919901
12175537
10045680
9716373
8970301
11419985
7278133
4577876
15444049
7451379
12572765
7261085
5977714
4524228
1362484
13291134
8511728
15302254
8088736
11838834
3679551
3549414
14575755
4986168
3843424
10198182
9755115
5979799
5369385
975683
13263559
4733077
14614987
6692771
14827217
2471055
4877811
938867
15860623
1952894
4127572
2814782
8567750
15029834
7023012
10639025
4266648
14871267
11032259
11427175
3744820
11179057
2133723
13708997
8738684
1132078
9098260
722673
10694507
13605670
4433184
2640076
3181279
5437773
3403202
11942560
9368917
12221448
515294
8689428
8722494
9393587
8840781
5990787
634631
11788060
6008192
10655377
8304640
9293762
14228227
3005120
2393087
10991509
5524734
4874711
6805806
8430804
7109807
12591812
16049688
16188205
16251805
11078814
9199784
7385005
9845420
9126597
12935740
5459609
8380915
3243479
7303611
4521833
5076872
2439460
15543288
15387614
4537175
16495910
8656574
13981204
10298721
13263646
11763382
12027156
6133189
4001158
3759057
1803799
555995
1212370
7668907
7339053
13010064
2482939
6380381
1934422
582717
8657801
8298991
5116789
6532909
900074
5765161
10167944
9082593
9527800
13428796
16125592
3601251
6290208
4647712
8074333
8449412
13061710
7993222
15895937
15626404
9829182
16406433
1746231
8282040
12742209
3028019
13707725
2307768
3578479
10048189
13702479
11995026
2638783
7634243
3283102
12885826
9204836
4235280
12534622
12170149
11674506
6090859
5723146
4659772
15590075
5853382
3387091
1033623
13140616
6677959
13839255
11073693
12458916
7915054
7508077
9039971
11252451
4981500
1628325
9202275
11318378
518919
8341463
1017397
8694059
12261976
15222694
13480756
11612821
3610219
5673513
1983947
9732590
1846495
15311174
1515423
8346550
1990847
14494018
11357744
10098333
13724843
12336093
5082128
12392718
15004492
13465360
15379563
1570155
7807552
7786703
12264377
14810627
8118222
13577345
12762073
8305716
16051633
11976447
9581172
4451546
2271495
1832398
12489330
10674417
5474861
10702782
9198905
4193978
9974078
5373247
5201070
16012494
323008
1388538
12115312
5035614
5845638
15241344
11016043
10819249
3255585
11953744
10129570
4371004
2063722
4597217
15916832
3972414
8904645
5882194
13516736
8745127
9414821
10765296
10093648
7111321
4858823
13941517
11923332
12114745
7136559
9771452
12604297
2416245
8389684
7957666
8950885
3380214
1857735
7148130
12806866
2111089
8700549
3065981
13286410
9259946
12997178
3127345
13082607
7055342
11670145
13766005
4586643
6427963
1528878
8033503
10281271
5500919
10188201
9788666
11575656
6544236
6248426
7380579
16454916
8410013
8767012
8910994
6184119
4979143
15260608
391122
3782086
8091525
11006706
1991596
4426663
9138149
3675916
3604102
8945018
4835436
2126078
16577422
5815599
5363945
8651306
16169900
3605868
6242795
5466498
11182880
14503825
15366939
629239
6178851
4263727
2307964
9016666
14011462
4748431
5544536
2788303
2593326
9799625
13495982
12455087
14625221
3000106
2043470
6446916
8171928
13016257
13764671
2892528
884019
8520379
6317566
385270
15257260
10709641
5452046
761301
11668961
13308053
9401639
16447739
2545207
3962724
16375844
14754369
9138897
12229752
12251164
10852197
13930622
15665083
8866656
1600458
11489821
2504995
16457983
8871299
11792058
12396828
9642958
13282664
13135609
15642146
15787297
4854129
2030548
1908171
3459717
1335338
7966634
14606722
15627821
15718104
4448491
12281206
3459357
5664027
12273132
11364784
7055838
1488855
7624591
14175721
16257023
3047938
598639
1986831
435288
9092775
15965807
7427703
7831874
9475335
14263798
3003172
674609
12463516
15301311
7599995
13490801
1006073
4725374
5731430
2136716
5373776
425026
3830129
6192376
3267091
10263452
6852693
13954988
15697596
9150442
5760359
1560835
13252900
2182608
12832004
12450700
4104985
13205647
4081559
12839153
3415184
7885478
6886191
6226671
4870293
10556565
7698154
1013043
13063075
1243853
2649676
11224241
3739071
3461460
11303361
10892235
9161355
4420406
2450824
9186274
5992639
16355813
8406259
2617086
5525136
5647445
1670883
7650776
16314245
10618815
5451941
12154668
8000106
2757377
13216705
16272343
10650457
5787522
2536447
11737725
8586123
942605
3437710
5265303
1397045
629254
12031765
13932379
1031866
16030742
7755783
4723016
1949063
8075789
15794274
5264508
9640186
10050981
7599618
16571844
4243560
14130892
4981026
14570108
5405161
1271800
7723636
8962715
7358665
8754031
3640238
984175
1697658
418807
4127961
12418454
16529970
4075925
8069867
6257323
2839286
718914
11627335
14196541
2226713
5125384
7326085
4380463
14024843
1761461
8388743
3339874
1255966
3763294
10175807
9142690
5251172
2539344
16436243
8672915
6475130
16464995
13984936
8160559
15487902
4318815
11229692
11109307
10618884
2487795
2300775
4730604
4370274
2078485
3236589
353177
7390743
3673163
3562061
5623094
15170902
2222795
5892174
11372512
9711102
5134683
16189063
11839676
7548114
10173206
14888319
3318325
4085246
8356663
2875206
10834377
13897625
1074064
7459427
16156605
1012626
6597485
5034807
1710262
15161553
4317647
450372
6733360
12458033
13503451
13940665
7404829
11596525
3133212
11259797
994401
3826923
6548679
11232536
13261233
13821044
8356953
6102743
6194245
8013300
8746346
14536710
12440157
478532
4937445
15865886
16205390
8349828
11165385
14837991
16137880
11354934
5140901
1869713
3700487
2280102
1020532
10766670
5536429
11019219
3435193
4639450
1604207
4832616
5547879
16254395
10415983
11517785
826425
827752
3899488
4462258
8381505
1273986
13320351
11167276
3931156
11356186
15869803
11822225
902106
8631942
16132109
15703812
2030437
10623514
4139294
13719721
11178615
10121258
4998799
9150018
5433103
2809501
3925022
11932181
5280978
1621479
4997827
15867737
4627930
2022392
554426
13573173
3494781
5739705
9353915
10971240
14405609
14575302
5892123
15238694
8270112
14492596
6089699
4660433
13966143
11619511
14916641
8331479
7109817
6148451
10911385
14730542
8735603
3990891
5009927
10207091
10534423
565264
11536919
1810058
4073000
10161345
14008111
8865540
503940
410593
8245558
8522596
12916430
8565339
4911071
1582966
14416129
4068034
1429136
11293916
12120423
2390626
6378294
9370063
14999570
10835065
4146834
12004853
11023143
4434801
8843298
3455214
2472809
660009
14024949
6625110
16520763
9476227
11936670
9209262
14147420
2774954
11330807
2437078
12050452
5392892
13880631
11521101
2838876
9593937
5040429
3162720
12185130
16533004
9032482
10067080
10248429
13452932
12196843
13636936
10577777
14970706
9633270
5422274
14629147
13425315
8587580
3027296
2197646
5571627
12859018
3222526
6329175
10444155
15465002
5541366
11077203
6121380
3324815
6143459
8258858
4147604
15493969
6899192
15975841
11520036
6640355
15168095
4865265
4284301
12388043
8105469
11672493
11095544
9971237
15068697
10820267
9775239
4121011
11063165
9416552
10009892
6839288
15473506
10673254
7299121
5127532
15795399
1907020
5470158
3743421
12416765
4737458
8846516
4453112
5421931
10569608
13536307
3481276
14516930
8466413
5856114
7095536
1510400
1926245
9029042
8137249
10536576
1054281
15132778
13862071
10570368
10159790
2496965
10926782
10569954
1787927
15933028
13629003
8817792
10971272
6329401
12941199
1875370
1647831
4377525
7803990
13900241
12982012
6974094
15680954
8878146
8129586
13423961
3967128
15269253
12457379
4855181
2714133
8892933
13827711
8369234
973521
2566914
4709385
4610091
4072346
15581131
10635838
2326288
10882372
15631298
15491015
11320287
7539999
11977246
12604978
689917
10962738
5577752
7910830
2663950
4998405
3567223
1819156
12773504
8908928
15601882
12170890
9239299
10700766
4597502
8061033
11595196
1120071
8428133
3932283
3542119
3528145
3663729
13739625
15856655
3805753
10577928
2796882
8016646
7410648
11730172
16117768
12369091
15870469
10877011
8663121
5943443
4657826
1819247
7842235
15838607
7423717
7094213
13017618
10195475
6092052
9268399
15617192
12206453
6438754
3528555
1206732
6076174
10085470
9644495
8456140
4166078
3955589
5590679
1683305
8061142
3497051
10424128
7311745
14011262
8226882
14914217
9811878
9624014
12184359
9955411
6116317
5605724
11814813
11835598
15518280
14004825
1429535
1901783
11900787
13157715
7589098
15334265
9465702
10373559
14096028
3118567
7309676
13034240
11858936
4558370
14819140
7201034
4747650
9539588
3506038
16413676
8105638
4042635
13187778
11223269
1896134
11496296
1698771
12231565
10178483
5590598
5061630
6225826
3782754
2594530
9120127
2737237
8671549
666166
9291199
13532052
10886388
14767479
7438541
4045494
13193008
8099095
12328904
8252868
3177522
9239027
9189012
11862633
6322940
5196209
11264372
12173272
628901
13812781
1708475
3279612
11402591
4867984
5536289
14196635
5968363
11235592
625499
3950531
4223495
12808205
6224808
4696096
14974432
3112276
12820437
4663356
16130773
5554173
5092780
3605011
5906384
15912052
5653232
7239932
13159681
13982574
16014043
2934567
7132609
2885283
11178691
4926973
16335565
5980488
14875152
10302843
15424039
12114424
11682139
8291766
4895466
3732021
6202978
1068373
15714664
13907012
8747248
2307064
10057274
2324551
9331075
6282841
12849814
8137626
16275683
12431264
11280028
9104273
10404864
7266136
8024166
14465968
1991918
3455554
12176659
13790695
9118363
12709376
7024312
11044098
11719217
6020454
4118837
10676718
7115206
11343262
10540678
6774555
9692080
3209316
1960630
721295
1511675
4666092
15567781
2766581
10453650
8622464
13051626
6649843
12225751
13449834
10674323
10552439
16448350
13587499
10306505
10203750
10922104
2846959
10900009
6190049
10531981
12683975
1065748
2156858
11602557
7717565
8727208
13803942
6266391
15565545
13653746
14042686
6564571
4241175
12852435
9279119
8834667
2643622
3586309
7012869
12399440
12745748
4453703
6573530
6923088
13374963
7658769
14208880
12675544
10449574
6924532
12916314
7856113
13591250
8272934
4078107
9879910
2933388
7103939
7371669
5538010
11616038
15412669
10539904
1902274
8948298
4514692
2597723
4903817
3652273
8765845
11646726
15727640
1916989
7496229
6288843
2252852
10045412
15341123
13578075
8261883
3705730
5931333
4648994
16113845
10590250
2392914
7354566
2003444
5396008
9015692
7678792
6628821
11663671
7334211
8052132
655243
14528614
1964707
15546629
3121305
9817760
14687176
1126878
6422362
13372023
11375625
10021113
16216655
10427444
13798700
14143107
4945620
15281729
6412285
7085834
8644359
10007428
873616
10667408
9286971
15760223
13408326
1285127
16536353
3568574
5854014
13861640
6589586
3313843
3322192
11795114
11111281
10395633
6919887
737581
10858567
7143795
5132686
4841185
334529
2855879
8131898
15752201
13307740
9599135
13910623
15529577
9424288
15801149
6154693
15672733
15600243
10706977
1493743
7756411
2314129
7532973
4774030
5812181
3005254
1391365
11477940
2535201
320095
4065791
15349609
6098872
12592141
10205992
11756256
13390740
1724866
2312520
11894248
9834739
16566908
2987145
629678
11976180
12527568
14484681
2685769
5932715
1533223
12355772
11500948
15698230
12198846
6081853
1987860
9198354
12267072
7611206
6581126
9045288
10346060
7945147
5899164
5159660
7301623
8338373
6374129
3050669
2043037
15512598
6413992
3208093
1092458
12101115
12174976
14727399
9820780
9520584
11224989
11855470
10685281
5921230
6747436
2893520
10591774
2905610
3113891
14361447
10100253
5143488
12299945
9619637
1413868
8845228
16462765
6633417
8002443
10685949
5296466
13852671
12139519
15698802
9006981
12575312
16477961
12526278
11464816
5296818
2281198
4279850
12306626
1600668
2219292
9758930
15885905
4346527
16108158
15463751
7009182
9723968
12138772
626287
12115964
12236247
8710400
9218892
4847029
8898946
9185942
13930678
11830636
11697709
3622742
6562130
6176939
1203314
7700794
5975468
10524467
2035925
4298885
4116683
9063387
14574985
10668023
5696780
8814308
16007307
4431090
11494047
2582758
11788500
5364223
2700364
3056646
7966365
14855042
7537497
7949523
14571360
14308924
1969663
10200683
15287829
8658636
12056142
10899111
813354
14865620
3296762
5337769
1173374
3767663
12183861
10536712
2914707
15882438
10337656
9797946
4160318
12356843
1128196
9140493
13352474
8879234
8318313
5668191
4518574
10961419
7799941
14282876
8754622
1550857
9198828
11359758
6690850
2044479
13659869
1287970
4101760
8908796
1803737
10592149
15725323
2258743
13799957
10251324
12045259
903759
13810437
11480313
2619415
474487
12091162
10906292
9937844
15081545
16024857
1751644
7565600
15747918
10038386
7961924
9861988
12952836
14288858
10335318
1913834
14443531
13948411
13627607
6698836
1498988
16119093
5078640
10117970
8239102
1285920
2890864
5993905
8376683
3266492
8191415
3949954
1330258
11483417
16032224
2993735
4606075
14403930
1288795
5206655
15140150
10285359
13274682
2519494
3382379
8492280
5864199
5297730
8512825
10417326
13860368
16259138
15337464
10644494
13041845
13383689
3111618
14339132
2957562
4240976
1934464
6427721
12557835
15899371
6523066
12290692
4026182
3106298
4517637
1638538
15970040
3618122
12320798
6521053
13633211
13403692
13509828
14167781
2656583
14536650
15841342
16347594
12229038
866784
3995261
7754159
13772299
3758985
6912090
13739875
4773587
2355813
1322812
9203531
11342198
10612970
13192794
6569166
8313794
6353207
11481309
7942642
5435544
5576431
16268384
3888004
1860271
4312056
9971726
339958
7515965
7228260
7551497
16016532
1683909
16259778
6782546
16251715
11380773
4290453
13469209
15167091
10013902
6348786
3479605
972295
8709674
11536061
14089797
13078320
5532066
9047919
9088336
5846392
8985273
10728527
1636948
4475480
3860647
12587679
703092
11395355
1739329
11098844
8808179
10192901
12904456
15490856
9324655
3438374
4964297
10608328
10658999
13077930
5210261
5189370
7506455
3652819
4896332
2402884
13271100
12158043
12420596
16055796
10615919
13694772
10960366
9828282
9089500
10035592
11567514
5526427
16576678
1758041
3458889
11913746
6100529
5478490
13422686
7147839
14512923
16203794
16356748
4358000
15727873
4431715
10106154
9200504
4059433
12936130
8517068
11166056
13434435
15264669
16139460
4228067
9675918
15690730
11459104
10328682
14189463
6490399
7294224
12621663
7958809
7077239
3615030
2129793
6402937
6780206
10471717
5950773
15459176
4654838
1969494
14624689
6075919
7530181
7080891
6545019
3306143
3107714
5342217
13726023
9694741
7717920
7469424
10233181
7085679
13833756
7455632
8061161
10756077
11622491
3398192
5511108
3178676
10273069
12012078
1465531
4295494
15002265
5808519
14254456
6342804
7885101
6671892
6725551
6576148
12506427
2231747
11015907
6187777
7276921
3480753
15042510
14014634
9768113
16009243
11646904
7277272
2921945
6969528
10886390
5151905
2671138
9564183
12256275
1195743
5516177
6173212
6092123
5593077
10974801
10329480
8342539
330614
16204944
15033689
15028616
16176876
3319229
8539192
6967203
1259830
14620012
11831018
5460878
16008532
3499640
9443024
8954445
355255
7744219
3853379
13872159
2836561
2987201
3215233
10252101
4146055
15406209
10583285
5377583
9677285
2387176
5780273
12612892
2282164
1723010
13405486
13123938
8860763
10710489
6303874
5591356
10906170
13910085
4238856
4494985
12676618
6164613
9708298
6184337
6814050
7350276
1451294
12533734
10389680
10980563
10855990
16192854
15649868
2389259
14299022
492404
6974418
6612839
12849895
10728040
1425760
9003915
10863415
3807862
7457474
14306820
2956241
1355823
9469303
9930669
1004514
10970221
2960435
13341854
8050640
7153997
12541691
8486331
15867206
9501488
5731779
8470901
16385224
4131014
5813288
11964442
521411
8941886
1860366
13125695
12865645
14961701
8623470
14310849
14272385
4385212
5594591
4241019
7440958
10436240
9026632
13784301
2986368
7693813
5600411
8646740
8342380
10832852
15087231
14544477
16340747
9388982
12476586
7574648
3256916
3464038
15558962
15486036
1513622
4501781
14759974
14205692
11074403
729510
1209970
11870931
14997475
8573502
3401303
5058103
12124881
14232780
4224948
3785652
11356310
1447404
7029352
10984093
7022640
16570084
4978679
5484732
4403695
7839540
4452972
2906376
6709319
9064832
7652403
15952681
3470746
12477152
3665652
13305344
2117054
8782287
6268022
3459959
5987576
10733001
10934538
1525354
398969
9029459
1158865
13483681
2615639
7134902
16524810
15205085
13455145
14081257
12819765
12617161
12654333
7429722
10988111
9236006
6032775
12192591
9813177
5975245
15940212
6329976
1982612
6324991
12669159
2200287
4641412
8191383
3228704
11547217
9116946
4922128
11514091
5982256
16374942
4283878
4860141
9712381
13587304
462589
7296022
4013197
5394990
13420017
6210366
11683783
12603088
6064450
3970008
4816967
11320702
3818782
14262082
11303946
3041004
12205147
6727876
6477276
7247581
933104
1504719
3150892
6982479
11813474
5678490
2442339
6154482
15505850
2953939
4637991
13448826
5333756
9108351
13330014
958606
2955008
7939513
3618682
3687288
3491829
5623233
9332322
15186464
897814
14216533
15442868
2771955
10177076
3634329
8366568
4198476
6486995
3410176
16405299
10626414
9236130
2528348
2016766
15999792
11985400
3687412
14954360
14517707
10698730
2235694
3260953
6177358
9745244
7683578
6444698
4475838
1948334
13766682
5571320
5429000
3376268
5696961
3001373
9929461
12507542
7848561
10673710
332733
9728990
14468643
13703787
4372006
13600683
901385
2059046
2855249
8762953
6889318
1536726
8996676
14329160
9942139
10069035
1012336
16529017
4503571
15924837
2514684
13290197
7273420
16570918
7882551
422189
3682753
4481600
16453265
14558352
15014051
10795518
1545219
11353742
15242175
12970397
3803923
5946560
8442405
3736614
1399880
11018055
2798097
12549676
2825601
8585940
11038849
12733583
12356015
8264260
8533965
15124240
13313545
3472362
2577906
4299505
1240384
7045238
4692738
1652354
11873672
16396743
3626121
6339799
2867540
1823306
10347033
8214731
1497781
4427661
10843351
11362964
10396063
801445
8646027
7402825
12835694
4585238
1229031
2936775
1433681
6045521
8564357
11218393
15014539
1378100
9343921
7981829
12309040
7170277
4884643
14758964
1410508
8649161
15560407
7185087
14316513
5424143
12189446
1449301
10313910
6058288
13862939
15502378
7750369
3359795
2037613
5800156
636772
8848124
11052860
15727133
4463645
10659656
12017946
6488969
1148123
9441993
4818828
1253090
9830647
1097282
10195763
7604478
15104338
13821200
11152619
12863671
9169865
1496201
6849146
16578296
4673445
6557445
3675399
9025139
4243366
11964193
900191
15914964
2506940
10051662
12688506
11596136
15538857
2352718
5926372
11388890
10591847
617653
8372550
8929450
1586243
14829447
13145241
9954919
740792
15894513
7480092
307183
12968675
5669957
10114658
1344149
9544819
5011007
9075755
5597245
13240031
2385902
14801979
4451148
4686005
5981987
13294878
10740737
2710790
7826972
3324284
825084
8766198
15325327
12941588
11647908
9266388
15361076
6448630
670226
16045426
11731767
14673137
6543688
3018226
12883121
5239855
13293570
7291594
1987066
10429001
15424837
7278954
10706305
888341
8769638
16480288
11610130
8284208
11855264
16362253
3459259
8757517
13901843
11614969
1268405
7210707
13715270
10300715
2754569
6108269
10365009
15018328
10003915
5052640
11686646
5125014
7800194
9975073
15049480
9301039
3677775
11543079
11739097
9542136
14533103
10249858
8813710
8072133
2787057
8143092
3973330
2340211
11374770
10622695
15989458
9922453
7528102
14178585
12129710
8101263
8369067
9291921
2578419
2119029
7455771
6739247
4520191
1700036
1242572
2149048
7396022
5932448
3902629
12568455
10073366
15979474
11673024
5088715
2682448
10926059
11827383
1917307
1841272
972651
3822676
6259945
4926740
5700238
3424623
15329923
10068112
1929071
2126115
10497944
9154087
4786521
6491204
10177471
13309027
4904441
2456877
1224318
13238753
10645973
11212629
10862660
11090498
3673806
14579857
3674505
15919883
8934502
4532449
2057948
2986411
11523699
5965919
6464938
12056240
13945494
11778821
12202763
8281140
3414300
3548203
8792711
2695486
14398850
6332015
2758495
6800873
4043647
12556167
3369305
2888479
11555341
15460609
10953467
6558867
7723851
14825026
11846155
10430760
9445567
5222546
14165794
3453028
9348518
12015226
8788687
14868688
7118304
2152195
2035296
4457917
5879584
6395317
7620326
10450038
12399538
16543096
10610709
8740183
11541241
9892724
1271162
7670035
3497363
8686041
12764706
6524242
5776037
15419608
15292193
11653165
12512718
9217940
2681787
15526083
1810994
2631250
6599203
13982923
4753104
474295
8781583
15647348
6906315
16157436
7149005
9930107
15733258
853366
8466963
7206515
14778344
9072290
5543114
5771611
12255386
3451787
12256659
13033689
15597405
15416339
14899974
10806159
14949720
14022001
4750644
4772033
2338848
8141154
8590217
1391138
4295420
10817888
1492149
10769037
10980175
10443597
11354814
10858331
5536624
5411241
514258
14596223
14579201
1403685
7624355
5962981
3785815
16579120
5351917
12346859
12398802
13711620
6955475
5176544
2174745
12161178
12036230
11154006
1834571
3920547
6589959
7651108
14525102
3620708
7660596
7077108
9817265
8141252
4777775
557066
2843084
10499082
9991619
12735295
3016826
15416074
1606951
8062788
10452111
7311249
459181
743295
2381810
8192126
6565898
967481
13345928
892681
15132881
963922
9446534
7735218
2427132
6778508
11415272
14020983
16293322
3148487
5382468
12840141
8589116
12907963
16141202
15909332
4758243
11914585
1911854
4037574
10016770
763790
3527990
4777804
3654122
4815540
15718371
7643101
752967
12655562
9168844
12558359
5223351
12015098
7067393
1609865
3995336
1848795
5194165
3175063
10430957
8327816
3676026
16195783
7789968
5907322
5380938
13564377
5124193
10360788
11223150
8816348
11760848
5158106
8001258
14984839
16503020
4369501
14175153
14037719
1694854
7828202
7556663
8897767
6128285
8721131
2699684
2282351
14000575
15764794
12935592
14994479
13770591
16576858
10558335
1143711
1815565
14380117
8372250
14249139
4436090
6792066
6310022
8563537
11146804
13005679
4051544
12315848
14800854
10710411
2572535
4076489
4781058
3893313
14972392
3487203
7488127
1608329
15160455
4400142
7421399
15057326
3309187
13315611
3806616
5997812
342323
14190722
8084116
12272249
13135859
2846733
1366881
6868586
14401844
5096247
12037875
511644
14697691
13615016
11272761
6194506
4897851
2946086
10976517
11107237
1793187
10558181
2279456
8583796
10918431
955301
8396626
6432873
5740753
10582152
6237833
8899865
3262003
5746500
1258559
2778081
11184670
12486602
7771166
10054811
14030479
4343101
3672708
6845959
1212884
8595267
11230090
9947715
6625274
12342493
6912649
6880602
13329392
2843450
9800283
5577093
5815568
4066577
12808500
6092763
9093003
14749055
4834299
6342931
655987
15796054
12179343
4682446
14665920
7968803
13943796
5246759
12771477
15200985
4277583
8568761
6233412
13120038
8955744
14256070
10194335
3740746
3364156
13453396
7840353
11275431
4530396
1393155
2346318
11978153
10498729
2178126
10155913
9394446
2727873
3175243
16520535
5666798
10659551
14974914
6135060
4102926
7835602
12985609
15626096
7452467
7774869
1234972
1764741
8271871
12139718
3480714
5272837
3462105
2134909
7034095
15654044
5324057
7370434
5235997
6487823
8749674
5322060
9602589
5222899
4982404
10809065
15962139
4880314
12042241
12126493
8550158
16095056
4204216
5127508
1330540
8611781
9239011
5911786
16348700
10709500
880941
13015487
4638246
4317906
5028067
3055189
9746155
14478061
4926011
522599
2251605
1001179
6324547
2690701
5193241
15376493
15002433
11338229
3763950
9274006
5858011
7168797
2825604
11367814
3744917
9574594
2044581
12660232
15701275
1792054
11283882
1562344
5389243
6958601
6640368
6725171
15792369
12476228
5748763
8324230
729934
14470653
4142904
3802328
7096361
16452473
16152280
4033671
14424476
1937799
9972093
13300024
3214402
14206630
9745457
8179986
14244184
7799828
12248107
5983265
9583768
9303277
12813818
12641187
13397120
13720604
8802451
9871568
7591550
4151510
3361219
14013886
14242975
5707285
2309983
9472483
6526532
2504201
7232452
8921119
2016920
8043222
7388267
1184655
952142
9284606
9521872
2777602
16003307
14859853
16528466
7050762
16305777
13030219
15830114
16370559
12807060
12258806
12413891
5246524
13785395
4058147
4660991
5858261
13384002
14210836
9086434
14480543
5260226
2659380
9763902
15626997
3130539
6020765
8879160
4994165
11638048
14876056
8262952
3756437
4175446
3489123
1921788
4061615
12110897
7341130
13549542
13822904
2303748
4153612
1978000
14536643
4488141
5429775
1371548
9116049
6754681
961320
13356877
10148003
1901618
15358522
11309277
8900925
986775
3223118
8013443
15454618
11890879
3476476
16307849
6507622
2597917
15252028
3806441
6872223
8110788
16156847
3179042
16157844
4184327
16450141
11377973
1027880
6682357
8746608
15897732
5474587
16582284
8669474
3160731
4750575
6678721
4217695
4637564
4191154
2537543
8097190
3126670
9456323
7626734
10551535
6355193
3565961
9963013
4124283
7038477
9879100
9028797
4105785
10156406
15194907
10299437
16329932
2856934
8986868
3154293
8807401
10707500
5256162
16465670
5968533
1352850
14044678
2309437
1315496
1730562
4270841
14711209
10775896
850004
14229125
16104792
4631139
4452563
9964520
10103032
554333
15231080
9943085
14379846
4314134
15383287
2586860
15870613
12618966
7621462
8659526
10735382
3218620
16439418
653648
6481818
13004085
7614230
11752462
9787694
2453565
11268356
8128091
7408177
10136223
9976552
8404988
4795211
501069
13618841
7044395
4166660
10154277
15625549
7226951
4351808
13637777
2865723
15530701
12048200
584133
5577651
7478208
8020597
12441580
9087913
5272102
7231445
9934428
6183002
9733833
11874214
12233004
2104523
4296976
4419534
3032172
1156767
13465133
7011704
6522920
5733038
15755159
6789390
2135313
9036685
4954249
9895691
8917623
10827671
6246454
1074145
1999247
12265262
5961321
9469526
1675421
7220435
15169118
6832804
6634499
2513757
5352169
12724991
11975453
4290992
4789982
13949502
1206846
11675551
15222285
1887684
7073592
14869976
14188980
1018219
4059395
8898337
15295529
5300380
5640147
14752068
5321113
3434758
989946
1373892
9561007
6861466
8297652
4157679
14620674
11502149
2284116
15288027
4601574
16040493
707116
7364519
2005881
7357622
4100011
14584050
9772807
3360966
9421942
7035807
11912509
16127669
15468465
15585028
13466623
5401250
5755730
8246366
6837414
9433856
6781655
13749298
3827519
11145820
1911263
13319402
9430151
5816126
3298829
14514363
5728225
7811985
4754581
15334071
9132696
5269497
13398360
5863299
4038067
12962888
4703799
8349593
10759787
5156262
5251502
10527304
3798630
3400288
12961395
15077674
10239518
591805
9633069
9867059
11098305
5566847
4419054
3653476
13819909
3101855
1445292
4574314
5494707
6038227
12708311
15486040
9094149
11710401
6706536
1293062
4501422
11511998
5808892
12614602
4296706
7554750
15591141
5050224
10914208
9256711
6276236
8517014
3645160
4761660
8528405
2179106
3504469
13920356
8045958
4065228
16321559
8284386
3309235
3702886
2813646
3655990
6567962
6619307
12436907
4734399
2824827
12801135
891936
13612871
3342899
1573490
885170
7038338
9370431
916966
15259050
1343793
2659561
1118388
7428596
3336289
1581067
7806063
13268477
13154774
4332103
9445797
14660494
6935572
3778071
5840703
15991719
7629041
8531701
14781168
1901171
6560329
9732838
2763547
