#Seed 243585901
#index showed the (transformed) postion of the SNP
#SNP index
15786843
11384088
7724267
4326690
9171516
4365012
10272029
14953681
12357738
2721762
1239820
15873718
7438492
7544036
15722328
6834744
12626058
16442862
13960024
6988535
15421437
7136476
1828658
10048620
12399298
15218286
14250759
8553048
1086559
9425974
1733666
13506110
9403048
16159105
8319064
3430269
7453002
9343429
5455376
4391104
14058410
452496
12442594
12532668
9749153
4389544
12220577
5487345
15043727
2570819
6144961
10139664
5529099
15694294
3172920
3366818
4355347
13450352
6764234
12130039
7532592
8966256
14000595
4486366
1796138
2522458
7410811
12961057
9273435
7565660
10173629
10414291
3988978
910664
11579641
13273998
10112298
3818659
4347703
12185820
12333371
5110223
4492660
7399971
3450698
1915615
6804109
11858858
5744852
16171390
4807696
5409472
1511976
5972394
821793
5580802
1190675
8205565
12238317
14337146
11638657
15163354
4899621
11348396
9329355
12292939
1537480
5607464
10374332
6568391
1436313
1145262
702535
13701472
3700166
10067760
2738387
6842388
1803891
5295123
15973344
3813680
7631391
6383620
6250959
12257024
9686614
1317617
668628
3672711
9920799
11702723
7698396
8781474
2422863
883026
14570585
3622949
1190844
12458097
15446605
1722310
7243158
13805865
4362604
10987183
14958512
5737236
3218168
2069338
1386208
4646590
5281755
10474181
14546650
15900560
12397592
16427946
15960126
1303720
2023721
7589765
3317680
3854969
1365867
8414576
8350181
2171697
14350652
9859910
8826237
5356105
8057226
12371942
2761583
12143821
11989681
10536472
12436892
15006982
12378738
14417148
4055848
4688999
1549043
9508348
16560169
7151497
765217
6799293
2964081
13299502
6381968
12645832
1523612
365851
13297186
15324052
3720442
10386434
7118869
8154541
12307108
11122405
11935342
10308024
7824695
14883920
3810580
11921321
6073128
14361157
16020110
11311491
11853248
3424014
12153232
10022549
7959740
6900895
3913901
6243281
6393811
3728185
6375551
8402484
1612523
1784878
13201743
8995907
14037130
2335381
11517070
13913202
8115486
9344360
15185298
12361515
13142589
11575973
11847947
7075537
11893813
4883117
15317663
2586239
4622784
7095461
10361206
15224591
9552636
3109662
5131427
5295178
6014174
11086611
7747723
7204457
15732209
12870952
12395727
14671061
7007953
762836
12231785
16419486
15202533
8611382
16503926
16459780
8929956
13252134
12534026
9751817
8369034
2130924
413297
2299340
3209544
15363983
11011658
7147349
10723235
6194306
8075433
8418268
6448630
7622737
3810018
8473559
13610485
7213352
6118279
10456893
3340487
15707942
10623215
10964100
6051634
9360041
3385557
16405187
7182516
6975974
14939189
14181612
6148522
7424388
6667856
7801903
4240440
5312759
5079242
11167712
9213825
10501904
1993214
479714
15182958
13047828
13673322
16531162
4165819
9987881
6969933
3323803
656854
1230796
3822018
14397673
7134507
8017773
6714583
662631
424412
2846501
6045101
3089425
5264571
12796754
7194207
3691307
2946346
2828569
16047628
10527163
10178976
4769430
14087773
8003359
10934494
300523
2652415
5889717
12322911
12648627
15424837
6855497
3949987
9525590
4190086
6757128
10920366
835506
13332013
14450996
1261190
1629465
4686144
11610220
9361047
7231714
713896
3573076
8246327
9149042
11428984
13783398
4148371
9698794
12170181
694522
4261466
2347154
14461428
14766581
1562682
6725215
5893830
6819306
2450115
10162780
9813308
13947546
1191584
3344877
11625865
6302859
4902043
8525010
14473749
6817648
10235485
12697299
15889544
3814023
4577732
10381366
6286293
4454758
5761754
2437827
10143645
11245255
4845956
15016988
3113049
5122577
3451797
12693295
7185205
10076053
6252429
14167574
12304113
14217180
2328330
8884957
14805367
11102139
7287146
12948128
768300
12796041
3180403
1118460
12992303
2434826
14735806
6549895
14246142
7552544
2841850
3456318
1088319
2091569
8717518
12797500
8623708
4541139
15010898
12346826
2395906
16374266
10862961
6724051
14046416
13976021
5063346
13717979
3542337
11360767
12150913
11408371
2061614
11426514
7716073
10076244
9241508
1172889
1879009
2302266
998426
2311589
9404726
11694741
8365701
14528915
15148980
7950578
3102138
14791168
3740210
7991599
11588391
12119956
4091994
16139278
1111205
8033904
7459467
13024104
7849178
10779559
8787447
10043749
921742
8203781
2055009
4504074
381247
4968057
15889871
7613515
756865
9479935
14780784
8090069
1792054
4384490
7312678
12288985
8164887
669007
11973072
11916911
3361168
16033086
15466597
13760080
13934367
13950304
16285939
7731379
10213370
11504980
2336937
9032837
2954341
16567678
14650055
10797284
6580722
15322158
3653196
9928651
882297
10062436
10976039
4228094
14934265
7445294
2473755
3679566
9937618
11296476
4143749
6224764
10584944
15431984
12162717
10830579
13866886
15225614
12477681
1447083
2198640
12741063
11358997
11313395
1006077
8137807
6658110
7841123
8483783
3974060
14968402
7272758
16125754
11337022
15934988
16345469
3176700
7863857
1811546
15170026
1762538
3902517
723549
4660863
8674214
16496923
3543475
7319752
8844317
2324535
13301785
14392282
4838089
495815
14988131
10221529
13884682
1757205
7975845
3302770
2622026
9930617
5694904
14428652
1590103
13770566
8844188
10223644
14114824
6416358
13779921
8273982
634422
12454034
12754716
14867645
4919517
3860227
6036903
3537007
12589577
12841301
10090690
7754763
6413989
7214338
2462035
15024264
8882237
16160456
11535523
15773745
8862323
13379800
3241485
10153381
6500918
6429997
2058080
13165254
5687388
9699942
11954445
1764162
8950552
3641058
11469204
15978363
10994550
5652656
9762779
3464788
12053241
4806914
6029512
10976676
10083310
16152426
3417848
3865506
8947250
10895524
11060852
7055736
920349
13299625
643623
4622665
5938473
14380357
1368006
3869077
14306057
9369313
14532388
16369339
5035935
5167752
11473844
11601733
9655787
16084556
16311085
13142719
309976
16115150
15338948
14563266
13202768
14213585
2377945
6324169
9165030
15320586
4108879
7822008
5527203
15709867
13769312
3847960
6526547
2487803
1323733
13772026
13188827
1679186
13265681
3125351
6325398
10662185
2678008
8946139
11367997
6523461
2919275
3584293
1414316
9995197
12972667
3757623
12072394
12061788
8978115
10322798
4035944
16295082
10120876
7445310
12392528
6089001
854194
13746447
5670980
1295834
12892732
9190179
4105314
14644199
7274324
12629179
7589391
7668867
11991247
6364834
10469901
15857821
6168295
15985404
5274291
14119800
734687
2704608
13792386
6135968
4226617
13867224
5903614
12693634
7119277
13143383
9123749
9430038
11492060
9411618
5814844
1530171
4835644
1556725
13980250
11363227
9984259
841041
644290
10738689
10209355
4905382
11932196
10424628
12933114
1969848
14207402
6084227
10677929
1905860
14054920
6002052
16311729
10768494
11274472
3870173
10471911
11497586
14773384
12669915
362870
8773852
1317717
15627359
1999019
11534278
4857192
9561738
5842807
2656086
10000369
3472842
5416844
15185681
14902269
8810973
9417814
3021990
2712713
11558725
11553452
3982839
6258876
4941449
13107685
4824233
7455296
12623948
12722077
1850212
15727370
14114681
1122501
10086035
1688663
11914217
1643774
4235885
9653318
6049720
9323671
3959651
5645095
6308273
9597071
2117729
5871093
5409963
14238988
5280374
5980057
5953294
16152064
8234298
16200633
4446361
12299253
5033853
9937222
11776198
15783471
7707340
11295816
7364145
1125464
5368414
4926088
3626868
7900529
12955667
6433572
6848557
13811873
8038752
5581037
13415124
5715747
2892147
4635436
2230843
4498477
4677437
11976312
14611146
7625470
3840543
1348339
9709498
15998662
11381828
8946654
13176201
5551900
2917732
7178799
12400523
11437544
15342889
5495960
2941643
11666821
4176528
10041802
10244973
8394102
1732166
14284995
3098585
15644854
1552078
9192498
3031859
7840318
11037758
606854
15117134
9479743
10973834
5067105
4699380
15447842
14652588
2521300
9780164
1049973
3231733
4325846
9745871
16048790
4614303
1348530
8595154
738160
8133333
409505
10377506
12371965
3290358
3194980
435665
4166806
1181781
6763490
10149157
13416954
927827
6022896
12773587
11350774
16476613
4213394
12947481
937290
12224405
7040686
14968058
1479716
8864633
9061892
3220651
8280061
2988367
3711461
13394357
14024154
3011602
13781552
4028201
2179635
10237494
9723620
1548876
4385387
9281706
11478616
13759835
11377597
11035494
580505
4361142
4673611
998200
12445284
9482989
5112924
9702516
15227745
9232952
408294
9860620
3328032
4770865
7106157
6758190
8883994
1391358
568340
15507084
6975024
12742343
8507819
2325093
12563270
4257798
8965311
11027091
3807835
2594032
3606297
8832461
