#Seed 423667388
#index showed the (transformed) postion of the SNP
#SNP index
5638585
15721352
15016703
5392808
16311547
6923500
7387487
9785871
5346683
9773757
8136861
13076601
6461695
14034249
853284
10429945
15067367
3448369
6876628
3492247
11207982
732140
15041217
12588372
7154130
3531425
3893246
4781955
11863510
7287803
15983030
492805
5050280
15678258
10218416
5854394
3414529
10001560
2955238
8701482
722011
2545777
14816801
14805023
7195186
10155938
10308424
7298672
8699895
14157822
15365318
13286461
602351
7455828
9060037
10224230
2055428
15916007
16166572
9920359
10030497
4234731
12665662
2181638
11673907
1177560
6915341
12288015
16000927
13439896
8312652
11298866
14315288
2345021
4062082
9487093
6004715
15883495
6534156
9833281
1487141
2443121
7411642
13678841
13106043
13506659
7776982
12073798
9116248
9308964
11415657
6482936
4329648
6155925
14634827
5067372
5898240
10709776
14030021
5935930
