#Seed 2186026590
#index showed the (transformed) postion of the SNP
#SNP index
16509893
3085319
11169162
1790093
1753818
2573006
13616485
1091232
5947572
3582530
15900789
12263406
16005048
8493583
8350730
2536247
15274880
2904114
14681074
1127644
4701436
15921900
6065657
16050628
14977190
5954827
14249376
13077001
5743473
16553871
15740452
12110365
6018523
9365453
12146413
4629031
7920105
3342952
2097794
16512807
2603775
3553724
10048615
15914416
3313549
10015185
12342493
13312956
10410690
15069053
16589899
2817588
5383356
5057405
16531189
11820311
1875509
5393543
7501321
16161880
14496171
1772480
14194722
9183857
2945370
471327
5012569
9752881
7636297
5014383
7210168
1859952
13705430
6415570
9851929
3537315
10226515
742377
12529830
1006393
6495825
6594297
5201465
15173578
10358755
3280828
8352062
8074693
13481333
13812155
10958065
1168255
9601042
11766194
5480043
12762493
2279389
10797207
1987697
4813993
13970718
8366568
7514191
11060630
3713355
5617115
5708185
3293599
612005
10166473
5000807
8861905
13048232
4299679
2543348
12086949
2242259
5758503
2064582
11768665
9264170
15668428
16336253
5035294
15402479
9839363
6485364
1625663
5284539
5825004
13430530
8507757
5654624
12877521
15610278
9292295
12960154
10694088
11864290
16044178
4338028
5300881
13025839
4103540
5999956
6017268
4029513
10809697
6537681
684359
4623366
2039705
4240233
1479984
7238356
3445980
13302986
3396701
10386819
3613253
13577942
16145464
3723088
7332326
16009384
10990120
11549766
1292563
2138499
14433674
3753103
7121161
3197529
15660378
11653281
8958907
11798712
13681904
8747738
4982399
3286981
10136363
12485767
8417894
10074174
5075062
8172493
4518033
1761546
7777558
15742291
5945561
3348811
1709218
14994631
7247826
14894919
3273598
12736218
7988327
16385175
9818529
12177687
8432450
4611699
13631722
4339949
5796092
2349874
9186206
4723684
1044840
1576995
2858158
13884086
16561012
4093522
13977264
1763685
11896566
3585722
7098484
10996226
6439390
2881479
7304788
14121017
15332587
7413957
3249174
8214486
15800642
15194574
3588653
14494103
15095342
8715169
9922021
12558290
8729414
16563851
15035640
13064412
15390253
10630100
7703948
7756249
15442879
9359688
2228997
11503244
1402734
11941165
11804611
12296678
1455873
14742781
8898558
10502182
2988329
1212177
2821813
11523712
12340067
9002852
13269480
15824960
16114690
1609190
15459173
3316275
14990543
4379885
10334711
8762302
3807582
4699172
13448523
2039588
3556435
3872875
15084011
2333976
5703107
13348161
10022911
11827678
13653494
16162854
13502280
1456199
3787401
969119
7830741
2714317
826663
1907066
4503288
9031873
7012511
972925
850137
12499549
3761370
2531498
2573949
13424708
13999177
7301074
1367990
7896150
8171979
5677048
6675064
3738153
1671091
11814427
2583682
8655183
3646782
10558335
6389912
15400989
1049528
1277813
10863374
4430485
8449666
10041923
15212030
13761774
6825371
15019247
1263924
1221068
5140442
14095696
7951453
902358
1158230
15676742
3616514
9059230
14333910
2461358
9479819
1361099
14722924
5610364
14788520
8758963
10836047
8083617
1636139
10007427
5204476
6318510
4824001
12502515
7472091
6298439
8781573
3985927
14481424
3386654
4169335
15726992
11330127
5877088
10008682
10578144
323208
7089920
5635709
12033018
15469226
9483604
15682496
1419723
4545223
3988509
4672680
498308
13940144
12147355
6886637
4084788
5641483
10518964
15909839
12419769
8314370
8873928
707779
4978756
14325580
15760493
6355863
11004360
15009197
6692897
15866704
6300725
13012367
11281851
6123185
12124855
837574
11986418
1885094
8715306
11733442
13424296
10008629
8369423
3811671
13804598
4490059
3099234
16548364
5850829
14091231
12785321
10833551
8906467
8332253
9906038
11592075
8388132
6425890
11713954
12227839
2752583
740411
15090726
6171288
11335023
9278949
7866554
7233149
2165428
4564622
6238113
4972898
974744
15299674
5116249
6114151
14613274
1355651
8742432
12146602
13539592
2992293
5789459
8576477
9563029
15584814
1772584
11339596
3395954
13176551
10083546
5243653
1375294
6537236
13457575
4036080
13519883
1976783
12857117
15346275
1640809
15038602
8787843
1626002
8619450
10648616
14662950
15238846
6336748
2751150
7449518
2952838
1500428
9064877
10453427
15919531
10915493
16187896
10364410
3645996
3346667
11479703
11766098
8578952
15860978
16529150
6546819
9638015
12754285
3299326
15871346
10787774
13992439
10630053
12962652
3558279
5771210
4154706
16432900
14176399
4594761
7220306
3528199
13311022
2376767
7830691
16581844
15731877
7017352
3879090
5009099
8818442
9106351
13112736
7205683
3526171
5246214
13011190
703120
6748414
3332581
14772488
5196650
5078924
12311228
469135
3476232
5918580
11253451
13139842
12963695
14990567
8270783
4781383
1233383
16332233
9866994
11397480
3401622
10568150
2397183
6504839
14454150
5030276
842030
10783473
13545477
15266269
4002823
14465498
6806627
16508281
10686373
6325373
1855777
8997389
14313729
3457670
8491412
6775250
8182146
968734
7312822
9089502
7824103
6570195
10880256
16264747
6579410
16572970
10157405
12453951
2688501
8137010
7800922
10194099
13061567
13202339
1550467
7299806
16140743
9955931
15752067
15381687
1551584
3551277
8785954
2700084
1174684
14362932
4718415
1309159
6736094
13346992
14434640
1257127
2931247
13742831
6890043
3197070
3682498
15773325
11775255
10675448
9727387
4009601
1426227
4083478
3624785
13420524
16515936
13149428
673420
8802505
5798226
16018723
3401360
3209298
11442278
12480894
3928627
15322158
15447833
13931742
7108756
10280274
9577511
6587744
3866513
6557632
16483776
5163181
13181906
12526939
3261450
11325862
4846552
8552274
16378399
7188668
9900441
1179095
9472659
9649362
7589278
10755895
5499042
587541
15598830
5585268
14880191
10572622
13529136
5176804
3901219
2548763
7864654
16381582
4951343
10216634
8187794
4215039
6554664
8433310
10193189
10101790
15058007
8606624
5006444
10295165
10354288
3310329
10359706
14989645
12185376
11531854
7693380
6491396
6527934
10120523
8858284
2525071
15815308
1205710
9833412
12573313
7530341
7130882
9324243
13217281
13178036
13143129
10441838
7415826
10334785
10141220
6731164
12844269
11281904
2410638
4135074
15459555
4630635
3205042
5978771
11989213
12821001
14236693
5243669
10689490
2887481
8207075
12541311
13208309
2507890
693822
11939914
2306722
8012959
6300553
15291070
7210176
6748536
5425743
2514364
7391293
6040093
3719109
5839422
7198337
6571167
5701028
11554221
1678098
7804359
7383417
9162156
15392244
14611044
4121668
2203336
615208
565945
8095696
14372565
7052833
5623211
3819826
1755807
12462328
12348072
4725039
13923621
1758091
2348212
15537381
4656262
3614548
10884439
13717645
6978111
15898571
4916171
1586866
1927420
10758674
16330087
4844312
9067055
2543053
12108018
3786345
14505436
10180653
9716392
12262915
4979415
7993898
13660315
3484181
7479903
16093617
2313515
8660605
12632522
9540843
5980500
14485639
12635034
10411677
1717672
7307474
14802836
9539439
508314
12258159
3629706
3561942
6997847
16086743
7230463
11546773
12634572
12414112
3984325
14943845
1922791
7660943
8632104
12592528
1747541
3135114
14349960
358794
15660308
10572378
4218300
1951090
5464653
9333327
1361723
6905036
13995614
7802814
901360
2302914
9411384
15062566
12442835
8638968
8924356
15166347
3242216
10181708
12471902
14441273
16120436
9633581
6073652
8359777
10523431
15235612
760321
945303
13284918
14230261
6386104
9527161
4966208
11382159
10630156
16425878
11179993
15932835
2883681
14360428
6905454
10399667
8620396
6623910
12921670
2180455
2687804
5307883
681946
14156506
11963245
7891179
13493657
2668306
7060304
3942223
12548398
2204278
13692946
5200254
7789060
1952734
15308365
12446508
2711256
5598992
1719577
14082780
7044928
13012497
3219769
13108234
9090679
4484003
402422
4380805
3269141
4270885
3790722
10335044
7138391
15731406
8319067
9316926
15464116
8687005
9613620
9367241
13586238
15269427
2813543
11420630
5985043
4129690
4824040
9259428
1118014
6837480
12929938
7013865
6893486
8538201
6138948
13579826
15517331
759187
5182332
9519014
8557047
4801694
15970050
5544668
3325784
3213288
16573617
1519919
5308146
9387769
11079951
7530288
13159378
13376973
8053800
9554816
16371303
5325772
12297633
8450532
8127243
14456050
8618921
8225919
15925324
3690327
15606529
10334152
5494216
12540583
15940439
11502123
8415965
7759333
12419193
8565600
12575312
9717940
8150587
3645374
13788844
10484726
9144199
8532340
3023322
2789484
10472375
13450920
12139508
13465139
11935440
9677322
2152581
7730098
3794629
1024400
15541283
10035010
3638969
6871706
5575772
9541874
13982618
6845762
12296058
12213627
10971399
7130067
5105021
3143667
6962453
16490161
9201828
16422133
4693728
785541
14382726
15226873
6903845
9614489
13705698
3722045
4031872
13799858
5558577
14238797
9448786
1655092
2299977
1554594
5358846
11551423
7752868
12753751
5425803
13872818
10819758
330185
16484907
5020210
3513094
521037
8902562
2764426
6835981
10165812
3834482
14156807
1055024
1001410
9699399
5357503
9620281
3692134
11942352
14228599
10420617
7686843
1582351
8242211
6750750
2788443
7169726
5901617
1405615
9749305
13474169
3507621
9415219
1901721
3163322
12508261
13935749
12829563
12468209
2483403
3413931
10038666
7704030
3208037
16351349
3056791
6233029
7033213
2768570
6739917
3973823
14487945
8742045
16151086
3639003
9240034
5498743
10333214
13136677
3326997
6063223
10296121
1883074
1184218
10448116
8841974
15968203
16371392
1487232
13033036
13874318
14839090
13652633
12261976
1267303
15469871
13627096
2807308
15181718
8779411
2451999
13303190
3504705
4156031
16398537
6199767
1135939
2763425
3087835
2625664
6959604
5326171
6971921
6308120
12405040
1832622
3414691
16083620
923072
5008357
483618
2287685
2624224
7372161
2340702
2593065
8107156
11278595
5685754
10359883
7452054
3182654
9055260
11788781
1431315
13801083
16497678
13101194
9386852
12895732
5652833
3484185
11114471
14722760
1983523
13080855
13631109
14984586
9718737
2834874
9933627
11545678
997852
2140369
2672774
2832534
2310046
12897097
1789870
7264243
12800396
5032101
13274815
11249029
15692611
16042880
548532
2479241
8457036
12526862
9276913
15209974
1314508
6296733
10737507
2803855
14511351
8124925
7693363
12246951
7298548
15661973
12507420
10309435
15754386
11951116
7136334
10490213
13125411
8675324
14796104
2121037
2028942
11982746
11441741
12037521
15204545
2313042
9140755
6966553
7589326
7396636
13685622
2130874
12665458
16571636
7480312
11923197
13482014
8701660
8072569
3983113
9826544
3902391
15210306
1426008
5576302
12765274
16445576
10092538
1642458
15079187
12589026
2037128
16043439
15418288
16367321
13463671
8047236
10664696
13005543
10737599
7601249
1311090
9491642
3535657
723240
5420724
13616448
3050669
2956229
10199655
12437957
9142877
7670917
8342539
14943972
16025680
14541129
4928877
4563565
12221424
7441897
3988877
15132757
7444071
6553613
15000551
8504955
4217635
15482953
12285076
13901847
10217138
10796229
1005769
6242317
12274583
14071017
14817601
1034315
15611553
12300704
2253707
609359
11121693
11420684
4886168
8311525
9893618
10673451
3743421
12183693
4537790
12070621
1504347
11589788
16372453
2411573
2717724
1424295
960182
15812301
14115341
1966801
11505679
15040049
9245913
4341778
11387304
3664628
14902274
5486769
12345625
4371183
15777687
6753742
875764
10935976
12235995
9665419
12184106
16129558
8028494
11965160
5217511
10134401
3734024
5381639
13620578
3544989
871805
11753961
10716786
667380
3492432
3938720
5166559
8994476
9289676
9595899
12775676
4785347
9270759
15110800
12084485
1204239
15755733
9126240
8154677
13012284
3031503
5466945
2894812
14536223
13832180
6562283
7990634
8437561
16567230
15140126
14533910
16328000
6466289
701135
15488519
5885320
12086115
9898484
3637487
2822235
7603619
11078253
11638827
10715957
3294819
14470653
4793549
10829589
11960052
12235719
5897535
1176558
8226440
1010515
11492849
7030570
11864182
3708264
11903188
9019624
8291243
2639698
1793304
10318788
6503064
10832006
13386632
4690191
4579277
1028801
9838481
3315419
14600173
6463548
6255168
3250969
8016978
4932242
875446
9109718
13526162
2942414
481386
4293324
15544576
14759422
3132294
7656527
8803581
15836352
16071891
11162552
1230190
2008942
8272110
15749221
2485297
13996539
8393824
5047959
2898215
15201179
9825735
11397838
1839584
8297488
10115206
11803185
16428088
6366731
12538819
3493290
11985142
10312404
3335815
10379427
9029184
9560847
13558608
3232183
5378018
7124431
819043
2347889
3140782
4011600
2683639
16132470
16246778
6093374
956515
1832809
10107160
6231983
4691271
10812723
1539592
11070429
9373924
2624808
10905791
745942
6104593
5973346
4249673
2852773
15430440
14837609
14098238
8355827
14618086
2943005
12685944
4251156
11325331
15641586
10561357
5824888
14824198
8357455
7250111
16405230
7032410
950217
16237657
8741527
11428785
4690756
1006889
4377460
10772627
2136473
2177906
13822265
9569214
4336002
14402141
8088063
10923235
6504932
14353050
9207176
3432502
3785972
6224115
11911342
8625463
4170949
7453924
9330866
9493814
6500988
582203
12550023
12499635
933239
8677025
12148671
4478050
5862618
4416167
6211031
14032004
6267716
11248011
11646011
8677381
12287579
3475723
12774901
11568326
6689613
6763198
9349281
16344748
12322180
7280044
1019138
2618607
3775268
8725900
9321165
5254848
16389092
1034478
3073427
13931272
6155357
14731470
633453
1837057
2894606
9438426
13393155
3240181
15316716
10917344
5162458
12165008
7552816
5972479
12842294
2418177
13104916
1649277
5278243
15782948
7332087
5363744
10722403
3996303
5176004
2263971
13547169
4846286
3487371
1951998
6322423
7385255
5775763
11881738
13733348
9960110
1622233
13336829
4395208
14754445
9494082
5642638
9598292
11033936
11531173
487112
11636526
7296120
13425117
6095694
16099955
3705945
6225165
13412753
10993051
10475077
12036359
8302086
7011284
2629520
9186646
6650153
10363342
2479423
11937499
7462924
13729860
1973285
2401692
11250027
6626050
2097565
4828109
5635852
10455629
12935651
8312968
3671846
348500
11256621
12473888
11371928
5487394
9610084
12373553
9271319
1665575
15534456
5778374
8625430
14416950
4469155
15838615
12573949
9323743
7703447
4953523
9251512
8189296
5287548
10795145
9169391
2123660
12612883
745284
7590702
8739849
15901168
11169493
10617199
4278143
7112067
8710079
13159379
1837937
7538065
13087025
9809523
7793539
2676571
2593615
11035552
16185198
9277454
15370906
10838806
11203418
10985861
3901048
3704836
5183657
10898911
15054113
4172686
12125603
6959933
1703225
713655
11131568
15188778
7582553
5457272
10452968
4717622
3555447
8147279
5461235
1291941
2075145
8862416
4278780
3941670
7409916
11610744
2871062
10524448
959428
15318132
9949577
12497429
4116683
2931186
13937505
1752736
6272573
15102897
6772726
9804326
11437371
5469199
11552605
2397187
9583316
16197095
15780947
1962624
6983025
1670927
6897535
3033944
11947920
7550388
9235962
12129092
12562689
8095147
11603844
6728609
1049468
3009425
9300569
13412464
3690786
7269280
12409208
572520
16328875
3708450
16073485
12826271
12412388
7025234
11695201
16453174
15835952
4803004
3234417
9929979
5949367
9299976
2998927
650570
6448977
9657287
3398145
9764006
5245177
1639850
12669934
15463770
15683970
1538146
9647947
11606001
12020246
14432475
16442497
11066602
4165185
10185439
3164171
9730923
13306632
7787793
12646553
16286153
9162462
3077737
7688452
6074626
11986618
13435281
885517
5723988
7177532
3057248
4392393
15436581
860747
4476528
8364590
16370126
13507535
5110558
15072329
13215388
9987109
2578148
3834188
2515248
12229352
11771294
13111086
7962617
7415455
11695314
14137418
3461181
6786448
2782355
8045844
15848098
9234499
6199039
3640208
12895580
13628661
9679371
3605323
5479141
11129030
2189715
13687749
12897187
6393369
5232384
6120617
2521724
13704614
4610369
452946
1558450
7636311
13439268
334603
11740825
10285244
8640443
7041813
6403304
13612220
2077590
7376785
4648910
15497933
7493283
9984746
671063
13584530
8708712
9115451
16145765
4279218
11605177
16299022
7389529
13988842
9273414
11698298
15459940
7867121
13965823
11365877
8717290
5538959
5755719
6509637
2342333
15916636
9761550
4819968
13318901
7396796
2318533
2433542
12265173
6618740
12311447
7746791
16216623
14426191
13096552
15737992
4197628
4837984
11840653
11186696
10825723
3768212
9410819
15419337
1227087
7143921
2723592
4112954
12146541
15932765
5316944
4140560
11273554
16576454
7475086
3444628
8740994
3647713
13718276
1933821
14723013
7332966
1240124
1068654
5795723
15073647
3996080
11350023
8162971
14081394
4693864
14509618
13423066
2173154
4685034
16124220
12109918
3695347
7788691
5573450
829473
13408178
13443410
4193460
4426023
13902456
14407499
10123833
11691123
2418079
14992756
5646036
11442774
9891471
4744611
11472936
560099
2203000
2938848
10016713
4931313
6351320
2634350
4094789
796020
3271613
11211479
11409525
12094748
1926575
5340741
12573131
2983814
3682314
850459
5591406
7755776
14508579
14934728
12484707
3325734
14470144
6570104
3063549
8229675
13566566
14387500
4918537
13131997
10149727
7272758
15424473
6522885
14086203
8026212
6186137
9073444
10098454
5193257
8041860
3862278
15106815
3570238
14110311
4826950
16412535
9279197
14328552
8881720
15802294
10036950
1314717
13177259
4235331
4785183
15133230
1246781
6034236
16510252
16135354
10875006
4046409
7591927
11154848
10835314
11031585
4243116
8416597
6528094
15483325
16112174
1659459
15170420
7339715
12957788
3658564
5812401
2264725
1268709
10143064
10158045
2309125
16506812
10201794
13919348
5996840
10743688
7408041
11389043
14779587
849458
9930745
2080392
3729343
6558337
14194624
8699722
12492649
988895
11698633
4976322
16498118
12699896
15544020
13228679
5155426
3811282
14930380
10754355
11366135
14036678
8360133
10166929
6998273
960787
16277446
14807223
887926
10881038
10468783
4952557
2233611
15411197
11437734
8762860
2882151
8006334
16311982
15053516
4091994
3383112
797360
2380890
6530013
6329796
9634406
5241078
2633778
15572014
14693034
15362264
11733630
11745248
734687
2675041
7387174
16141875
14413362
9759347
12960213
8322464
5526921
5642066
9572919
13136577
11643536
634423
2369083
7778804
10949346
10523616
2369343
12268061
2636708
8881251
3979129
14730822
6001466
2853236
8611482
1198213
722711
8534469
4404935
2457363
4811823
11018175
11436366
8182014
6607857
15400245
2180442
14390245
16214920
11808080
13534378
6700983
10933929
12948153
3833560
9098260
9071931
1229167
10028835
5057111
4740861
10902397
14261191
4576914
10735450
16269303
1935262
14841872
6817788
7048172
2600010
10354628
5420360
12807649
9465529
14777275
3480565
14791267
3625658
4059837
14092718
14674357
10055706
7772514
465841
7690696
13341838
1790276
6933864
11583328
15577340
5213428
9872591
5400767
7925905
7197386
1849010
13217183
16498125
11869080
1084333
15076089
13531767
1635041
8982519
3480028
6973348
10282105
6662256
3054651
4412212
10817358
3202473
12309645
9262697
16179167
6238453
15102801
1466742
14162043
5026827
15648843
16560781
4126493
6405889
14431524
6556640
885690
12134370
849207
647645
7950991
7872713
13739504
16276291
14903132
16371400
2523515
12152277
14399099
5546962
16518879
9814627
10726927
4633171
7904484
15723821
4814860
11210165
3643673
14516687
7602383
14506831
11596623
15645410
5896185
10327645
1056806
8813658
901385
4813722
14566346
5165261
3208899
6083771
4873800
6572189
15286271
12537886
11086788
13268647
7726440
7174666
14355414
13851691
5151114
5061630
7516019
11343297
1965642
3515723
6545423
7044035
16526450
15316570
2000920
3185325
808559
4112735
15321565
7241071
11657902
11171698
8247142
12748797
12446094
7784908
7568639
9857808
2134909
10119601
16391257
16052001
1624696
6057113
6722727
8973637
13271806
13751229
13453398
3898172
2069588
15752597
13305420
3457387
13261293
1164741
13060464
2351313
13335527
13855267
11350471
4348363
13264790
3758759
5370140
486105
8116892
13955556
6517726
10534423
10518787
11787859
899584
13937404
1846204
15730036
10521974
4280572
9120477
14892372
14966404
5902210
16567309
7462779
15718621
16084969
14972632
11257785
5618505
8928075
3255029
1610544
11928517
1224458
8118846
7553667
3899488
444054
14998161
15181802
8204809
5895966
2619663
2461172
3565394
14046654
2783332
7723474
8074455
10133743
8851607
1362859
1849473
15332055
5330059
2362488
1848396
15467606
6078455
2395905
5711161
2703937
4494613
13074955
6057825
7893911
7244984
11248704
1031343
12977966
5796188
9094958
11111001
4885893
7540855
5228579
9992079
1361354
1167178
1429929
13664104
11107138
1174300
2777789
12191078
3154402
14714937
3878834
1961954
7136861
6616950
13905826
1817181
875971
12532649
11136525
11669357
15282027
3187322
11756699
3627406
7183439
583696
12885909
14422205
16450010
2625995
2867740
3703659
6110217
8927017
7713808
5469929
10104724
11759368
9710190
13582501
10180916
3244939
15590938
3137562
14685382
8719904
8678837
4234386
4732947
4794271
14875510
15632686
7415512
3308491
11424615
6361810
12772760
5868874
11365071
9867353
16355704
6396265
3737879
12724535
1385881
4663869
14887586
13522483
10114669
12709126
3847770
7116315
12943309
10512623
8996657
13322311
10505979
8389822
5543335
5265710
9267734
9764631
3143873
6267582
13807462
15765776
1099025
842362
6784609
1542227
4866903
11959065
12321700
7308924
4628233
1055463
3749852
9404195
15392251
3337823
12136350
10794524
15368144
3996259
3431150
9788778
14736342
5065794
389252
9843934
15189830
14262126
7474160
1599345
3080580
12882932
2846823
7343143
3306473
16468330
5630156
5566941
12335674
6513165
14706175
14896272
14724726
1636952
12406261
1314097
12429116
14885855
6165875
13104943
1490419
15587671
5543534
10626969
13581587
1925362
10357312
12388415
1624536
7000519
13920962
12684273
3182360
3603172
14612709
15840707
13904037
14994878
5775160
7697960
9928984
10451540
5439503
9188948
9963557
4340020
16429756
5541372
6776409
7336538
1560185
7486891
8032075
15574722
7417786
8261631
4068658
11547245
937854
3071182
3394423
13607092
6176000
4488100
3642603
2404929
653763
9587185
3577845
3376525
4669161
4731732
6800074
16385133
14876588
2262137
10342657
11777163
9522575
15793458
16132472
8665767
1881729
9103545
8769925
12449436
14625830
3548618
2618783
16130884
5069667
2488430
11299738
4479265
14211791
15025993
1689408
3315410
12553471
6656995
9440056
1842414
9090873
8065975
8803069
935106
8831264
6846852
16140211
723036
2067890
12850552
7069367
7536958
12784446
13569373
7608881
13381970
15815734
7321082
16097804
2159587
2206527
12567768
9766224
13409495
6530562
1853609
15155596
8515858
11061753
4764168
8201418
15140608
14286440
7802154
14195402
8621693
5841566
2428929
11454624
2861855
3495946
2159261
518211
12534945
15215481
15111455
4932864
10559120
4496852
15438741
2287584
6955717
12329991
4211629
5494281
4171356
4097320
5601922
5025375
13393439
5155019
10490671
12169470
6203102
343182
338857
5139735
12372747
6643040
4689087
10441287
1073054
2735777
8145059
4360925
11103372
14838659
12665226
5020622
9591389
6298974
5342630
12360647
1781297
10036977
7992238
16563039
4492597
4436673
4325261
9762465
13693454
10348109
10316773
11439164
2827590
6737316
622816
14120280
12890179
6531195
8393199
13519098
8915540
11710051
3275487
8592280
4051322
7634534
16147504
4036687
15248353
9899808
10537793
4504061
15195015
7940124
11032692
1327584
12484899
11658506
4075409
10460806
9863422
4955542
5278034
13903331
9840808
8547559
1657012
12137551
9651914
4640069
12274249
11748462
11489201
9063116
9884170
2286083
10266379
7193635
9572724
4345714
9838914
10042680
14485633
4198657
13510839
7601275
10886934
11804753
548937
1403844
16585661
4621603
7846361
2101054
10932148
12957756
7427448
2160425
4577457
522882
10640687
4694156
10186180
7287976
7013831
16059275
8844293
7055666
15742542
9669949
9241208
4035923
8668928
9271232
615800
2937365
7176626
2664761
12911364
1389139
8954414
4347919
3156579
12377168
4732645
4732541
15768354
3126438
2487675
10489341
14429606
1319453
8954525
9146844
1755166
9742697
593437
5511820
6649476
9689130
13700589
3447261
1186709
2794590
8179804
9798601
8887826
3315496
4239235
6353253
15347055
9094349
6792542
6184665
10669853
4172244
5820476
13748058
5321697
9971237
9632305
7375808
3319835
1129516
4411067
9949434
14962357
10837568
9181242
7409793
5486453
8245111
9350908
656796
2440095
6475727
2001637
13357339
4184231
5230872
8373901
15135922
1653677
14738624
7317135
3598690
6936985
13669230
11361689
1811296
12179088
7583760
1038625
14302840
1266733
3964538
5207137
16295958
16258880
3545164
3129478
7349983
2405431
744340
12678277
547431
2357581
808374
3295089
8980373
11027839
6066847
1079771
15343777
3144294
10321818
12640395
7578733
3106520
13826917
9393318
4954724
7864152
1428232
12982975
5154197
14821866
892053
11858462
7984005
12498225
12906049
2636832
4032561
4511345
8794491
15958398
495541
6443296
1510867
9636982
3222563
4917282
16453914
12077439
900268
11870294
6719591
13092442
8194365
312158
7083673
15012248
9220330
1633131
11536242
2615478
8506869
8697774
1658810
12560802
16310694
5895276
15191197
12151022
12614591
15938399
619853
10550164
659591
5021969
15353268
11076731
8828145
9804068
15693131
13377701
11823881
10224876
10166336
8991113
12868598
8884442
10102477
14780561
4687607
1562173
15432098
9649809
13641197
7126117
14780194
14280696
5416396
2656118
723977
6746820
10240495
10872389
4130223
9837626
7581694
7876841
8985134
15021334
12730350
7193082
12216817
8981252
9908021
13355397
13674689
11845687
15740861
3896231
7761675
11194127
2774126
13563745
10532559
1153789
16434294
15855442
4697710
7373643
5218790
2213285
13688963
14375527
10327032
10133026
6469339
7109659
6103234
1511068
14422380
9115469
4338477
15796932
6146763
4502639
5049649
14060309
6258898
16144672
8170204
14529529
1795568
13960726
10437018
3105703
5323547
3249875
9713850
14966907
953508
15713284
4533129
16068186
2916858
12146895
8021666
1817225
13228877
5225710
13010127
16208323
2592817
16215226
7108464
6200826
9336609
8323426
7325338
4228200
6699766
5601327
8049893
12645765
7734222
11798512
16297609
10591779
3095219
1871151
1189883
14101534
8903159
13038791
14184121
2194083
14725678
11195043
10638222
11071434
1412668
7897868
5862410
2499845
3414838
15366063
14129762
7748745
1571582
1914396
1122720
7501826
14890672
7134480
11692184
2278377
13408773
12691274
11082589
10542085
8974353
5609072
2366016
16411328
4401771
1556706
7913461
12219769
13705223
14263275
9916114
14690021
12435806
13881550
16531360
11322939
7276578
7058644
10077494
2117041
10904007
5562942
5661747
14099982
6731379
8885888
3385770
3269205
7704885
15831611
3661398
6283923
10590856
5334655
7410722
3842439
8783145
10609689
9676823
13979840
14071387
8517471
3689493
15933022
6137365
3728490
15718774
5020737
1976790
6687559
7504492
10772224
1083375
7034117
15927177
8739594
9875569
10862961
6722707
4885024
5582067
12307827
6256084
15793587
3222526
4529722
13409430
14487939
10094051
8426985
5795748
951958
12342016
16561456
10171745
4705030
987105
8918845
7371297
10350002
6207407
11893214
6640515
9126487
14510600
1853308
11503126
5337382
8353308
2935272
4218508
11972703
9804394
12831330
348347
7448038
1845930
5405876
2778909
11434780
980044
8704240
1894820
1949325
1946205
2223896
4234018
1222958
10904444
7015903
14433744
7282505
4980537
5303655
11384346
14909927
4250752
2766390
10096890
3996895
7132027
4142179
1992972
3556926
6202241
10506648
11404848
15666553
2924426
1766006
15448610
1065486
13937015
6880359
648343
12152298
4501031
1181681
1303531
9907429
10025190
13398007
7031987
9106418
732270
11369616
1088786
9482016
2838953
6627867
14953828
10129444
2290635
824857
1786788
15865749
6434923
13755616
7298792
5478494
6234286
15143609
12745501
8062272
14578751
2230318
3327328
7222535
2236114
1966256
1657169
5917551
16032725
6726337
15055427
7884233
5016879
4674200
8844261
7622903
7543667
2143353
1621482
10073382
6043260
2843552
13702241
13678482
14561780
14525847
10177772
1291482
15628194
11650175
12878278
9161276
10243622
5781634
7163320
7992568
10165187
14851843
1248495
3614716
14455341
1269324
1569503
13446906
8660084
5936330
7286498
9282460
9352081
2552749
7050055
15695400
14962594
4765426
689157
3645076
2633614
9639189
540889
1101609
3697606
9300453
5269930
5050303
11798783
10899709
7598197
12645682
15980386
8953117
13891128
8431708
2081382
12451062
7180640
16239395
3576843
9399023
14046678
7059124
8869159
10179376
3368119
3493809
11887652
12168557
5957537
8672903
5789133
9027275
13631737
13216867
8560067
10129011
9460846
11325957
14495424
5183671
10221081
4828915
5670111
8015428
9958857
9976398
13738217
5318407
5480563
7234189
9676404
16284823
9069699
6374891
11245261
736076
2391885
7443472
4492173
4456164
7123265
5693718
9849609
3607261
6077136
13020493
14029917
4330641
4140566
13209267
11399955
6792565
15949095
8485654
8985367
15103660
3700812
1159408
9560567
8339416
7497880
6744162
12117271
2020546
14523255
9208255
6758927
5955081
11683244
1468862
10008909
5876372
16084559
16456068
6490884
10679005
16438343
687953
4850309
9753320
6334393
11349265
1900304
4687325
2544650
5694469
13209137
13836817
16501259
11514369
5199840
14372150
12115835
7540152
2261542
9971737
9284741
7773236
7744095
9725524
14267735
10498602
6261923
3672386
7612551
12171471
8372777
1249764
14161613
16460628
12399704
4390125
12208742
9700819
12130208
13754511
16204676
1813973
11113599
5418428
9524322
2490314
10860978
1668859
348344
11953498
10453664
5974625
10020105
10051004
2601125
5728642
9059227
12210048
15331705
5795484
13205249
10013396
7863521
11563680
10340782
7781541
1002008
15622098
11598208
8275211
7868186
917092
12137186
11915420
5672523
12480910
14098713
3131406
572962
13190054
9941706
4264570
13313741
11472058
4035287
12754940
883414
9961612
12612708
6519833
9602560
3020742
14572401
1588077
2212116
6614300
16553949
13002333
2215604
6539726
4140136
11807096
5637417
10456069
13753780
7098399
10094694
5293821
15347356
5375545
12791723
9925954
9896024
15594011
10010597
3453028
8135081
12910932
5494401
15328956
9448849
15578697
8027099
11953898
4915272
5056727
12548912
3920524
11103414
10455844
2845881
11246868
10008467
3719213
6324478
9801514
6393398
12200865
4024389
9376542
14799954
12577824
10647890
11667299
14595034
9301496
8371255
6793348
2803359
11858089
605050
14515020
4225192
6292022
15704983
13287906
10746973
4359615
16213509
2171444
10932800
16105607
15737692
5035494
8448933
11514496
5077232
13157070
6749368
4338091
6104252
2895704
12467819
6444322
633567
6477110
9742000
4451315
10450692
13545592
6973572
8964374
14414304
6509676
7560408
9424575
6707277
10202928
12606556
8731696
6452873
3944017
9709005
15527316
11854389
8050333
13595493
8758798
315289
1649714
13723414
15396650
1406816
5730012
8655180
13266151
6242828
5905731
9487937
6837961
12999395
7858872
579713
9329016
4742817
6401118
2977479
3859843
12959653
10397248
2081066
9621092
14345752
11973048
12459036
14909592
1710267
5451439
5609364
10963187
16031252
14494146
11591514
6360290
11297483
1058142
3615318
6293128
16212275
8563416
2852820
1410034
2985916
11982389
14202866
8130118
11595707
4299031
4738042
4043426
1009753
7745730
10445602
14192828
11370884
1049726
16444865
7443115
3115464
11627581
13829495
5374976
14718323
16178118
3838363
13938910
5502129
2521300
6320484
7464825
9914513
9233804
15073312
14782308
8877588
1542342
12521392
7261663
16254038
12250718
11650947
14893559
1665528
11839015
2864476
7188307
3982724
4111554
5158428
9709535
6720139
15815627
11494537
14336865
12752044
6546118
8929015
8965257
2723714
4658517
6105464
8771072
16145673
4523358
6103042
11170458
11990738
8852463
6265606
6870702
2413955
11642792
12592657
12585272
6299312
12654952
5616290
11599087
5232799
4744264
12506225
15232785
11449921
4987548
1211932
14398260
5404656
1762404
14320782
8263724
585614
14916555
2669927
8364056
3539239
8000605
6764234
10700483
8262800
3615670
6827828
10982793
12759388
1850174
5418643
8466750
844699
4449526
5155445
15892635
3322460
3639250
5557674
9209974
841604
16487530
10540952
5469113
9890208
11046931
3847736
6335229
4114033
3451787
1149448
10895086
5952382
10623851
10742984
650387
11934505
7952762
3034670
7361265
12828554
8298443
3384797
7645818
16373532
14073678
5954594
11882818
15030538
8604725
15417505
2261680
15527350
12463865
2652605
14514854
16308042
10663844
1302529
9448407
15094937
2460752
5710284
14765854
7201040
10467286
8249408
15581703
7285719
10798415
3136735
12373897
13037431
15469919
4457425
12106126
9379527
4815956
9985882
13716387
8625505
8728893
1819121
6244971
5721332
1091928
6547008
7731379
9106895
3651211
12018326
8158762
6683865
13601268
6443649
16507541
6564545
3856483
3655222
6605026
9203445
1384920
8528405
8736008
4051662
11340263
5943793
15843049
8028206
818982
1084519
6292179
8016674
13925666
7687235
11863901
3560350
9165145
11975723
8948898
3993760
13939516
15102202
10431805
7091561
1341077
8197748
12605234
2085853
3619281
4068634
15724879
724274
9963013
991508
16348647
5014691
7616723
11839716
10663258
1550606
15270324
9826815
5523629
16564790
681975
16332371
368787
13016193
5025891
2246183
5409453
8410037
5051265
767201
7294655
7631450
8313227
14329830
15308572
6976308
15621839
10023370
14103735
6733918
11053961
16186283
10281925
11203862
1886328
9924981
5917317
15895869
13853901
5399293
14587664
2909041
9761260
2687179
13745823
655635
5972294
8073668
9535488
2453165
4186839
6326213
11283467
8069799
9660658
10118898
898649
13549576
10570743
14408335
11879142
8803264
3849942
8824729
6061954
10221578
6449216
13227836
11462566
4712580
10868582
13290313
14489630
11827964
6516370
12177587
1511769
2219292
6461898
8638160
9035883
12861824
11477326
6927950
6693438
2642715
12982109
6198563
6804285
4042942
14476478
7319684
3161637
6190060
5093958
4001723
5942051
11555836
2560769
6563917
16000860
10204353
924529
9853493
1806668
2957918
6673010
14692101
13069450
11236045
805175
4854853
14463676
2521600
16168781
4807598
4361298
12345557
7610403
6947208
8359052
3407017
534033
4409316
9518715
3096793
2421175
12006940
3036891
522638
4528107
3448752
14384218
4296931
3678246
15485874
9029946
12220013
10965882
415953
12697006
13607912
7649699
6713727
12883121
5881079
3206959
504503
16462581
7080736
7525369
4269584
4494481
8297843
16393886
8658003
12094663
5236324
11548323
4254473
5809300
11218722
12933156
6004121
6736692
3335524
15354448
16377666
843504
14337793
2574480
8411440
3173653
12754663
4667186
8547002
3418621
13013735
7779329
8418430
8075739
4785504
10061316
15184364
602163
10318089
2521239
15461991
14203002
14948231
5748597
1773924
3889774
13906843
10116678
10559731
4558946
8156385
14739147
1173695
12075112
14148505
3816925
5032077
8307675
1068946
13613543
3726267
15798312
6428149
1732443
8267201
14278162
5914903
8351352
10703085
7291581
9388664
5881495
12470151
7715709
12497847
13059975
3987198
6528889
10886699
15867543
11323867
5145519
6844474
2315044
16236648
12358996
7227429
4421202
6534954
16351597
16512229
5524547
8007524
9639735
11427130
2241141
4598642
1850823
2531295
11225700
16257725
16596216
1225917
5298914
6590568
12075139
8301977
11553634
10912102
9061869
2709658
11085919
9319186
4191107
12790287
11844183
15608644
11938378
10647338
1075463
16203617
3800842
9369031
7544650
6271067
1906552
13445777
4616822
6883972
4634849
15893772
3156138
9219374
6048068
3095492
14744044
965950
14357093
8044254
11489937
12573869
15793533
11549072
8835811
13840297
713897
13785563
5356032
2851282
12413243
7272535
4683343
4531638
11036283
16509142
4534568
5920911
3772202
9968320
4779389
12173871
1578086
1077135
15712905
16502086
1719422
12517880
1365344
9422227
2554194
13201292
4968515
1103292
14801956
3294746
10795856
2058927
9390943
11175760
9193719
6571794
5852196
2624006
4577015
16241231
14776297
11077431
719650
15481869
12430410
2056754
8583577
9621000
12836664
4743312
987067
13533076
4772360
8739692
1405718
12089537
2506013
3760441
4806877
967402
9562374
12863641
8096413
5806466
12703175
2701466
3986740
11197107
3256957
7707824
2885064
14613486
7752580
10480653
7129439
1543564
10631569
3043618
6324287
7766493
7721483
4214658
12350213
12535133
14753323
10639778
12855437
9192434
14720306
2352626
14208880
10353239
1160049
6917925
10317262
11014652
13942939
15911463
1417743
3733157
566028
10335653
5150524
3547650
12783237
1621014
12569719
3816261
11426312
10719122
9780435
11978643
8794580
12677719
14149404
11895913
15481864
9589503
1073452
3397368
6661856
13317522
15038485
7086874
7344741
1673823
4381532
15469695
11659844
1375970
1604567
660277
7930008
16572454
4300220
14345537
12468055
3176664
3261862
6178874
14572724
5413774
12788387
3986092
2324605
7800123
10534529
4671671
13373213
4698902
10337906
7650618
10127031
1879337
5905583
14590700
16022999
7167985
12279990
1110341
8314176
6140030
930234
9951464
5699304
5649199
991280
6767221
12242476
1527831
9296870
1849529
3166193
1662844
5979408
13301768
9268392
12130103
5684104
1390147
8373708
5335600
9476825
6088888
5946388
9195158
11088051
4645282
14393457
3678553
13881752
2875127
9562372
11596021
12330894
4006434
14340570
6722760
6814129
13451303
11652036
3627539
5284591
8940181
9194391
9304783
3180714
12888210
12275584
10540792
2904165
12086024
16551178
4415527
10865610
5831355
14552426
6379317
13714938
4165539
12485513
12138014
6947422
10473931
11930500
5997588
9767894
5119273
5537686
4426388
9408979
11477042
12045895
8315963
547953
16525288
674602
4849602
10204710
1334774
4564997
4017227
12694081
12642470
842651
11341347
11068473
8849379
4108947
16344499
2313495
11446878
6617376
4368993
3331741
15872385
9218721
2836737
10386484
3628124
13962218
13331182
12834396
5473317
2508074
2398185
14603155
3873131
1659864
11362807
2419224
2816847
16470575
9298844
13183739
5739137
16595986
14364476
11386317
8145639
9057188
6920136
8441048
3892073
16291655
12688207
901926
12019694
5547181
16518614
2544603
9572261
2365771
5745917
6783631
16095375
16528886
8467141
6687458
4150895
12594832
4011039
15555582
5835279
3317874
6159154
15165942
1502589
492838
14969060
15726801
7424004
11785977
11107472
14411416
11343656
10125908
3219586
16062396
6808338
3622742
15384289
4537013
10402379
14428786
7455662
10607202
10044915
15642723
5216324
4750922
7486466
3151544
6256750
11749582
1386252
7715595
13586784
5338894
9302311
448027
4323442
6374490
12850720
6114087
3502989
14218284
960710
10454229
7077270
4016503
11542609
6777862
9950808
7951471
5336203
6474517
3271490
6012097
3166005
978165
14929120
5351608
8008033
8532053
3207217
7836256
6964434
9137053
1258913
12147743
4005089
7151090
11018345
11374151
5990362
12635210
7042707
15741797
12522109
10070025
7715402
5341236
5137030
9941294
2846342
3127200
6456702
3561241
15096206
12786549
3682598
7835809
1324487
11546542
16067055
1608066
3788935
2711205
1340366
5134723
8432158
8303292
15607406
14714471
13237792
16283533
2048469
8547528
14939120
3396495
1404841
601314
11950288
12273476
10469139
2642034
6546299
8726081
10237687
16336609
7641208
15830182
15753673
853588
11594138
2303950
9894088
5229423
2131059
4245083
4693059
1811746
4333821
8023772
14229084
14043681
14282393
13264454
12570072
9092061
3488219
16568402
9875643
9360575
9501040
806303
5262333
4596602
5484611
10710056
13996997
16453996
10862899
1877689
2363616
4088593
5400587
9568742
15317936
7024149
3897135
10368182
15534423
14973126
4423025
9090097
6280917
6510652
6762460
7691609
6005009
610935
7324705
11852103
9149228
4180823
11393506
5435496
8194014
7005444
8565388
8167344
15912825
11956198
12472945
1586933
1523333
16456569
15384812
12193821
11414866
10178506
928575
1929131
6405186
8995295
9794720
15463272
4027908
10451648
8506337
5109308
5026214
5118901
15277027
2817193
10452340
1441394
2041991
13449688
2065253
15151280
773575
12894111
12455852
8360920
4400268
6467080
6564270
9174018
12664162
15720322
7182118
14225863
11335227
6014489
1719552
15408117
10442005
9872990
8015158
4481716
8139655
14409908
10816527
3454182
5554539
16560767
6291041
6042087
9037000
13331404
1816704
1836724
4170849
3798303
11518540
12950506
2503686
2338105
15369896
2304302
12409816
15658149
2018606
6912770
1222670
16394565
12758002
4893475
6511639
2752455
15560642
7492833
3279737
1035717
7993097
3034038
8464627
15925023
4052965
9694547
4600915
2481402
3575753
1057210
9269551
5181057
8061632
13160827
9355066
6965803
3403575
3997702
3884496
6862384
11732019
917964
12580427
11721224
3189022
7114592
3339899
10035274
2591398
16232481
13239966
15727640
14986497
4174125
16523801
8259584
8653798
3635883
3831523
10881063
15775148
951213
1448219
5921639
11480265
2067423
5204838
13122152
2394488
6717748
306862
3104956
3674862
11191089
14430579
2874613
5750318
4909159
1818654
14052112
4574858
7091893
11219978
8993959
15568608
6043440
16364726
12746233
14962719
9091347
13867120
14126247
6179623
627463
12603464
14988123
13073112
4352495
13565629
12743082
14682547
14268294
14885677
14547448
13270817
1055371
3351042
3660658
2896658
10519881
2894448
16558507
16538397
7756283
3652828
7294020
2908389
8381629
11748189
9550950
12709726
8520947
4494660
1247508
13638318
15221225
13507554
2764486
10117828
7603863
10041963
1693486
6095618
9415653
11421726
1419411
4892441
11084383
2249389
5779918
13025468
2130140
3615538
16423031
4270299
11625007
3927300
8389333
12183238
12187820
13271049
9380137
1366538
9849934
6781467
15387922
10103579
9653866
1309728
15738917
14093092
7530481
8209111
15932282
8533870
2870352
16142569
5443620
5325889
3638123
7510530
1605367
1186650
15647034
4709143
8375335
2424790
11258884
5944971
1779513
3812592
16204572
5506644
2403811
8329450
1402093
15035682
11377851
8804479
8593710
9386736
3841097
1867114
650314
6269904
10947062
15461427
4642817
1661161
11630920
4630233
16351834
6880761
6524726
3801292
10956277
4101390
9055831
6549241
8596783
6973988
2647906
10231485
2336718
2070593
12249014
562553
13185445
3873072
16002337
3191971
13837772
10298188
652817
6633931
7039121
12574266
15010673
7866999
13139587
9502471
5518066
14021492
7795060
11863778
12121218
10343258
6221632
6721926
1824052
13600683
976351
5472480
2015045
12887958
431307
2391681
10232812
7353795
16057572
9505157
4036106
3987881
2764753
8317289
675770
2644229
9962130
4963456
5913644
7690453
2933026
16341891
9634851
7474622
2731114
6146698
3901733
445657
4887451
11478534
14592960
13194578
2578189
1257550
15629056
3838656
7954564
14744333
1406581
