#Seed 2548278754
#index showed the (transformed) postion of the SNP
#SNP index
6745627
10639677
14219418
3796835
13536036
9603828
4652279
6518200
7820863
10981653
8014925
8162737
6033472
12623491
10879422
7133493
5604748
6048153
15806682
3487273
9171239
10903311
3380864
14562173
4603410
12313190
3758366
3909058
7156103
4563795
9939946
9075453
10901896
3452471
4872041
11585571
10845583
348632
7650276
11975252
10663482
8975222
4145552
12359805
14164776
5997987
4143770
9125334
8427932
1637443
13137555
9030834
15618390
800160
5389456
9763005
9508573
15699262
9878316
7139356
13844872
6289208
10050908
4427176
9384018
13370757
10445946
3517556
7275025
10505011
3370522
11688525
2448344
1461521
9996214
11556296
6191004
848061
6081600
9223638
1413273
13728295
9005034
13648673
10518845
13680525
6034217
10403667
6199541
7097668
490233
13540624
10554319
11420107
3876988
7859620
14990427
453190
4233365
3724405
