#Seed 2387420474
#index showed the (transformed) postion of the SNP
#SNP index
15073159
1833737
3305728
2329464
4433804
15165440
6466963
9419343
4411553
13934196
13627477
7717223
3437658
12668124
914380
735515
14029047
16172683
10118188
7420715
8325791
15924309
3442586
10153585
12358861
7509539
10478862
11829845
409690
13829848
9323943
11203013
7480632
5921739
14398428
7216831
10394780
1458037
7421782
8938599
13947077
13337838
1022641
5905417
11641730
11354990
12718742
965654
4498276
3482462
14454826
10716640
11367051
4183582
7983535
7790058
8672041
4255429
11473783
2789820
5852897
11453376
7129791
13274700
13709687
6701290
14777875
11509911
6724525
7131616
12770161
12490467
7798692
4173518
4388679
2827895
3107912
16458638
1859394
16170745
4086246
9993849
12229567
10038213
13783170
1499612
5423163
15598290
3584884
11073077
6047320
1006980
14661934
3325049
2912286
7632407
4538911
7554890
3718839
898414
3820459
11583590
13237105
7304489
11695225
6020848
6189923
10689167
15590471
10050072
1916401
1782509
1466114
4621601
16213371
5876275
1498612
8239562
4803336
5829878
13597167
9812398
5330855
1440307
12028269
1907573
9590374
2689751
10480324
10270607
1568236
11218456
1086338
13228255
10038594
13281188
5887908
14689707
1436758
11193392
8774100
14408501
6560941
15761917
12075942
14650061
3448769
6107305
4420433
12541659
15091247
16353588
14225508
7661455
14777270
15768561
11693733
3789497
3222149
12992440
1219414
1945669
13817372
9056374
794480
13974682
15564322
7535001
7052721
2122248
5878066
10804432
10873703
4558868
10931149
10810283
1963095
991799
11311414
8300693
7162574
6256750
3641696
16035095
12950203
10222783
7974228
2715909
13126972
10133301
15517377
1017998
9037737
12235433
9455410
10523054
10450577
10756257
7910800
12453783
7716661
2093304
2319133
15469801
1498198
6261236
15208302
12353471
13823993
8516869
450708
2294442
3731391
11496314
1977013
12495708
8546345
13632943
5272201
8715970
5038135
6858741
11774529
11483224
14098198
7046365
12140266
3164074
7141024
1815190
11944769
7914877
6270543
2328265
12120545
7664313
14604971
14395808
9999737
12600824
10130604
9373971
9666736
15230943
6917046
3639082
7827060
9787457
3224844
14316468
3055715
8594938
6906266
8981673
9221743
4495579
13724813
7462059
16455632
12051780
14865562
4354019
4525198
2116664
4746320
388874
15402244
8107045
554971
1640936
12201973
798905
6084167
2798882
1648408
2492113
15454011
16597829
10151847
1782745
9847127
8102991
8003420
5369456
2071074
10265817
7507636
2082992
8018340
3954995
4035395
7569294
12070062
9854366
4332050
11393162
4830215
12767806
13909316
8349828
15741307
5525850
2817959
7608341
6225107
15707729
10593637
3890839
4975501
15817548
15824339
8850309
3020288
15429935
13946604
4835342
3454066
10616107
4124330
8359707
10489095
2583907
11420227
16463223
11874960
1341289
1849388
12398591
662698
11133577
11878279
4790193
1040722
13016535
1792633
2843397
1362534
994325
708656
7934521
12882627
492224
3685409
1882727
3658863
5803315
4198722
4809339
3341554
16217060
12957218
1303592
1895091
2748959
6628168
1491569
10499276
10910677
10420917
9594709
3159339
3356710
6220534
6117735
12569750
4290338
2246390
1591868
13905637
5892244
3270230
1731938
3869560
2698510
7116236
14240775
921368
560462
11667845
13761633
7675428
11086056
12128122
9726759
16117215
8386835
8047990
16484370
11427657
4785566
3447359
15267269
13404422
2919004
13004930
5779571
12585079
9183063
7952528
15912558
5187893
6477615
15331831
7771609
6161104
15390181
1603582
5454500
14836692
5644556
5437351
6376741
15040708
12093333
4945036
14587227
10323669
2839442
8596407
11191491
3903918
7957912
16424728
11418007
15735774
12592526
8519317
5919680
554902
15406845
963533
9074965
6045570
7554987
1481695
8868091
15029645
14971210
11869389
11520309
8784964
3888211
8128188
3754491
15050961
10512898
7274444
14321232
8441760
4133173
11887286
3186884
15251087
5171322
4518184
4168551
10887547
10243031
4520990
5664692
3857382
15736582
6351869
4687660
2437346
16141573
5093558
4204434
7326241
4832616
10853149
15529907
15171921
4612094
6286796
8910675
10631755
13560812
913047
2190817
15762920
14262785
2794767
5886628
14735567
9966185
9062604
6732156
3755171
6456393
9247484
4495325
4718801
8124063
8039242
13219386
14311960
7657110
13435579
4753072
1560505
12994173
15401138
13543452
13830591
16366693
14988131
9181375
5169479
10571296
6852448
12056142
596062
2160469
513096
12333786
10555083
1654379
14509526
1279629
3827642
4910215
3359822
6330489
8550861
14144963
13337985
1513433
11244943
12784032
10771523
4022293
4622900
503343
1373295
4987470
4155215
596744
3738085
14431200
11301384
1580927
10587911
16087927
10319389
5973115
4709738
16402903
15748926
9477790
1137504
1647369
6568255
12696996
6392586
10998209
10516218
7008868
7009361
5499981
881972
10575017
9218721
12842798
8464891
9477028
3980185
14469101
4254041
304093
11409825
449228
4190444
4588383
11977246
11121362
6129082
10013902
7676041
1043167
10300043
5956505
8221468
13016539
12890677
4339243
1539711
7972896
7028563
7732564
12685570
6195121
14511084
14448380
16498604
8114693
16165699
11253924
6733908
12609706
12811413
8548171
1618330
11895730
11365280
3495783
12286635
7168003
1707130
2911726
2378157
16149903
15943384
15910129
13800112
1326991
15792641
14847236
10139865
2168281
3669882
11629212
4460990
3269360
8470313
1416895
14594760
6515311
5113832
5278046
14913259
5325712
3398192
1922046
9471025
9993315
9195366
7220036
4048501
15860672
15289201
16426762
7224407
1662725
11597345
9194587
2021099
10895609
7187156
1790770
7873157
7486457
7628532
8366751
14778746
5943050
5233786
4036134
2355395
719382
4014035
10176499
9643330
2515916
16143723
11808077
13735029
3747842
9709704
14442019
13049388
10781107
2733405
1972973
5114265
1202235
6962782
6505914
11708844
11281335
3360309
7296847
14297841
14651297
6070506
4416501
4674900
7481369
15297610
6092782
2720929
8309334
8674623
16527386
4617900
13575261
7474352
6534254
11566897
6586472
15167686
13241739
12955423
14703751
1210701
5732328
3731848
12713183
12101620
12849199
7885170
11355852
13969567
4122710
7521410
12848158
4319554
13127280
1097248
15819838
2340707
3091594
8935763
6336583
5962704
9646060
4898190
15177617
12713442
9835854
14424286
10165820
3640638
7119211
6104579
1064145
5246677
10341772
13111311
7490452
16498824
10201868
4660650
8946021
5150803
9201438
3387938
7198227
13955383
1116676
16152757
6833032
4062287
2396683
10964305
4259712
9383392
14486467
12135042
9622294
2857175
5685013
2682971
10510766
12220738
15761656
2881295
9522238
7356462
7240338
799732
6959125
10057296
14119428
8731535
10200717
6058240
13235092
16161921
869919
11302751
11514091
1279681
10231989
3749475
1994621
7633693
9072688
1770390
3927300
3180986
6958322
16039855
7217008
12849065
2406401
3338689
437394
9059341
14193638
14556186
1693478
14028328
5647203
3074482
14920984
12644679
5267302
13860779
16057561
14017257
1938152
6399692
4985443
3010467
13531539
2276060
2651546
7319772
6578501
1268513
14763412
8896119
6844215
10558795
998396
2533902
15338011
3777036
6215041
5196628
943602
9990556
10605303
6181237
14191093
10245850
14470315
9751543
12648502
5565548
6952266
6170858
8233919
7895853
10375413
1593377
8345765
1244347
14311574
3234852
12797869
5425073
5592227
11360438
1537189
1679028
13975971
6876210
3628262
15448922
12253022
6445773
729838
9829960
7150061
2283592
4295131
8009453
11444460
14372656
11545690
2284205
11847950
13294623
15960129
4022368
2483485
745293
1090466
6265794
2334582
15820044
14246028
15185398
8196868
3801596
6167042
12516208
14501837
15794274
2548746
12565305
13885415
1833998
11487861
10138701
620101
11675519
2317236
12600812
13857114
9186541
8841338
4857176
3075548
6770455
16415515
4453130
10102356
2385464
15167246
4284322
7046870
584060
11859116
8296123
12775484
7312424
13274078
7558706
12154808
12973459
4955068
9540682
9734217
10298365
1294519
12441314
11441058
3488721
12749023
10789786
9568077
2775026
2938306
13625815
15080841
918882
6896802
8931546
9781286
5707169
8634700
7027500
3211284
2341173
5609364
9622061
15442679
12065225
12930547
10923987
3111652
4064148
3620966
9793162
9154648
4310899
775319
10622379
14343566
12513007
4471522
16136554
13626302
7525191
8007345
11090764
2713509
11135869
9769559
15994021
10732366
6608851
3465140
15359803
8097326
3537943
9470857
10761184
11126339
9189016
6725551
1367300
15641753
8495240
10242394
14499094
9620561
11895688
7558267
15873467
4101974
12568056
2172892
1331205
1558275
11139713
11927688
2957216
8112032
6949469
11269364
6813668
8852894
5054737
14487158
6344015
11482147
11961817
4872568
15604043
7478629
6844589
6648960
8846139
10057212
9835408
14214477
10757193
4311170
2667801
8926403
15361858
3267560
8882748
3146012
15313408
9486551
5588688
4572590
9055565
5924695
1433325
7290331
14323751
14059992
8702749
12624659
5168079
5563753
6981596
3811533
3696940
14543784
4080072
1530209
15610039
1751202
5964454
10539469
5770528
9911418
13703691
6283559
3923458
9624822
9757691
14409213
14991032
1888746
592102
12082560
9903601
6089916
11613647
12694266
4778465
622561
5836214
12438211
9549603
818017
2009106
6278679
1609304
4844832
4222050
11547217
11354180
12458368
7378156
11922613
3252478
9123610
12614474
6932633
9819389
13074143
8198741
2737819
14170628
6398094
3978158
11658060
16045426
1522768
4016694
16432407
13051328
15833699
9422779
4942102
11430626
642109
6725177
7030636
5035050
2528778
8887378
13030275
15409851
12156787
6979460
15840328
6185722
3546892
12290711
459754
13105911
13418233
12921116
8135245
2661923
10637903
14257018
7108607
15925474
14888339
4970658
10967020
16188277
7542989
16404168
5706246
4309173
13543767
11429479
12660951
2820309
14213097
15861126
11278183
8075809
5149089
7793341
15061225
4403781
3321555
378308
4681763
13476418
7473905
6928877
3547756
3262975
14727514
14093418
10275213
9675936
8358730
16113351
4475741
1275135
4893411
15479175
7019730
12830550
16086708
7161729
10119752
9052266
10117032
16352023
5964458
6770487
5149294
802401
11377812
3408627
5655700
15388949
919163
14981019
421929
10009410
13927909
16115981
8155462
14532554
8350734
6793462
1739315
12943733
2956015
6884725
11895106
12104663
3708002
1797870
13145741
12990248
6662469
14181555
9125671
2620020
9782765
1446821
13510344
14595012
4491185
4869687
11669986
8330103
13159487
14088381
12927062
9929336
7842548
4796195
3869386
13334000
3452625
12414971
14819510
7664556
8052282
6276694
2882535
10082168
8003906
9467254
1636075
5583518
15593264
9960181
1999770
10487024
14610596
16394937
884823
16124265
4676579
9027781
4152148
3299854
5328461
9453329
15627179
3761325
951092
14858104
4402295
16223536
6464216
11415648
15206659
13261177
11675297
5367260
13608911
7568783
1566616
2161076
9503177
12484985
10577808
3363406
3783624
764227
11815234
13955576
1955714
14181122
6797907
9974548
16145980
4966940
6123883
5475370
11158906
16108717
6424893
9251647
15887149
4691703
12269373
5429177
4380984
1890874
1755339
9226713
2197674
11909593
8311424
11159960
3308426
6035151
7089714
4170006
6301540
9201504
12358622
3835688
12315384
16069766
13507191
3192597
5549420
15288193
5244336
4258191
13735805
12603398
1622358
8157992
3556588
4291375
11451379
12867658
10790017
10177486
6103042
4848097
7780532
6100544
5436923
4931044
6920512
9573494
3160758
509826
823257
9164442
11471989
7134456
5521126
2727075
652504
10290090
9072233
3404665
11050174
933933
11664701
14670079
7496379
2935538
12767714
1077593
3413926
15549002
1008384
814230
16574440
2954817
977693
11811305
15219872
15745268
11958179
8946252
12622743
16347885
6526193
6054566
13517354
7317394
6529026
8180913
7118081
13528834
7233957
5256614
508946
14422339
8725383
11248629
801353
3038073
1372738
16144949
15004667
649447
6323651
6202736
6596834
16101850
7872988
15778913
9391369
13671775
8703827
6025319
7207199
15640222
663970
12666087
11377851
9920363
369373
9442585
14292673
16070808
2293611
7718899
1810224
5325439
6992760
2776941
10434938
5345972
7743648
5648380
7484226
13623605
10423121
10159305
1234350
13870694
7516612
8884935
2486507
11641675
4289067
1201282
9083950
6998071
4630974
2526488
12289904
2478641
9823541
5587421
2310155
15826430
6758483
3848948
9228277
7429887
9919155
5793245
10782436
7770389
3525840
15015146
1676532
10464534
13925206
8977053
13767530
7094911
14820094
9606945
10349146
11570374
6666064
4453758
10752991
9713055
10545613
2526122
5209785
15876909
13852791
3837366
1980363
15048104
2981880
13743569
13124629
7644941
9570041
4217428
527049
2385712
2057751
11529668
1695807
6581752
4832947
5812494
7431180
4650130
1979270
2429618
9845085
6925817
10629012
15614524
4736435
3862839
9524085
4944830
16372433
15816855
14723231
7762239
15096937
15510141
492805
2738435
6520164
1666789
4390647
5815372
13586867
11094216
7474610
7465797
9326890
10518133
10920646
14353950
15313949
12345061
1865525
10631906
6018178
12380642
9323209
8173176
1778532
2854913
12670535
2028604
13811280
9159263
10290182
10633724
12837506
4519633
2454293
554104
3524028
7699269
2581842
1992780
10252320
8359311
13273485
12208222
8805747
13995533
3059835
1353101
14449465
3789595
6237549
8446934
11402457
4253811
6405613
538016
11154488
8024604
6254511
10199924
13249043
16327912
2037465
14096358
13180707
11265420
15897704
13660642
10603290
9921626
13338745
1992518
3162179
12191177
589424
4404741
2913653
9480758
11547750
9928371
13464212
2651604
8895350
15302675
13042561
11548323
4882388
14011637
2857615
9207500
15213469
9478099
15088809
6344012
3137822
10710411
2456306
8039085
5206603
15294618
3899374
11705204
2378560
13607838
7548115
4194074
8753417
12377850
7130101
9252435
8500728
2477269
4347158
12171823
8132860
8381382
14256492
12070455
5039358
5700927
3214455
2305813
12008212
906495
5627215
13660917
6007019
7198901
5824905
1713541
12760354
2010940
10805060
5637855
8387105
6540323
15583377
15739438
6535186
11419810
6937949
11791523
6971367
664550
5858030
11160599
14140330
3988476
12238143
1033449
14810304
1988195
14593872
13920946
844332
5304035
10638618
5839907
15105551
9390170
12935382
9055267
2553945
902500
11044076
2794634
5115601
16165780
6834974
10190765
8794728
5418195
3935560
2005771
16100016
9379153
11903289
14637892
16449398
13213961
12476562
7430180
9366620
11039381
6059544
7233158
15683457
7574710
3092911
4712205
8384953
1656410
7495115
3662029
4343599
12552698
10012950
4131638
8945419
355259
4854668
13950612
12332263
10833336
5227040
9138784
5257722
7878511
3785147
15815804
10130913
12492283
8378716
15302347
14082582
4729023
4782883
3215010
5832842
3294605
15034760
3999263
6135990
4934769
3436645
15300241
8442073
15840964
587382
2024438
15016188
3151736
1844884
3680310
6821682
5317697
2327393
5129877
11653797
14808034
3615595
10400653
13744186
8222650
8770775
14947882
7586074
12705441
15404197
8563275
2764021
3422214
11584368
13884086
6224580
14591855
9374244
11159910
5195295
6336575
13623417
15302887
15210184
7941898
2968058
6691132
5008730
7796748
4201697
14243739
7159803
15436279
2355171
14356803
4355856
10512478
13317479
8105011
13355610
11410237
2743111
3301645
13138108
3878896
489005
2471266
8887511
3179177
2716793
11246343
16300876
4895816
1799163
14419116
15884147
6488103
1474055
1065876
10413094
6134146
6921002
10273124
5455507
14367270
3261735
4115291
8269406
10357455
11367783
10269849
9012099
12907277
16190674
8343332
5550803
12274724
2850568
1365867
13076598
349597
9730884
5256578
2356663
7316523
13386480
5954503
8853931
9477025
11971657
1669143
11761394
11359331
578417
2361317
1665962
9155348
7794168
787978
3664947
4179130
10386034
15668782
12859412
4780057
14897081
7460521
7419593
2381875
16487336
10796784
11074972
13602677
1616350
411247
15804894
4883065
7292885
10285244
2824719
13504372
10329605
3316743
4459612
10959680
4331360
13483969
6636505
11785925
1045929
8635170
12637272
6366095
6083802
10202338
1566390
3161967
10831314
5485910
3669911
13303404
5606979
2695089
10169090
6505828
12391506
11369892
2011746
16078662
9307857
13606956
2250222
1253127
560421
2307095
5603187
1529019
13794303
8016588
2502113
16490270
1213176
1298146
7864496
1689983
7489604
6007658
3541191
9838664
12158149
7181954
1052769
2300678
9499812
11796972
1542565
9645449
358666
2562103
2135963
12501287
16460700
1264111
4058910
7772589
13972479
4627758
12566043
6323787
6913889
9050001
7755481
10617645
797365
12693610
11882992
3337316
13763201
1166968
13860849
8691588
15499309
1604465
6810815
7071423
7462303
9546053
4922652
12741617
5379338
11604509
10209419
5490445
8574094
10856990
3050351
5195717
4947215
2727593
3867492
12324270
1393181
14296201
1031762
7595505
7272411
8816701
2994303
9834283
7200737
5926430
6161808
13204863
9335272
16092523
12800129
10259886
3445326
813538
13800751
9957850
12437207
3621530
2701768
10189239
5269642
11123891
3889122
9806483
12632558
5752776
10967408
2252469
14298968
1569030
7585359
5090287
5648454
4180322
1948275
4443925
14975775
1036741
5865473
9453817
7275792
8945305
5194806
7239792
8659520
2455590
10290892
961375
9962250
14489308
3000178
15073852
16203223
11369995
13495664
14491979
1247108
708574
11299609
12267628
5998184
12545566
1948649
11145820
2496320
10591652
10305911
3607952
4443947
14940538
8437496
8958108
7146261
7473295
2446976
11362980
8394454
4303287
12400306
2906292
8396764
14900633
11525202
8725121
1682410
3652978
2548358
2051862
6957207
10636152
2245691
6513680
827173
8945481
11789771
16544488
9525011
9620424
15067476
11577021
1428590
9120146
4091991
7716108
14394165
6666825
5227889
9141125
11823694
7853173
4773717
10320738
14556729
4359178
7573801
5772534
4646618
1243483
964948
3932923
16124685
5041407
10657557
8862655
13719158
7368371
7049284
3513790
16004490
4229692
3355971
14966551
3740337
1553362
1169763
2150623
10299242
11534379
998819
14822250
12124534
6531349
15344792
6002321
6020664
4549336
3541549
8907196
7248603
1762303
12227818
11193762
3221776
12934475
2665126
6825662
4713442
6792866
9678319
320654
12007108
2367409
2523191
12403506
7330319
8207809
8950552
16099486
10592226
4899804
5195676
4247217
12205848
7194640
10328297
6535365
15643631
15270872
4880577
2075811
8864239
11571188
6506436
1052300
1567559
14794937
13715243
3559265
9554863
2855325
325263
14308711
1636104
10651120
5354445
7873752
7240116
8241946
2912991
9797189
13777648
10053780
7910549
9140286
2420505
9142041
14910374
2849694
11438249
11998345
6959083
14940475
12387318
8914785
11875116
1225666
6411761
7975061
7695498
2013170
9378878
6581743
14562935
10871068
3288856
7092546
7623853
10829331
11444467
10326885
9063249
5945734
6604280
5728962
4653467
1005429
7799258
8064442
1225431
1143842
12780109
8031289
12113197
6723595
2448079
10175831
10361258
13664883
3909826
14076476
12733043
5544889
10892788
13374909
4947861
11059198
5683063
7517216
5823692
6590354
2676312
1297380
4174538
10378013
10205302
3400041
14796926
9739040
12893058
2296721
9833551
14924635
6586737
7101833
15533953
16364336
7770211
965639
1919594
9445694
6556522
15078703
8067657
4586033
14872659
15629157
1949014
306104
10339133
1552444
8837409
9710904
9925985
5827629
4036106
12306879
9150287
9499411
14011861
6857150
8924579
3287844
9408206
3077076
3049160
9880849
7423199
8883543
12602783
9686307
3623059
12101787
395623
16434649
2347051
1393932
11297948
5914251
5642363
717215
4801984
4054733
1778123
6043667
10473876
13252829
7172769
9776547
16032204
2581789
416961
7600314
13101903
3791431
4231998
681698
9040329
4310456
10526455
9843335
2354217
15922471
8148267
2008797
7590618
1120656
8606311
995026
12329692
13849301
10506574
4605737
1351072
1086518
10317675
7166282
9158596
15058563
7901398
16205241
7697311
7758334
10641367
3965307
3642378
10310710
1053999
2954601
2492820
5763846
6187880
1881754
4112236
7377912
14278535
13320938
6610596
4596558
7125739
10511903
5419861
13644392
8621905
11157709
8142480
10469211
11470571
11898030
8495895
10345492
3405094
12685033
3671888
11977721
924722
1297555
3688839
14206523
3366180
14188377
9898049
14072261
11877249
12749118
3771054
8367340
8532488
8255648
4172062
2242458
7411868
8008288
7219941
11910085
6908168
2593130
455521
11883210
11897876
7057917
11201429
8358141
10137969
15497760
10474537
10126467
9780544
8754237
1836611
12315067
4844672
10514739
10076246
3621601
780399
621046
7055838
2862402
6420674
13568582
3943756
6073328
12714129
13234209
6440789
778982
13965782
11143788
2749920
10787758
11184024
6477323
13486026
14049246
636331
4705030
12928263
10795096
15812743
9560168
11150168
14241812
11108531
2334482
982035
6986647
3968428
8586433
11001440
14381986
14155226
16261855
5493815
2593889
10076578
13555113
8324069
6348057
7177328
12118898
7731154
12161168
4758885
12878053
5494465
15775148
892933
9040694
9212738
9901245
7374775
534658
13461645
13209985
3804696
16172177
7118260
6271729
792020
5145231
12956292
1170927
8255342
6497530
11080485
3404656
12317727
11946655
4094210
13332433
9453566
1400061
2333752
6359178
7131336
9540740
14086414
16010353
7546400
1516005
6629765
13064657
15637465
5869497
1840057
2220655
9596349
12785466
10169839
9823722
2629323
13562134
14697261
9113429
12148649
989703
12341651
15618701
1042307
3384021
11809900
13999377
2383682
4360097
7566262
11574265
5131455
15730856
4561126
5247095
11698934
9052275
2182393
5239372
8148610
10841586
995649
4374975
12123450
8425180
11533464
6354532
6421085
4380027
7072653
9590988
5821744
8956633
12848716
5914132
11382314
15753065
10379474
12970486
10849525
15127957
12657119
2477463
8154860
2847945
1866544
14367590
13057834
4468526
11481952
12987402
901418
7314126
2578677
1714440
8242211
4879952
9083134
15834552
12408254
7223744
14298835
15705560
12694885
7494509
2637565
2518486
3769515
7070191
13735437
13074369
1004569
2625619
10564611
4323176
1096037
2944216
15940765
16461554
6788037
1677006
15994838
11686115
8958411
9313109
10309858
5723719
4166028
10072404
5495655
5363505
10202984
11792412
9586456
3627982
11174802
3689797
8916932
12892994
2767445
8264771
2903888
15547578
12505233
6447879
8189562
6431050
8407133
15007070
6914691
5460888
2286160
12968960
8082761
9434005
1708282
10967571
15455003
13131027
11851529
15752597
7516353
12006340
12500224
6448027
15715742
12254552
12075021
4739321
9280120
7365613
13855722
16516317
4684763
9613784
2413253
6314368
2979364
12865035
11059987
12693443
8012527
15093497
8965406
4008798
11997488
4160718
6280599
7481019
10049790
8923661
7611612
8819418
9725560
6792262
4730678
10953544
2950008
13432162
7698073
1811290
12753094
962346
8988881
5397817
13468737
5805263
2023820
13684595
11770955
11901589
16460334
14015327
7496425
10715081
2003749
10048615
14894135
12923305
13240290
367003
2189740
8053293
1714219
9539639
6659876
9567348
15764633
5743198
2968890
14228018
16169420
16443202
14697789
5267280
9515390
15789588
6900971
4752846
2841850
7892209
6075040
9991662
13997140
12890877
11275914
16435721
2160588
2151437
16287334
7069270
2549212
15410123
15308950
2499219
12528650
13989568
13760271
15422787
5197686
12518076
13345889
8663733
8812540
821284
3337988
2641807
3145376
3744030
10993668
2161570
4035682
3132973
16155953
9561675
6028611
16462691
16239854
8186687
16027781
15871528
15104859
8112964
9376792
16433045
533661
10763932
12599548
13203200
6277934
10457412
9773566
12672561
5528629
14590751
13143156
10784141
11401608
2970062
13363617
1732206
1604992
15454763
2768572
11098650
6626626
1535291
11361824
5708883
14481071
4390045
6855680
5852270
520304
7884866
3674824
14326773
1686476
3616134
9188773
7013238
11741702
2282678
4470969
8941098
16444613
7976288
5225710
8101915
9832596
9429800
2562277
1281008
5885386
6248119
16241186
12528523
14961704
14986368
8005285
4039300
16397547
7987386
10482020
16471873
5907279
15587879
6644166
14789387
7420524
11113599
12922732
3528530
2781509
3403352
3793344
7536704
6455535
4204063
16598335
3772922
4158531
16124410
4168063
2231213
15513914
7263742
16059258
910210
7962689
4649265
2788004
1238434
1106004
4718000
16467593
6748591
12362338
3992380
13012105
16591268
2725535
7137079
1145025
2255373
1018923
2216176
6263160
1219360
7250257
3326822
6478068
3264778
2693461
14873000
8657269
4094347
2818345
11375758
2876559
12203727
6568720
8295093
16209348
4962549
11664691
14974960
11400832
8634277
3721485
7192064
4017987
1233777
10785223
5045864
13718530
4425495
5693416
5346932
6000311
10861001
12005392
15236704
6474415
16207997
7857516
3527920
3471369
14667121
11037846
9661139
7618129
6897180
2664777
3865369
12384311
11219479
1327377
4791253
7783890
10278173
1306528
13407878
7804799
6112690
15184822
14149538
15667764
1570771
5177854
11818409
1901088
2655300
2318973
2361217
4008868
16586826
2030172
10173051
6938818
6823135
12093307
3469397
8834119
660306
7653489
697006
15189801
13415513
15212692
2614031
13791018
8354613
4900838
9955198
10592725
2911674
11391466
1251691
1073870
16447689
13741841
10862039
13380362
12035043
5188996
16195424
1212673
13463960
1668562
6831095
15447782
2645408
5146419
13542749
7867501
9408360
8378559
822218
4833639
3353902
11235632
6447690
10434307
15153367
16182949
11922563
8888884
2334330
13763976
9971283
11447722
12789935
14582667
826922
4904148
10594345
11683307
10583902
2770673
1126071
5952050
10402993
570257
3511019
3207688
718985
2417683
10304470
6386331
14268411
7009903
15923473
7639182
8156822
1359654
8053874
6247363
3419325
1651898
4282721
10629178
3789513
7658052
11238393
13458405
9824312
5176393
9421364
6770299
12038790
5524521
13890534
16569675
7709302
639371
10351625
13755224
15741162
4495143
13018384
7175329
13985011
5365636
5557955
12929308
2285249
1478860
3829581
3680936
14527838
16560413
5695204
14358017
12185376
11929790
10040009
2062563
12341473
15952491
352668
2513141
14306204
2779117
1803341
3717425
4521144
4262216
2945940
11490725
3715464
756957
7654633
15078442
1490419
16356202
14832315
12841587
2398549
7030994
6970000
3037656
8424568
7716476
2611277
8286000
16144088
13869551
5603191
4538386
3715676
1567677
6569890
3507948
804574
7076722
16165294
16140109
4104511
4783657
4695869
8982391
10386931
7659688
13058069
9877547
11175265
4951445
6706305
6397633
10807543
9160666
6190629
579542
7363636
13689231
5152618
3354405
9845388
10276177
8746401
1961704
3745253
12678427
8338294
7254065
10859870
14957540
7899377
3634157
8565066
10026032
15021813
13769412
6488487
9095255
3598843
7857009
14303982
4269653
12351613
1898345
7767028
4566700
7504655
1702755
14855018
12704805
8506563
4309258
14218218
11985743
13087814
14972554
15878433
12920867
1286949
4414870
11655658
14588292
6988322
5282199
12480187
481176
2423470
6408950
3239417
7276114
16243528
16252542
8357935
12353929
3345575
12815024
8468941
11129607
13973574
6812101
13465398
11473329
7145625
14513283
14041560
6845455
15410057
5637487
4746480
7434404
8412910
11327143
7710969
4145082
5984864
8244153
6255850
557443
1136267
11962786
6734248
12389928
13983444
1409508
2836342
8315332
11276131
11833388
1542207
1997556
14980932
7708812
10602728
6747298
12903483
10923988
13298072
13795589
7335911
545803
15741765
5636031
12546594
12590966
7665874
13729873
14249580
10948454
4207436
7186960
13222394
12341312
15501227
3268919
1187380
9928544
16436241
13368901
3520355
11935023
4467926
12613715
7299840
3145559
8066676
15702523
12610453
3779079
627657
14143654
12225801
1921622
6322881
988597
9186704
8288020
15810181
12638944
16212678
5055683
16173504
14503755
11667378
6816899
9604582
8704121
16032678
10813890
11815561
9737591
14246911
16066890
11932081
3280264
14049411
4972545
4299649
10135272
9645380
13296523
6302694
10846813
5272382
1873469
1295802
12858208
10943722
4155091
12280825
9150669
10651616
3600151
9226993
10342069
14174497
1299117
1665913
3814834
8781787
5495816
4211752
10089866
7433823
7171611
856123
2682607
11941016
4468716
12950099
10469750
4543643
9498637
5285209
9634232
3165984
14382154
15518481
3453803
1736350
8040722
12639335
9060453
10700707
10527087
14874920
9907414
12491418
15804376
6283264
1784338
9158855
10315064
11943952
2526768
3672888
8506410
15003043
5740233
5531193
11797526
13698283
5411958
6542612
8734631
15768949
11336531
8847412
10141024
2440810
10079987
5665172
9701953
12041386
583221
15211068
2568313
10459578
8076586
16572763
15578585
1366182
15652061
1615186
10083837
4696584
1196538
10547325
6783446
1972487
2041870
5963200
1819689
8424207
8300980
9656943
9271319
10663529
15733982
4222637
6474460
2000449
6462795
14480447
12213588
8948312
1285218
16313088
10663935
1822835
11160367
2432129
1657306
10824210
3585690
3327827
12488274
3830638
11079096
3612997
15395207
3251248
15702203
13383544
5092102
6868504
1388297
9311216
878795
12404581
1694550
3909282
10754803
15582419
16186981
15566941
14306962
14142048
12324826
6324914
7399077
9620592
7051690
11624994
16391020
7509131
2437298
12179891
3609793
6718882
3065162
1706359
9220450
5211688
4358247
4954724
6039655
11994039
3553161
5167586
7707975
13999249
5464116
1656205
4449879
4740699
12445344
2813039
7514338
10429393
3832298
12073898
1540558
8033042
8527815
3616731
2618526
10268056
9165864
16143580
3224942
3720953
12883639
13843428
2903704
2444829
14865374
5220208
7767629
13135000
10761064
10489054
3663305
9272782
11885097
15544256
14146134
12718823
6894501
9974111
10756939
11271866
11858910
11524283
6305454
2759585
1928789
13656888
2654517
7395344
4611982
12592385
10963691
12524180
7488153
11344859
8380280
12987015
2835207
13730923
996661
1047459
1020418
4762622
8055270
2076488
6680527
6955958
6497949
3939221
3537968
13115380
15468305
7799562
12820865
14426358
2897039
15965896
7190447
9900402
2122877
8854274
5893252
7266625
9157671
13439803
8781945
10645108
11550378
16331333
10463999
10531051
15426300
9375434
1973182
14300051
16345040
5290662
10418431
13336143
7958333
5558305
1855015
10100011
2579203
8867547
11354494
16350286
1082890
8799801
635119
10920565
9525569
1429939
10511348
9197102
2119235
15966974
14810044
1801977
1420858
1689820
13664196
3656012
7994332
12917071
2338386
10174217
11200412
2292980
11362199
4650523
12143625
6958163
16448348
2551576
9148178
11020818
15327636
1900782
16145666
2100897
4467658
1649920
1239089
4915983
7262685
12406954
14360046
1266078
8105260
1276011
7480100
6115077
11636363
2338917
12112783
1668314
1574540
5150742
4657092
3920589
3780401
13049848
3894352
4011081
16568948
14093092
14929057
13369591
7519392
4392249
3929677
1788929
13078142
8100158
9747924
10907895
5507348
7818164
7442528
3713505
8991880
14878678
2400734
15771223
11360279
15113783
6071791
12521593
3468749
10722179
14027790
9566189
16042484
15328192
16562165
1053504
1164135
7496587
3106000
6138420
861782
1414737
10195708
4093434
7101029
8477722
13756825
15132350
4135557
13498383
7195887
1468816
12283337
2338322
11592119
1860795
7228891
8829606
12371764
10796283
4628858
6098296
7596989
14505230
13412464
15364678
12118866
8433871
2899262
7717150
1023071
2433571
7017994
16254515
12209401
12279312
3581495
9489673
4254961
3746393
12299532
16253082
15323221
10617696
10127022
9153095
11967965
11316638
11568942
2660698
15837286
11573894
11407732
3571492
1609932
14573435
9814928
15435456
4623238
11259669
1737970
15591718
11887262
15264481
11959505
4446747
6418198
6663135
3186816
13378867
4767077
383506
4133061
8304775
1807802
4300082
9912627
7987579
14345984
14993933
7929661
7101791
5803960
8747109
5362964
8272317
5278610
8856569
3433701
6357298
4220238
14763947
15503411
11770149
7148227
5041490
10977821
2775236
13370872
12880416
8480945
5166812
14714854
6407981
14336309
2223001
490233
8332488
4642102
15135517
2607753
3868296
12601907
10161453
8714415
2716446
11801195
5614216
2346952
7697212
13768455
5812697
14345813
4885534
13892924
10490754
6851915
976157
13598031
10465974
6526467
9819620
14023985
6253796
7893521
10745536
5448629
14249558
13880133
6404044
2362900
12427290
4769268
14783578
11505368
9923811
11769137
854841
1439562
3061419
12157997
4307647
6905677
16344921
11187375
10057687
13920553
6446123
8924685
911834
13011654
4232299
4192583
1349877
11005876
1656862
12877872
9981538
5429317
4252594
8113583
6824857
4423431
12983811
8709187
16377263
14339934
16547224
4189330
6014245
5157483
4117276
2005831
6923593
16341628
15723337
15975212
8208113
8450630
4494866
16420368
13946214
14515404
398287
7091317
13362655
10199230
556213
11314335
14580282
6819331
16388899
13261420
12620593
6987583
3678967
14386787
5172495
3124915
10932770
9010332
7400591
16338354
13123921
7241954
12815867
11568745
14013325
11890733
11198214
575300
6310305
14382994
15418972
4340996
9552547
15372146
682786
2687590
10561774
2181691
13175820
933239
5382255
3142339
13578046
7923332
6999280
12504276
4291175
11691417
4217695
10358153
11012170
16394565
4966655
2059659
9507458
10592413
12199563
15795272
13600031
14774153
9139660
7682403
3807899
15674144
4720708
13709433
10439496
8565685
12655148
6770686
1563691
6195383
4680898
14791091
12720069
790099
3739429
14305006
2053730
14205737
1733022
2944173
3813563
6647965
16392134
4004541
5182410
12560549
16090374
3067294
15036684
5386182
7618170
6477792
4090590
3602981
16105687
1923846
11939644
15650430
2914521
14537084
7185964
1126120
6235261
3926603
9008700
7612778
10363065
5789649
8991109
13967793
6647448
9285050
7273732
16105792
8381335
7630863
1403120
3300571
14016230
9376130
10095705
6644222
13400209
6457324
9891674
2970197
14141736
2759489
14083124
676292
4201481
7908806
11506104
6127249
14937836
13132286
16483406
6144134
14263945
5379855
1730553
8532293
9112588
3482470
11919611
15421648
9208733
6507809
11796930
12388683
3017868
6339991
6706989
4925453
1158988
3698426
7197499
4090284
5329015
9401715
4382734
16303494
10179624
4754596
13883169
2205664
10428379
8142453
4313633
7028005
7271917
7276357
10784988
13368335
5104386
2666354
8582009
15510047
619773
4424911
13750786
4958696
13454572
4454085
474572
8467665
13980449
16578085
6712174
8986313
2620236
4755603
8764444
5852015
7418551
14069382
4098140
1006514
8161454
2183960
898696
12778782
12108358
10318790
2673574
11380509
4860267
13968470
3839590
16599407
698448
13773462
4953899
9691499
13589072
12207723
4390141
6812599
4088193
13081993
13647973
3428467
4121344
1764258
3140967
7130850
12859307
9968455
6066227
14991182
13356348
4821408
7761816
10538387
11621858
9682847
4359198
8847194
11607189
10428925
2120405
12241245
3124684
3558863
3112855
12918371
1388538
14228764
7550516
4861475
13375794
6009500
11178554
9685935
7716780
7832146
3885660
5835044
12060464
15903713
6353460
3959540
8536135
13030528
5003250
8444778
16340816
538146
4811057
10846125
9630732
10160403
15702891
7459427
3576827
10100051
14949300
2657770
14181988
897166
7264145
4602276
6730741
8360259
2585326
16098934
13331698
8385391
1550590
10018952
16474785
890259
15467900
6003002
12149530
11781572
8903354
5823443
1018323
8677162
7579408
583359
6679992
15041992
4766322
3120294
6924230
13350379
14770204
6686352
5830993
4462153
13899741
7844623
13480921
10046408
4873410
7519821
2258903
3970394
12260932
12021388
15549557
16576434
8014025
13463629
6747153
7359657
2673566
16588495
15939570
14604407
4834320
6581999
4807677
4612981
7007892
10292211
3317796
2122212
11725005
3458317
4990114
6092925
6953601
5155842
15781226
12446071
3744375
16387752
4447274
10932791
5806087
10906812
12067113
10048258
6157595
6012448
6804526
4029048
9064084
1243221
3378612
6679118
5087375
7806420
6813058
3725745
1320833
16506090
1998261
13679297
1303809
3138664
7938434
12100835
12968802
16314805
12217499
4087820
9563075
13140284
8049277
3873304
9201828
3487786
3754582
9401149
14600176
15437656
15241029
12361045
2553647
1830465
16008351
11027071
10254477
9901285
4740285
2751116
15762456
15318102
2817497
16597428
15072374
777995
10131971
8902029
6694257
8757838
15445331
5462342
15813396
4589666
1555200
9833009
5743409
4817080
15769623
5580004
907307
936879
16572355
7816923
12209330
9532551
9415569
1240980
3189176
15260051
3570543
4773747
8067842
2628963
5799404
5179605
14452641
9786329
10299422
11251201
1791924
11051673
3274181
5423464
1222488
2820910
8511135
1640447
14676906
4484061
13879887
4512749
8281731
9746896
6023723
13911511
1578262
11719880
4028637
10292357
4889135
11315359
10084655
4571284
15414007
7201729
1522185
15790965
11300678
7658204
12030800
10917191
8355294
7367465
6100132
718117
4105327
12545793
5710338
8287486
10508467
2799961
14682549
14762608
9552352
15444918
14647714
6715122
1036722
687633
6999456
8900925
6235314
5472959
10733407
12506210
4968723
10268651
15240604
7420703
7252331
5751256
12299391
2190768
829970
5188514
3183763
15753863
5672241
11883084
4248977
1022724
1814177
13798724
3059853
16465432
11335610
9682963
16586954
15320626
10554819
1979961
8739318
4464599
15444133
11790082
15430628
11921488
11401721
6192096
10601384
2153942
11638471
845290
10996775
8097111
11958196
4948488
1356182
10335067
1679903
8701216
9956153
15739865
3852427
3122904
14282020
16198189
11409486
966099
10475471
4853421
1247024
813425
3326332
7214312
12385542
6123370
5999293
12504345
12775301
10891939
15094078
3641181
5814495
10721184
4229340
6656352
1450360
15717497
5503271
841507
7190291
13645795
10202764
13796388
4504978
12524932
16120204
1285792
3612061
9636983
2750428
8782640
7891857
11072904
13384457
9922291
14497506
16010643
6038346
11698801
3642050
7659829
13969464
2993948
5630675
2374941
11059075
14785344
6611744
3166236
654710
4047836
774228
14907489
15025779
11966485
13476499
3679027
1568227
6928785
6128749
7267106
7606006
1103465
8769209
811847
4609061
4635661
7128562
15467435
9004336
11894592
1294613
8391330
1151346
8633693
6541009
13109740
5841304
2019572
15064630
10932288
9713953
1981610
5699986
5463612
11132113
6033892
15400249
5025490
9076484
3509563
10720444
9671651
7588540
13561670
3299232
2936839
10701189
16562159
13426157
9789539
6701127
16245212
11128401
7508550
7839974
11033225
5451784
5273146
7257438
5285150
12931841
6071152
6738574
1896465
8917640
7737742
2390907
4314767
14665199
1252372
2503257
12321429
12080537
10152597
4557435
11796689
15482432
9804808
12318500
8757925
742386
6732942
5441904
569104
5263738
15920541
3317995
11228980
13289661
5999628
16449458
15459173
3441006
15656196
6226744
9203682
10926298
1714586
13622420
1957915
16562586
13167591
4778961
9649430
8392632
970663
3496799
13837997
13480145
4905178
9318476
10650073
9617716
14183385
7206615
9124627
13744162
1536511
1709510
13961062
4213241
5281991
13165509
10477737
10095894
2603201
5075818
3421902
629535
10791000
4789526
1055331
13785546
10282324
2363285
14134584
3302653
2701517
2841334
5723026
1700868
9723324
1184951
10096890
2962684
11420723
12206453
4398482
11878896
14207049
6015499
7356775
6013995
16070749
3485857
4455503
3983782
4028101
5685783
12222473
10357450
1882914
10793384
2301246
16011590
1777978
10728841
12621663
7382274
1674620
13415449
8880944
13811763
11424935
8051244
15198540
1398426
16308431
4149840
9303681
13896319
3499363
3767196
1936678
14272196
1621222
5991254
16500048
5404206
8975725
3542038
3710242
4978949
8051783
13482977
10469471
6377945
13707446
10311885
8334937
8605788
12196505
5118037
6702824
13712460
4359441
10834132
2990623
3348765
11907039
6293252
11979952
12247309
8327989
620620
2722761
13439533
6906033
1175841
5263112
5231812
3337076
13919129
5343380
1926221
8556373
682930
5421014
16537511
6989627
3588666
7499837
5346766
4231958
8029119
8621533
2204122
12032933
7779477
11902161
9090598
11516694
10152185
3360477
4184356
11644485
7222769
12329887
5133412
5935515
13751035
13184405
585508
3961737
8234996
5641786
6854996
8929897
12629815
7857618
6083901
12274701
7676895
11773189
13805017
14845931
5570927
627422
1951854
3100078
1959540
10147658
1586645
6289800
2730013
3020142
11632261
14432871
15838798
6931764
10958706
1324160
14382702
8620719
1540500
10249364
7357420
11248860
12057033
12646952
13663497
3697724
5064000
2762314
7636606
9694730
7568992
14454287
6259853
6191399
14589589
9268088
620025
11538498
5878194
13635102
2749035
7290188
3369722
16372512
7243277
6206543
8464607
4742026
14725248
5038502
12716463
10075959
1811065
9772837
13573173
1988896
2773607
6526967
16519626
13106649
5693486
609025
3442782
4767619
3868113
8944585
10430481
15818018
9669729
4793831
7038780
329313
1563742
8931823
2581538
1050487
15040606
13260942
9388664
16582675
12256732
4967419
6704762
1563280
3787702
2322052
3263038
12518346
12538414
9174012
16275090
5428662
15262984
15562198
12337793
6388270
10091379
10871189
3634416
7655685
6214164
8353505
1806792
5870768
10416874
9289919
8596958
4028354
6810867
9634062
9578603
10017370
6877659
13432613
13640244
5744981
1891729
6015625
9154085
7556932
15615971
5323156
11844549
5544407
4728324
10524123
15834505
16507109
503947
16106456
9160797
969789
3811959
13525841
6843518
13479834
10794553
12370021
3645963
8154214
10229275
4959725
8297258
13416233
5669596
4768851
477901
10342121
16587507
4459846
1293500
2565515
4793501
6545903
997238
1099610
2995119
10294166
11147506
9156343
13853389
3789858
2731333
4853857
15180627
15578822
4585527
1082660
14853343
3434371
15435124
10932080
2201349
3458925
4793989
7480092
4103246
10872188
16050404
10190804
7038246
4519346
7584592
13138604
7274191
8973871
16527444
9444559
3658991
8278473
16248790
663162
1676637
14674252
14300419
3691997
6252142
11964485
1304404
12194105
5985041
471290
13671995
13924845
9184604
1724917
8476568
1873006
2981325
8670860
10153942
2886481
4029435
5587726
9793819
10094852
10920056
2099164
4231000
7087082
623545
13397482
10091300
11318219
3300761
9441663
9416009
2249237
1035567
3722093
7259383
9629127
901850
15456221
6458967
3317041
12987054
6735718
2916969
10213219
16426536
15167879
15462971
16084940
7475518
483458
1592889
9275063
4034863
15929661
7355364
10195714
10793401
13600482
16229392
7620051
12328335
13973096
13850170
2781538
1407640
9742241
13850847
15677596
14021118
9434105
1649097
2399610
1519298
3643566
6079927
10896179
9863520
3414148
7921189
10084160
11038666
8074120
7565825
4418147
8482559
5084061
13806705
1926737
14714556
4437901
347738
3229698
16291655
11544235
12735057
4089446
7817611
14652361
4244916
14152113
10063727
1518016
1774017
12866060
3845457
14431724
7454835
9652306
12350144
13991399
11394205
5169730
6904794
13297886
6730627
12105040
1311463
10635173
1734913
9880768
10564254
15901935
