#Seed 2219660863
#index showed the (transformed) postion of the SNP
#SNP index
2804555
1693239
12971635
6090981
6379866
9016495
12636354
13008967
4216078
7525785
8291320
13807624
2927655
6149676
9968071
4551417
4937405
447985
14411516
15064593
3868718
3620699
16572965
16273554
11422600
7687710
3642451
1315683
2467526
6870491
7294084
2334080
9104734
13467068
3968428
8197037
4762576
677549
3134747
10940431
3306030
11051112
13305073
9249954
7393930
7200698
7485345
11159018
8229468
9951505
16131611
7854989
14569691
10943756
12687743
11276011
11586309
7806905
15042791
2929496
7552649
3723402
14014634
1927655
15066478
11583954
3316340
2498041
8545292
16078227
6890202
14809435
5575908
5640094
2686095
14888434
3958312
2662169
10379996
11934456
11083848
15251259
10685909
1357395
12275614
3739775
8501746
14553385
12233924
16392613
1778984
6176857
7733088
15868912
7281516
7129505
3843598
3492435
6936463
13780453
1979804
9010951
13472606
15189559
2203146
10264730
3575509
15958227
11927822
6169457
14355025
1803092
6250803
6142168
7150748
4203393
2846383
6657927
5933411
5133675
4524854
8948712
8267229
7928940
4812902
6095160
11207831
5621344
15974002
10587341
7057020
15139719
14543614
4946745
16569233
4230433
6756742
16279010
13613444
3649162
9637388
11523413
13913399
5729376
3668731
13678575
13061072
8429270
11358172
7190953
16191175
3799268
15031481
13365154
5086562
8500022
13917643
13039552
745935
2461918
14988868
2140160
10025022
9509610
7543410
2036730
1880929
8396614
13962584
8281320
4595488
2692183
9888861
16350542
4735924
3525069
3441070
5993358
970134
15593065
14523019
4048118
9172487
10495182
13447838
15710366
10044911
2491708
3446059
9142257
15730423
2900141
10856879
13585037
12707844
8952930
14792164
14973640
6621018
11570138
6693155
12496625
15028641
11283361
6979290
1637019
10259880
8280661
6818647
4243408
12205697
16004687
3277890
12447065
9933716
2028578
12765028
9946680
5560628
15530038
5823000
14398078
4799635
1492104
7139446
7794175
2683798
13449265
2770541
11645145
10809090
7099772
6984763
7395456
6571827
3473575
2979797
10136772
2509776
9147983
9661363
14614789
7481834
7061256
15773924
1342594
7684065
13748229
7176265
403266
3163838
12826978
9381614
16162626
8706756
10611583
747783
9689373
13782114
13237540
7600579
9305683
6893792
5828388
2860933
3281790
15992839
5945974
7311612
13042361
11478965
2014898
933157
16578256
6229306
5709501
3356993
5032454
7529845
3735263
14354503
16026722
3821795
13887764
14449140
13413555
3915537
1521604
2377410
16370557
15455883
4149119
990974
10546385
10739728
7245747
4824401
10128948
9138690
9388515
3762449
11334836
2945800
15388931
7501898
3496867
9184916
13954895
12495883
5652080
15475285
8355748
11808251
10576191
12973487
13393394
779718
6702575
1588110
10722443
15977432
5540591
16173077
6135968
12715386
9468861
10592468
10128048
6302689
15455109
9589584
4403452
1298185
6103092
2255770
7784223
14228227
6202252
10079554
8760578
16404553
11538418
8039110
15638620
1234669
12448543
14248462
8859991
10873496
9339384
9812303
6479698
13861990
9084687
14834946
12642326
11658264
4067984
10726261
3446228
10749563
7154031
8054059
12675244
15839322
15973858
2096283
1144584
12723295
5504884
9361253
16278373
13338616
3914610
10643753
14794935
8588578
2264647
15035949
15576059
2897448
12441833
10346144
6894213
462633
5793590
5647292
13860849
12758293
9366185
2698594
4207252
3070643
9021565
11735168
12037602
15011816
4010133
9051734
1095392
10631696
8413732
6473723
16395537
6239306
8281720
8291033
8502906
10030627
4656683
3491104
11376945
7057410
9606596
13338044
4635858
9515283
13124193
3847273
12916456
3210444
9859657
1734774
3426454
14213967
3058799
4159329
11309911
7154058
8881197
11891844
5816726
7435114
8639901
7685929
3669556
12660350
543878
2679150
15934640
14089158
10000041
16507827
1612880
14663476
10256966
13272330
8989556
4197726
7243217
4502840
1545338
5837638
3558920
7163064
1436193
4409860
3831720
4221821
10826581
4249881
7067219
9903680
3517756
3194615
10590368
3909403
10649021
6476208
9797562
8163790
11851479
3621558
15118546
15893408
14340833
7955856
2719115
470806
12046362
4728424
737752
14410155
661165
5785961
7813144
530207
6255765
8628686
3612164
14516311
9079211
9888890
1567940
6527998
14613685
7566164
7660326
15078069
14912695
10870123
5033638
4487254
11568446
9019293
1866800
5041680
7468906
6154157
12312987
2657634
15489222
2263067
14935412
2846512
3898586
3051032
13175147
16197494
13942816
9237681
7682341
6127960
6403266
13422653
3009832
12058279
6749557
8398340
6697803
10387200
9328844
7897076
9152009
5028229
3146625
11292116
7832762
7460840
11230004
458411
8565066
4152692
16288124
7148112
2757310
14152808
10003729
5367990
5103414
10679808
8389720
12032951
4285524
11886678
10917014
11822577
13094409
9182866
3740037
8937300
1490790
7458129
3407900
1301131
3325784
1664612
12376536
2687809
15706522
7038484
9129256
13061736
10834661
3980749
16317787
1560771
10440944
8415908
8351807
522026
8070335
1145803
3938776
369084
10889011
4188764
1846448
16367246
4085545
9406711
10084361
16088344
2583348
6595869
10437994
7563636
3264329
4991046
7227196
3694083
6493050
13761122
777979
12835527
16073101
2035191
2860230
1067642
13914037
16327470
1016418
8019382
2389884
8247133
7172553
8848999
10588484
14468491
2077133
9028642
11635461
6469954
6244788
9079886
2754217
11089765
14276360
15229641
3438377
10529661
9664373
14932298
11216038
9528017
14061767
4178832
10335754
8009487
14699819
5431682
1461648
13901080
1722461
5967820
7982300
12595120
16055605
12549231
14753408
9658178
8783249
8606729
13534720
5264958
5560992
13777263
929384
5924281
5453242
1725318
346294
16141602
7552584
8750534
3486184
9081401
2258075
15968897
2992929
11193548
6022297
13761668
2084102
6506792
10008206
11100398
14616880
12877152
3468935
10968401
11333735
4901682
741571
11921537
3934057
6043397
7604146
13592503
9972373
6580524
13290740
3250428
4180696
8748494
16059793
10183703
16020479
14681404
309553
2857299
4170099
5952343
832386
10496214
1673821
9892143
7037655
14778964
13223458
10072951
10530485
15414187
4551928
9439674
7844309
6845455
11675245
7602902
8234959
9971207
8236462
2893972
6465399
2554730
8515278
8964194
13668225
5817943
3576103
14138348
14370080
1564586
3353308
15030664
15224583
1981484
9543120
13315149
13212580
13378628
13219443
6506389
12157898
712654
1751089
12344167
9351392
7390375
6835718
1074765
8617715
420221
2377767
6639998
10792482
10227207
2402967
6828533
2881753
7950461
2188329
5790252
8865663
12003322
3983009
13242464
5834359
6084539
7782640
16192368
5236851
1049648
5312671
409836
8357503
5145090
15138347
1109999
12423383
6285956
6946050
8071670
2255215
10858087
15475120
6911728
9936584
6395996
11913272
3559896
832488
5312763
7882669
13717538
4449954
5517957
5791294
12974152
2762913
2848375
5446953
1864229
1115037
3328176
8795438
10031942
11587449
10193495
7405119
7183537
15468086
7675307
4094351
11255157
11835613
6550966
11199217
13266234
6397732
3818132
435993
15220346
10398881
14294210
3586516
6192703
8667343
9182474
12404926
12563218
11783040
7443549
8623044
11013267
3146477
6396488
12730816
13896515
7822597
12707376
743295
16579396
11505287
8985920
10376874
16548327
10681296
9369331
10728850
4184418
4135277
10039102
11950961
9873858
8047469
16506704
12052385
8969675
14928571
8778218
8717907
968810
2393143
449679
3875899
3857276
1690942
11841152
15361953
5565253
2517521
8736618
7773188
4587441
13466661
15674843
5536885
4642460
7708082
5258133
12258052
8028709
1381111
5400587
709333
14347824
4918144
12684441
4495197
6518116
7378072
5536084
14182679
4212885
10706977
3458495
3402111
12184164
12136293
9659458
5325976
11401231
11683154
11245248
3123406
9918931
6046663
14737703
16148781
13273837
8522755
12109709
5082826
6664639
9337245
13681594
15189589
8063799
5347562
6082852
7432089
16203223
15004038
5268712
3343712
10992384
9797682
3409134
1768899
7565114
5796585
11774529
15228030
7837395
1932044
5970941
7419183
5888987
8031190
4112877
8446951
8784013
734687
6067180
3685881
5913321
4709159
7558526
1090709
7442426
3302081
15611336
9214151
3339293
5288373
12534036
5940992
8416758
3272709
2712140
7835261
6808379
10719102
7993229
4236227
3537818
13343654
1901931
6557320
13726158
6372880
666324
10799722
6022048
1802923
465841
5867531
12540365
11390491
2805340
7979383
8663711
8457997
702110
2449103
5294997
12472983
14750213
6616181
952301
8133615
6448643
8736908
13245270
1282305
12835799
6980055
1826698
7160182
