#Seed 1285090302
#index showed the (transformed) postion of the SNP
#SNP index
10972507
3442353
8799896
5149272
11346337
9529928
12164347
2005380
9535548
2733940
14212706
7417786
13805671
3843627
4182113
3735035
8653832
9417040
2566914
9968938
3349534
7682413
13324719
12477254
1339793
2423567
7668670
3072938
16552360
12257441
9178315
12762269
7720474
3764528
7609450
10629350
6816063
14336244
1566616
4219531
5127185
13560365
5046687
11046601
9948100
11693713
13624796
10051542
10860978
4120574
1230645
9094257
3009968
5592126
15438093
2413796
1143992
1891045
10870330
9372173
12349155
1722773
5452883
14393991
3609054
15215657
14292937
15968601
4213256
16445903
15603282
4230357
764147
9114402
10113638
6059414
15334374
9071070
5317483
1073899
8298623
7401205
6769004
12345916
13322364
5459598
12550006
12568540
10270463
839520
3544966
4178158
4009165
13633177
6591361
3562124
3552359
3556413
10922012
16597130
1100340
11775967
1059267
4513016
6163872
2333341
8935147
3881717
11547462
9386905
15002500
14724628
7477216
6810011
13487504
9912851
7649795
9388186
10008834
7266301
14908732
14488871
12916549
14579607
10420853
15249418
3709312
9730829
16521488
1145069
9743254
8941194
11196507
15071165
2358778
6576269
11098516
12498198
13384877
1739665
6798669
8407560
2029411
6728686
6092917
10802270
14050527
10193388
3876592
9114008
12189593
15449582
15384950
12501246
11675896
9637926
6824851
8608823
8187282
6131097
10135972
336943
16539285
6035802
10160881
11439978
10718261
12084779
5011963
12449957
8591444
12403636
8659760
12944315
9024106
3496748
1214224
7009832
6492037
8253548
6010905
468412
4464680
7741259
13866303
3591029
9341232
13935152
2058915
1113721
13647866
10328387
737400
8527576
2239500
1504135
10597654
14954303
3466133
8097505
5650925
4236452
16309594
16231393
14143155
4827328
10916850
3941515
4245858
10123133
3220881
15390356
14723577
15367536
7512872
14297279
5325595
7422146
12225478
4196936
15837145
6714375
15143302
3707173
14057931
3047340
7221184
6804380
4330890
6438754
9925886
7918246
11828064
973741
11908366
1334615
775527
2974066
12181301
4303525
2798621
11384961
6997908
4210692
16016717
4070910
10005723
8583235
8856442
3969152
10122431
3483562
2582318
10459832
4889762
2952669
10900095
667910
9009580
2884794
8662519
2031890
11632978
13238550
12336669
9607958
10417212
13202928
3622903
2948748
11453947
4158658
8785725
8698964
2673992
9934983
4978828
584978
13405445
1141408
11999937
12288316
6079530
1429078
13074553
7900542
6804553
11596376
2686258
11091845
11418944
4816608
12634688
14815705
14528958
10784909
6573402
4050188
5746019
334283
14132040
3064832
7471886
1397698
10283300
9411220
15797044
2855881
6860526
5619454
524043
3505257
13303483
11685007
10406934
10692159
3138450
13625541
11845155
14466414
13248932
5964911
8935055
4985156
898509
6610741
3462644
15578391
5950285
13407226
6388475
7611206
10569684
15685362
6565413
10965934
5403409
11466780
13533423
13084545
15132441
12187258
583668
5667467
2283698
8457608
8361640
5116880
9655029
9826934
523336
8063799
9681730
7749514
15204492
11880072
14635573
12301419
15616854
8157072
4199914
5473973
6848636
9209886
5856457
3428201
2769026
10104430
14632344
11126079
6394110
9672389
12958774
16376399
7304489
7507636
11829896
11740279
12362796
8712740
13840363
15310483
8691950
16390193
13326364
13713282
12623051
12578110
2445128
10363550
8872226
5758737
12494639
15548680
7210277
13285536
15079187
8736639
11114460
11293419
9359934
12975106
15118220
11929503
11934499
14002903
13602127
12136720
9665272
11591862
2622765
12119126
455500
15961080
12934970
2861658
11477832
7596402
5506735
9325129
9462836
15780831
2704996
11496540
8555245
8408625
16317027
8425447
7663937
13944280
6942429
10530209
15713284
12293834
14992621
3827710
509728
16597708
4973367
10175446
12482553
15480856
10195544
8137807
8830818
6031639
12524455
4777377
15690096
11559303
3179461
12432245
1740220
4985620
6773624
13680455
4358079
14987092
10052163
11166293
15490757
15580628
1276055
11309407
8239636
5555512
10190667
6797628
4684498
12767714
11622430
8612398
12333234
8937899
2662358
3751843
14232430
4692724
14167207
11061493
16089154
15790392
3521273
6735484
14185269
12958068
7516246
7913797
5678133
10541847
8099967
15493902
4558405
4424855
14072268
5148971
1432927
13556606
3471270
14655607
12789900
1069564
5523871
3931898
5153111
13744452
16306336
8974884
16082410
4671735
4014034
11747403
13765635
15089566
14170058
4551916
4849288
7592184
5272393
3302308
3017673
12043474
13288565
3734814
11228211
7346964
3824986
4960847
10350073
5698451
9467923
9410105
4382652
6546090
4564523
10352271
4746182
12255119
8720483
587934
7881878
12072386
2616893
16192477
3785577
1499679
11092469
5837562
9432800
12418066
15723931
13526053
15341969
1975361
3891765
11185438
5931551
2158437
2825285
6154695
13378398
9837559
1826205
2912839
7508480
518633
6023270
7477822
8668598
8354397
14826312
984672
12699918
12636747
1496051
16423009
3257047
6857440
13630724
15332605
3534180
8659175
11159064
12689812
12315741
16100989
14627209
14944494
13556179
14783173
4930775
4435402
13038152
7668685
3281380
1474797
6941892
13370013
13750786
13239186
14167996
8157596
2470162
1880372
4839051
6630537
763085
15713165
3911150
12029318
6661690
6982004
11748999
4159946
13674601
12131322
15625714
10899105
12170136
15064197
3559997
1015917
6791493
16580289
6806354
3280740
9149464
8109753
10706305
5510786
8780698
6254365
9037181
15740137
14226373
14476851
5890616
10404691
11117865
6998513
11464856
6006677
12219088
7915210
9266565
4258418
2247480
1186531
8079971
10196593
14332267
6955391
11932761
9316537
13285013
7855658
4489539
14893684
7999434
15779763
586136
6681335
3937464
10805024
2856830
7471634
2853051
10397730
14261686
652932
12134967
8093030
10559006
3085186
7954224
2401076
1110209
7196212
15763448
7307234
3217868
7955395
5068588
8771430
9626662
15257890
1975875
14164471
1541796
9765712
5425362
13608638
2536083
13138563
5386749
11302668
8118750
13353142
12759573
10500615
16468714
13874828
10453420
11246391
10489068
4999672
6439250
11438769
3527912
2229258
8213144
13896810
13553365
10064775
13455113
2093605
14714854
12253047
2750211
8330178
14260426
2544556
3558921
7959202
1678218
8512422
12911370
7168404
16516596
12049697
9698598
16018710
6767554
15843582
15032950
16125198
6077286
7729967
15335378
10866754
5205958
15851000
3532024
11035944
6172517
7619889
9932439
5654613
10371680
15043866
9517938
6706500
8880350
10520251
9597504
5606609
7363258
14663211
5190994
3738537
11542969
16597491
1729700
7254026
6665164
3444294
11623113
1212255
8529436
15564938
11542024
6241802
13261758
13700985
5221989
8363149
11778286
3559089
12815093
8274827
16358431
9990676
9212829
6749074
8124357
6039581
14695746
8802530
11048827
9257850
7190664
4925751
5239849
1431437
16334953
11224611
9595674
9300764
6009601
15597098
6044310
4766520
13286505
4374818
13403323
11303500
8942335
15851782
8874017
6512318
10205755
7942398
13519883
8123475
12841166
3872280
1859357
10812079
6459837
14166848
613375
2545324
586908
14357469
9620356
12330690
5335593
10270409
3427999
12799417
8494984
12175883
2397532
3308981
5638713
9965280
4851385
7184174
11745115
9967805
15943618
6710870
15857654
10522973
12334691
7562084
13425024
15650595
13459088
7336305
4489561
10071497
6944093
6379322
2002689
8050967
3736781
2669316
13031755
11715121
13712492
14986276
3042193
2809558
16410734
3791124
14148403
9221133
13274632
9712726
5914788
13801166
6896328
10688976
5085999
6861705
3879341
4357695
866938
15722191
15602401
15909801
9882905
922129
15281467
1719019
15411369
6071253
15397322
2697980
1255867
568036
2494764
6747139
3829915
4624739
11455526
4470889
15974889
14537970
11900588
16129026
6279474
752455
3795958
11474321
2046790
11647242
4611710
8461231
5855104
3629499
13140239
3858227
6178429
3742912
14088099
8822044
3195847
9034765
2474874
740742
9180747
5069398
11612538
11965026
12281642
5449405
10606492
9590062
4983919
9620574
3609568
9382410
11050779
14106087
16294600
1562121
8339629
5342911
12122443
5906307
12238702
6891391
1133031
12526341
5666677
1379324
6227330
6425181
10614800
3270245
1135480
1146205
13389350
12981255
14131992
8669005
11236039
15796824
4266521
11723285
845572
6174404
2668361
3087310
7979630
13988228
1885094
3353308
4300008
7409870
14120412
16550157
14709888
14333583
14444361
5633009
1969097
5998107
632531
10984288
15838067
6563047
9707584
8912623
2667656
2866090
4950452
11001406
13101386
10737093
13516774
4754152
5937783
13499211
9077182
12134446
10961361
8071716
10104107
12712747
8889950
6252811
10865000
7344991
1246065
12291396
6644061
6910981
12930265
16054681
6318590
5735532
3882976
3809741
4376810
2763064
14102041
5169888
6486255
5377025
3577315
14277702
12621331
1669995
2975014
3537003
10868062
2059281
3552569
1572304
477804
1827759
3343686
1638719
8483878
9620697
7768489
7931929
14511222
2739533
14219101
10893259
6002108
7853033
14901810
2862078
10824379
1666954
6838943
6961335
15956195
5750397
11402591
14845197
6711649
2265788
8498596
9153922
2308930
13152782
5738820
2974573
9944253
4504579
10631683
5208763
6770686
3876753
14207115
3164503
11911654
16225030
11901398
6905330
7361726
4481942
10745088
8780016
16292742
1310081
4859433
11427597
5341212
11465506
11845911
867524
8569457
10690650
3036876
12503303
14338601
378215
11196885
11757551
8378965
7737808
2197646
12556263
1554701
10929844
14954273
13128017
10012040
15376317
13461047
11136607
9258677
2141520
16210260
16146080
3286745
3567293
14422688
6161660
10143349
4923995
7961238
11658771
11564621
1052855
12607133
11913695
8616703
2030644
9019389
9028543
5049523
7222346
9353361
2735084
11256233
6505914
1146358
15788472
7499219
6406714
10239797
8314047
5223643
14097693
6396220
5309710
1393401
7327301
11152373
2716809
2025110
2427237
11100157
5164899
3886035
12549690
15167879
4152634
10672454
10305101
708196
11439199
3560639
16222039
1883209
12794531
2324280
8721169
9465199
2325786
16569059
12531234
1400497
15358236
15733323
8594933
16391350
15348503
4948369
11302205
16167933
10150820
8663240
15596046
1949229
12768090
6482981
4498267
12581757
10196674
612786
8107814
10035193
1805766
13348119
10076315
15600602
8329298
11826993
9075627
5229316
9621958
11616472
16099928
3936137
672723
7838404
1102981
4777314
13160465
5806310
10089797
10233566
10470813
7073255
16525069
14164203
3525817
12031819
11619938
6210965
15590177
416890
1400906
1184202
7083055
4395385
3640522
8891268
5150137
11059987
15040073
6374059
11709001
9349182
4923898
14685373
8328865
16470535
8866119
14862601
4650277
10614265
1858075
11230186
15280165
13718530
10470556
10608909
14335971
1017778
13820320
3438824
8069185
9413944
8474103
4375964
4887433
3747782
11932736
10729554
5673727
1788970
9459716
14843434
14058326
11588096
8813748
12168494
16373061
14115227
10693239
16071381
11910085
841764
2362415
14724183
5039970
7085385
13980251
2499962
7546290
10793384
5444339
10843731
13558543
16400862
3311947
10455343
658659
15288074
4155081
7296381
10029022
9559131
5147680
9170843
11524205
14621829
761096
7328779
10879133
16437182
10068106
11317631
15304230
2593615
5463251
14213770
15387416
10465888
12941385
14682104
10199799
3616974
14323824
3858671
10134485
10530816
15553583
12959203
9545477
14171191
1250897
10865388
12444578
6022476
13806328
7022751
6440018
6954924
3345087
7463252
4534237
10061743
2834842
7108105
15679247
13985485
5387563
2403388
8618332
3744375
2186185
11503898
2070002
2358113
1362547
9241263
16430757
14900628
13593731
851241
4238680
16146422
1484349
839136
8984429
1976604
8493818
14426946
3825890
3874965
759846
415539
3545398
4280063
2226364
12546385
13916894
3213329
12918604
4195933
12556695
9770628
12433457
1615546
3313334
2796031
8234365
7345876
11807795
4133026
9972029
4494612
9547157
4484130
12111762
1618086
6704120
4704100
968313
6570687
2620104
7336330
1593451
13137448
7387284
3822066
4834176
589959
3267230
2126917
11657713
8823127
13500312
13656133
1574550
9032175
11402693
11602591
11250471
9084026
8350362
10266295
10033150
11166466
5426944
14748247
7434762
8601268
10491595
5797675
2327293
7626450
11942827
14728931
12180267
3995424
6100651
15794593
12700582
1503452
3647833
14511333
7546831
10252144
11896516
7656527
15760542
3297525
8773229
13551194
1438377
16281108
11014222
6805042
11937229
12269734
15042975
10161508
12537112
16205255
3053007
13474732
6420947
12751616
11957024
5788403
11226670
14500118
6728621
15406943
12068283
10428293
12985501
7713533
10066672
763864
3102325
14872050
1630602
13162617
14443877
9875923
840446
11997032
1290938
5631903
15833549
12103727
6923836
7725884
8321182
14929120
12244335
11324344
10265147
1412668
10049836
16440518
10185324
10026059
992197
3084447
1727696
13337739
7150969
14247532
2849698
13872681
4670291
11325790
16234846
3984005
4732468
12968584
2422708
6614852
11559877
10976564
7563237
6950542
2926015
5137310
8089699
15521281
11711216
8981913
5116253
12063184
7194730
8405623
10706342
12250029
8024694
13923542
4224248
16551914
4982766
7020990
1231967
9163110
1556130
6789390
10751609
2836369
5632802
8131166
8933456
10665213
5012275
8395233
15824605
6027165
12228380
8151926
8798735
1853653
15856840
6701853
14194972
9616775
5121805
15807381
12058835
11500040
13845585
5864017
4212968
9591118
8494919
12211396
14738906
13586476
9348171
7586588
8192552
10343550
4387727
7372471
1107398
4962999
7236342
1618464
11587454
14570523
14420077
10979941
13641498
12332066
3435894
1110543
10408636
15598443
7889856
3485355
16580119
1480238
14860780
11593461
14469169
6659742
10090882
13667097
5585774
895269
9262308
9644772
15141206
8151696
4108189
15470427
14194586
11429034
919941
4603468
5087051
12591965
7646500
626466
6850127
8308928
7144061
3470024
8456641
13803185
2646254
10750191
11862166
12862430
5986235
5910760
12613362
13422104
11209245
1055428
16515406
14734128
459255
1256567
14555444
7027727
2649208
935531
15584543
15633316
10125908
3753908
1035624
3973129
9472416
10767911
13011961
6308945
14003473
717323
15155734
9681005
9342910
14414643
12258972
10944157
8305168
9777180
14418849
12418697
6310061
7852966
9641197
12152345
1350222
10917808
14555688
1748381
1185827
7079142
11463781
402505
10944104
6165707
15537776
3819435
3870971
14392974
3255197
15333801
15218101
2943574
15780430
15199855
4120056
13734446
1335131
16472905
3583810
1383483
3557779
9560476
10337776
10139576
9825344
9892375
14148414
6542155
8561799
6888951
3143964
9233928
15982402
11574177
8963278
16362890
15933467
12604263
13558098
7767009
14237239
3771860
13739782
10826581
14323298
7632601
12963078
12161766
2594771
13283933
14524672
8962639
602722
13532879
16409524
4480186
11993070
10963604
10315538
13209744
12377915
3431356
1447461
16571773
5198436
3729029
6068668
10281141
13912364
4911234
4921295
4796644
1922761
1321732
2517756
3760433
2332216
8725159
12964894
13561869
13133093
16217696
5998419
14317872
9781281
8443273
9167250
10477044
8514695
1386529
15409682
3961664
8144997
893499
15998999
1857149
8036426
13519784
9115545
1921363
1158925
4478674
10467706
6533984
9623934
7266975
7300046
4305914
11481728
12361726
15558563
14113890
7034134
2605852
9087880
10640762
3373509
8434882
4395187
945917
16526450
11164355
11835839
4583642
11686323
9529542
1252274
15528341
1001424
4740599
4475791
8504887
13971717
10261315
12460206
10463946
10399932
15253273
7566671
11603668
5804151
16569937
6760197
5269521
5205192
738648
11831902
6103898
10233321
11492616
9035657
3893917
1528573
6745708
518797
16584611
759564
10323745
5194550
6167512
9605444
1330680
3270576
6692010
9325941
13339441
10699166
2413493
5249113
10699961
10395583
16585481
4834188
4763683
926705
3438126
9759671
10527288
10530421
11898312
10833336
6975759
6539069
16194434
1122611
10448563
4788293
12999046
15000551
12141725
14724066
12103620
5284867
15311312
3306879
2026782
7988787
338495
8088221
13916121
5946810
12138781
9377260
7300384
9209716
7688452
4176102
1930879
16239884
9930625
6874617
1779737
12492415
5445991
4759635
9125953
5194949
6203378
9234222
10173250
13105834
572997
3275215
15881818
7150542
3551289
12282165
1724560
12749135
2714497
1926599
12905033
8669425
7287588
10417051
9700986
11672114
10490556
12945706
11850589
2180130
8331717
5951272
10240485
9592810
10938207
16554250
12414820
10374332
7982598
15626736
16385848
11757150
3347045
5872748
3526654
7587849
13931720
11964983
4003122
2996553
6107812
786791
545351
7881982
15347814
10415280
7804965
7310332
13629003
11363277
13922059
9123605
2098000
12505032
3812090
15314582
5112610
6742435
14011887
3170320
3823523
11469162
13466012
13054588
1104387
4911883
967289
13474927
15560634
15454413
836656
9531636
6634328
6019536
13287585
9937828
15029834
14960977
15479089
15486961
2368232
5640195
15426288
4576408
12279976
14953416
10935831
13551713
5194636
11241239
3341250
1029012
1840010
11304883
5973035
8273586
7686591
8519606
11453896
3997506
15831511
12303436
1287829
399494
5789380
14077144
9900910
3626203
2821465
5146105
16144265
710641
3342641
4716758
9673540
3814470
10272740
5414318
11005571
13400531
13711752
11278634
10636610
13915612
9592489
14763011
2725389
11018749
5185864
8943085
4206015
4160869
10577863
12581721
5382274
7732207
12306583
5595053
7772269
3565465
1465239
5708350
13131225
6261929
11190122
874313
16507426
5160524
5643489
1621566
3804920
7798888
2012158
10945565
7555285
12981910
11906918
2764728
11343405
12862628
1396101
13599876
2914003
13535464
8427932
6730905
12671119
4878729
3412494
7669745
10817104
2183017
6518933
2509853
2828628
5279574
11278183
6514620
878020
11320836
4521357
8245839
6633849
8803401
10662031
6673826
7982959
10673134
10776311
9698928
7379818
2349326
13305425
11673020
4334098
10967678
6721324
9567346
12278909
3861076
13599366
15502248
6224070
12180436
10627849
6098252
4266979
8695438
8873141
15376746
13519563
9492018
14546564
5441570
9400031
12945810
10336997
1845594
4839950
14788002
16195553
7027896
12484020
1807199
8686525
2220655
4134281
5015589
1489183
11014512
5197266
16291569
13867274
7250137
9208541
9838481
3038552
5892934
1234624
4613499
10237722
5364214
8019737
6630729
12259299
16319764
4854517
11464002
13380688
4725558
9734322
11153402
8838390
1613663
537217
10030812
961527
6271259
8766525
2625435
15660293
10441902
10277223
3408177
4546717
3312136
952113
9120129
2426156
4375583
1557861
6895839
16226389
14926189
12420499
13780052
6878813
1246878
12176623
8944539
16453657
3587416
6839592
3556225
8489457
7202053
4845409
10412314
15687892
9558128
12305844
9396436
10000407
3851012
11375483
10869197
12124548
15614027
1169958
10693988
6742375
8992623
13119457
10522600
13822814
12246951
3612689
3510019
12713317
10142125
4990828
6862481
14121285
12189502
5168195
1225646
4815440
12495104
3556126
10310360
11985821
14125037
9309932
1747815
5650754
4084214
10866020
3658821
2343530
9893562
5812624
14703534
7903261
14264254
7552927
11621494
2802475
888245
12224889
1235847
13443969
2312586
1987433
4215042
4083350
16365714
6707750
9540122
4284633
10881350
13618806
815873
2846417
8373853
2141568
7421873
6910885
10004446
3864370
8197490
10969368
1529660
7649227
8918069
5851070
5195647
8017156
9330341
8136081
7189116
10797181
7887249
5228868
4414177
14859020
16200247
3334433
13900052
14727503
9839085
13402554
9400241
13321414
9485193
374307
3267351
11901067
14144255
8015907
8516512
7328709
3302881
3367058
15340246
7945952
3527619
12540666
14023948
4371352
5196516
2380955
2513619
15621269
5946042
13581232
15458691
7786840
14209883
6505683
8370900
12155342
7108185
6276087
8733935
2807464
13372542
6888920
10349227
16185424
5060785
850029
7479447
3796879
2544372
5671421
5867234
15044451
7620093
8022960
15612298
1987352
14946720
9401010
2243919
6222923
3178676
12569344
13498128
14948111
9029444
6022560
3802425
15725561
2132558
2291183
8586383
463014
14103420
2083352
2893100
12267781
13294883
10192817
12855459
10198240
3052226
890637
11895688
7563139
11445887
12109297
7102214
5291155
13021154
3630570
2735811
10414001
11875569
6858282
8151538
12602550
9435910
8074731
11298088
8056739
9470569
4629328
4686766
8203968
4664201
10719268
1050487
1307969
8930533
5473993
1940257
6572228
992066
6259509
3880099
1929405
6291105
5221739
503133
7035030
13863494
4628474
16509572
12353954
16031529
2280477
1732068
12734960
14621381
16491171
7230865
3886247
1395819
10316982
3103876
14193375
5043420
12311486
7866383
2184453
9408332
7146695
2092164
411778
715945
11851984
6378649
10076705
802903
8239901
15020726
2157314
14531273
1590714
13613978
4968469
7122175
12559556
9643431
4841053
5204089
6448233
1788731
8656321
13770995
12498845
10824835
10815575
11743092
13201958
2503336
3216472
10117724
8932258
13593906
6430505
3885419
9523208
3476596
1410225
1085784
9302686
4019925
5184187
9193830
7683403
4053300
7043512
4837075
1271314
10330525
594640
6387995
12415912
4408226
2596927
1163037
12186945
3391323
3712632
3892731
3184638
7372015
4472858
16071950
417103
1562624
16165032
9433503
15150730
16401330
1655979
2593493
14844644
14550787
1935992
8786823
11703238
4060043
13407923
1876343
16344141
6604713
13419228
14350084
5036087
6896918
6741702
1797870
12177216
16071225
8071752
13399454
6689001
7804378
14897926
1313688
2182981
5293945
3948543
3819291
15123648
3769213
1091076
10752934
5805041
7689690
3680603
14296594
8768132
14390692
12111345
14905357
1672137
7239068
5053809
13179085
7131199
10087889
13612467
9683031
10144531
7165151
6599075
4371319
12406522
7125412
5223268
11223422
10093095
12146511
5886793
9509085
8336354
7001498
7545099
15235218
10154813
12379966
15400574
12341540
13124330
10275383
5401389
12293243
14191040
2441592
7638977
14377476
16502153
1340150
14568145
1499819
13826944
9241601
13216732
3405595
1916850
16119743
15591561
15470149
13674716
6632592
12849273
7485426
1889068
1102843
8729401
14117710
5251839
15164798
1959854
13178879
4954713
15138236
4527994
13150592
2690228
1895275
2722827
7372585
1687588
4978756
8108372
12958498
8024212
7463434
7987372
10304914
6067070
849251
12673145
8307487
16412152
1090746
12293601
10081155
4487354
3977423
11386894
11626370
11968504
3310329
8650636
2355059
4464222
4082073
10018796
4372415
11844267
12379681
13784404
4420760
7805865
3634186
4544540
1772775
9193763
9967441
13213697
11201404
14425748
2602141
6017818
7370764
10942837
8111010
4200297
7917799
4738557
12623080
9354974
6405779
5768673
8273015
2361492
8267651
6296694
1796025
15316440
3220116
1339548
8725295
4949684
7958370
16218954
13388725
6539708
7089118
8720726
14554201
9417449
9636208
12871289
11592626
11099597
16264933
9059343
14796972
944237
13349762
1263530
2265620
13421628
7417311
7402433
9859458
15171704
9650376
7568522
6077370
13109503
15161035
4421462
6178372
8893032
15518599
12463209
11294726
8891995
12150653
14905823
10527304
3346817
3262172
7487427
12876836
13194807
4686046
15532835
12759016
5410461
15092434
14528457
12665535
16035860
14670564
9861793
15211910
13794826
7784770
14366343
14666181
14825116
12549154
14105354
15994022
5972034
6080871
5907954
16582893
12399338
3887707
8456075
5499960
14876967
8376306
5101987
8478188
12633393
10265202
16371355
15123789
11649369
10783445
11536465
8928369
12413891
10966311
11187307
6297273
9217505
5841244
12522160
14196229
3308820
6949594
15646834
3934495
2087681
5594612
14829577
6500864
3739132
5500360
2193160
14899558
3495823
6880303
13470941
10916240
10667485
11451292
15835524
16310813
14397955
5755717
1721562
15581435
9084873
5471964
10128402
16526465
1024454
4261575
9441824
14781695
10752013
3653419
12675820
1374074
7922173
8133153
9667696
4444247
6907444
14465919
11901452
15384518
9291923
6515797
11113083
1641092
13252513
9976718
6471401
5430101
9342701
6067098
8858061
10831352
8876199
9288297
4117487
2689122
5079365
14037992
8271577
2267005
11973454
11815066
7892197
10639741
7509893
6266709
9221737
6088779
5572574
6298276
10279763
14729399
14677057
12229398
6743083
4223593
3551405
5628832
533333
10018648
10956522
7997781
7740866
16114925
8721369
5652954
2691719
11852833
6800002
9168494
6132295
9558714
4395161
3145462
14069977
1525301
439846
9134865
10503823
13688548
10487435
12293010
16212166
10275164
16172946
995063
1600574
15095573
12466296
2786141
9601908
13397231
1377987
6408844
12543538
11952022
3657421
1742436
9514674
12861081
14901425
12783034
6123349
9559841
4300974
8695022
11431294
2527922
6433663
2844654
14796428
13199581
13383534
5016694
7311335
10423195
1080505
5619934
15051086
15408042
9390711
2937500
7732102
13431226
9673014
8175477
6811175
6818934
11404848
5519421
15706305
9581504
10762750
14383928
11447418
13517144
8823361
3988250
10376136
3550659
3449499
16387008
15422886
5459379
1307830
4279290
864967
16541331
10524914
3847666
13446135
7177188
3710078
12094637
8980114
8312444
11122587
9782782
7447260
2741067
3345569
3285080
2855752
5295203
9177461
776159
15115680
9827691
7356183
5180227
9734862
13660297
14241099
12653239
13240149
15197124
2234450
14122216
2917378
3905171
1418427
15192670
6878074
8986034
2783763
4781666
9542829
1637306
12185514
1677095
12293188
6322397
12459797
9763240
2352371
761741
3243962
5637385
5600648
9481408
13127390
1031939
6457538
13423414
3804696
8416689
2808150
4233565
5076780
1674804
15812263
4313304
3312942
14698931
1765009
3708594
10794303
1270404
15316526
2275110
13792755
11536184
15049617
6171978
2969849
8436549
6296733
3477314
3652738
13873449
16328435
6122394
11183343
14847403
1721080
3293897
15508745
11944546
16197087
10436986
8902803
8458825
12709453
14544014
1611841
15314033
12118235
3703087
7563512
3476928
4005741
3153913
12318903
13545352
6973263
10907487
4121400
6761668
4977476
16028678
8017341
5863953
13320849
5305501
5881495
6778876
5286039
12508669
9202348
15337490
10502973
13836873
8089510
8028502
11481726
10046065
6550181
12665397
735761
5189921
426222
11015246
7691874
11862514
13806427
8393478
5761529
1134885
7046485
7256508
1978496
7843083
5701791
2049763
2107965
6410220
10327931
14014902
10615139
11387493
9605751
3537887
2607556
13823120
1369135
12486882
2325355
2989204
12345882
12318675
9083755
5284564
1607591
6753740
11249784
1961993
11484474
14175526
16366050
5918911
13579703
2098791
9397785
4610820
16453330
1709212
11852829
14070354
15593270
8351896
3501467
12750194
5116336
12109402
12987715
5675617
8490164
719892
13127144
3016534
11618879
10900694
7350128
9437673
1361279
7306850
13525559
15583735
6687201
15250628
15403080
6717219
8285174
1048946
13398983
11385757
15294766
4644093
2804756
16398024
2471011
9713926
2107063
13943989
5122382
793048
1295694
1635797
7214200
4474944
10952874
5706100
11544165
2356203
4524200
3286182
1713406
5916190
12427383
2363461
6248437
10732795
2496031
15836997
10949146
9659718
4520326
15307525
10129730
4736706
9677436
2668145
596565
11990047
2315792
3293957
5844521
5438115
13983652
11780579
3703261
4737855
16340523
15151418
14149845
810743
16420406
7617974
3621467
3025910
10094771
12046669
8790421
11838410
16031042
6245156
10173578
14736400
1018811
9026088
7433568
13352623
8755398
853468
6159950
8554780
16054120
15973652
15765203
16555965
4682706
3055114
2212192
15972367
13509800
4710879
11116246
825776
4146630
3442401
961216
8719341
11520381
6262523
820109
5884416
1043726
15882895
14867519
5867025
16039982
12265031
5316670
3110737
15749349
3817391
10457132
4881225
6969827
5582470
1649210
9422044
3924197
11104376
4926059
8074227
10782170
1393716
15438409
3154966
8818918
492654
5322079
6703936
11081991
15222694
13106391
8481020
10165648
5334947
9690708
14429613
2626638
7501875
1699655
4452062
3343230
12939343
13101105
16371036
3016180
3446228
11022332
2375161
10411567
10593013
14830963
3415896
13443809
979862
14361331
6111608
5002509
2784252
14843184
11838028
15706587
9488875
8474495
1752736
9689786
11516202
15343484
8258547
4509172
15753347
4214476
3215383
10419882
11465553
923784
1711279
8057200
8218887
3455062
8128864
16239758
4528513
8676846
12359513
3591601
3704639
6588453
1332913
16189670
10548050
4074231
330947
11258998
14070115
7723343
11354634
1046419
6690372
5895175
11099682
1984008
11341975
14306890
1197948
12667041
11304034
4461846
7259951
10860034
9104608
4166978
9689746
9610301
759207
10122061
10831261
10759236
2483780
4406146
15569457
14975614
921340
2332288
7462634
10746416
12031074
14925055
5994476
7439618
1375647
15837094
12893536
14323050
8971055
11081070
10443910
12869172
8185930
9139660
8311151
7456272
13152172
14894135
1052667
14016359
5139292
11851794
16520314
10816755
9158975
5096261
10162763
13615309
10216033
15858821
5522341
11432114
7497333
12374188
2229406
11516484
7842806
1802359
5717393
14187678
4728093
15702943
441303
8395925
16469595
14930085
11337889
12984664
7392178
4509545
14234898
6378931
7037795
9298567
10374776
15511603
4967164
14219973
5377630
12698790
12153625
16121364
1273138
11527516
3441545
14764004
9456266
5285251
6037552
13672226
4636873
4720898
5556450
2204366
10071792
10827632
13542749
6228763
11871402
4482733
6480522
1098756
10119344
9130407
2121124
4901493
15454896
14301405
9683264
13357688
2747615
4864751
1322942
13947725
12694304
9663550
7564608
2850620
12180159
16418252
5370317
5523502
7250792
11230948
2759994
1361933
15599089
6499296
10259911
4355052
8614260
11593712
1541857
7226838
9606036
909518
3978761
11447365
15388721
7104396
9435061
6202797
10527418
6703296
2944769
8089558
7460644
11747860
12039592
7386926
8389608
4518014
16064753
2548764
6191103
10978200
12715153
4253074
8959554
15055370
3578280
3702529
12277166
14218473
10401553
2101201
15773334
13537611
8582190
4509937
10137765
7242158
5197484
4380889
5571155
5182325
1300599
14880795
13870074
5272739
3206991
14227230
14002287
2788273
12242312
2333146
4056345
5773551
1835042
14458332
13436489
11124360
16069987
10931100
11581184
14884784
13827342
2512672
13278058
14598717
11897800
977572
10912156
12736287
7485871
8336683
2520988
11895358
15887197
13520004
6264303
1861262
12778623
7481214
7821354
4763642
6322159
9977490
13359998
7251611
1791058
3625237
3634439
5097991
12259549
16467078
9900038
16491925
9330767
3458929
890959
6935736
9584221
12910481
13876150
8418556
13173685
1243066
13549542
3953981
4941202
2210657
4263105
16104803
968700
12581598
701112
5295123
10529234
1422255
11894578
1159495
1879082
16306909
10494131
3885968
13946624
12862818
15012156
631177
3812050
11030396
14514591
14430908
14499425
12941329
842923
7618702
8030576
8165382
6448708
8833592
2699331
8636968
8781457
4780796
7055388
10130913
5461275
794480
8503808
3502446
2353823
7619305
7669989
14333738
639729
8848069
9618023
3063891
12252622
5055800
8721573
15775639
1972758
15382986
4103608
11664968
12599200
5397648
11249487
15830291
1913923
13208951
7918910
3568415
12588230
10875432
9641262
5024938
8927737
4240202
1902548
4225028
10122648
16137263
15091447
2971065
919797
13248736
13336829
1747351
4547704
7101482
5856114
10580103
14556794
14383300
5782702
9743330
15365532
11430591
16050134
16133802
8623268
13979952
7033593
12365190
3110253
9444398
8902887
4121837
2295813
6870125
12157750
7530722
2689932
12955842
11786278
5603191
7801012
5232670
5132585
4443140
923976
511687
10484107
1715808
6446758
11849350
15318762
7721321
8973157
6272749
14776177
2226680
13917885
13587304
5179775
9482066
6764554
9216236
11932828
1349701
3598631
2930097
4320245
9645314
9749478
5569128
14817570
16444824
5878483
13063193
6273965
1281733
5330739
6973645
2152195
11999361
6229417
3244521
16529760
459767
4424390
5772041
7984176
16023917
6116299
10575368
7159209
9775075
5883664
947436
6321483
12110248
6879432
4776145
12247378
9825970
8975644
15882915
8283975
12252013
6822603
12086444
10245803
3309524
2986367
3275703
12797804
2691316
16201844
905794
8023662
16111441
1731768
2432919
11482359
13649860
1168528
12838327
8701355
12122950
11981834
10450564
5611341
14741322
11165609
13232306
14936949
12288017
9570607
10691105
14892515
1495430
7233624
14399700
7191811
13290762
2880941
10460401
8712982
11916699
5273306
3049914
11805282
6269811
9430106
4506192
10202269
16186914
3453572
14743239
14055444
12051002
10606082
8239975
728499
8532197
14334749
4737118
15456541
3691614
2010357
2018808
14206698
6436365
3938384
1614516
12564329
16042344
1733972
1900843
12025283
6602007
16162205
1204490
9307973
4032923
9860451
7851456
6711499
14473984
8615859
12185457
7088369
5585209
1608602
12331614
8797725
4931051
2279586
2747834
14390281
5354031
11048110
12484483
12778991
10531700
10953467
15378621
4257596
6604065
6277342
813827
4694373
3849134
563073
12683975
4314339
4868328
15115959
12211778
16391924
9583316
8869496
10837820
15218638
4803353
13442374
10433789
14173359
14560651
1376355
14645529
12944227
9963415
1165831
7926389
6909473
6061652
12600462
9000884
6288303
1776754
3249290
16039530
10535583
10823228
4798397
10439167
11047238
15926684
13380708
4211412
15478939
781110
10153585
816133
5142442
14713387
3187358
7844796
5642160
2814439
11552786
4228593
11924827
9835053
16173856
10679281
3857728
14126958
12254055
12657179
3429773
1164870
5859294
10775632
854890
5785118
10109907
8047360
5352572
12092018
11055323
7745676
15136370
6316646
11989695
9298276
8662159
5897463
6216691
4237557
1914920
10635091
13296882
15429356
6524956
5182579
7675856
2167889
15751862
7798842
5254723
3772821
2634624
14233021
9450289
12006895
16439978
4322081
14199942
8756078
2426839
6877923
11834398
635065
10888113
14329023
11338021
3106634
13897881
12753008
11371056
4085297
16327018
4722885
6999444
9101924
9550675
5125706
13370917
12641795
2778322
13189987
2580292
3457163
3646395
2442627
3253754
9008128
12807813
8627989
15374130
6064851
11645939
11873954
11389532
4695244
2428585
16003930
5758230
15379375
13485863
10634601
977811
533625
5046700
14875510
6008582
8076414
6148167
5799843
14389628
13900611
12403045
2661471
16328408
9606208
1809510
7112000
12412243
2115645
14235079
6922498
1475078
3994168
8873468
1917695
4870349
9732484
9980050
12641607
13093672
12994858
2315074
7427543
6328546
5658152
3284144
1160676
10568833
13141103
11811794
6554291
10036913
14994135
11732115
7783479
8613982
1106691
362999
8595592
14819834
4706954
12748260
15085245
4469940
9217386
6207635
6154489
6029230
8239779
10175715
15366860
2473855
16217733
10582934
12626356
6412104
1799271
14202944
15456219
3775884
6146731
4014529
12164748
7104274
11312234
1549643
11787627
16456964
4486223
14401637
7267593
9616447
16415955
14488369
10605314
4050459
1348238
8380098
6565638
9046468
15209114
12771676
8347834
996291
12610761
4783505
4260420
11285606
6423812
1846103
11191462
10230428
9149472
9420646
8446141
5213265
3690462
6760649
3445980
2054693
5790035
1929927
7692960
4228675
3870759
10713277
4778821
7744057
1235542
12233196
6464623
16241167
7479489
15979967
12553958
13352836
7512343
14903720
9736499
2605132
10458102
5670472
2024546
10570195
12412807
15192550
7235093
1476911
7257464
7229690
11419813
14507201
7739419
8069646
15061358
15022048
5442231
14703551
15435268
14351804
11059625
13675039
10045803
4152205
2742707
10523973
14202412
6290074
7136568
2748241
1268954
6480902
7435123
6722081
6004429
10710020
4854715
3344018
8822734
5213619
10662481
4817902
6267900
9791289
16534086
3418802
7530481
1173826
5239135
1645776
13647010
14100420
8956426
1939885
10993863
12112946
12004068
9987392
5743598
11620379
2966844
11557543
10880099
3604723
6692075
12849545
6630517
4357733
1641339
12659008
10126833
14304748
1379524
13947163
4857750
1558947
11945013
11557730
5179190
12292659
14087438
11346139
12054093
9912100
10402175
3452573
11806219
5908757
7343885
1354195
15919875
14362547
13669264
1058706
13758526
12382952
14273961
9480968
4235885
15125584
14212842
6464805
10788675
10759357
12274075
4836176
9526125
11816246
11619890
9345179
14063981
3679470
3354651
5179682
1118645
2084919
10814456
6158072
325543
11912001
14235533
2728990
11978431
12288015
6143244
3316233
2421992
6297943
10632517
7400943
12745695
5156930
2602103
6512408
16357302
2920891
16453013
4676412
6625670
9303114
8314780
10074584
3385953
9380354
4591469
854572
14846192
8499307
5874223
5630756
16015673
300281
15330684
11688315
7037744
14211719
8330103
12279944
10198973
14088031
4846602
3633667
10267452
5251026
16005571
8907859
12402361
6174434
3331824
10839327
3935153
14342655
6171881
8512316
12639313
16137484
14134995
15156210
10987858
5581458
14472897
12071194
15815292
7710216
4687933
1101901
4158813
7073340
2418977
13280046
2338366
5199416
15172403
11086501
2387593
13800971
445959
3863649
4624015
806846
3917759
7038631
7411868
2679687
9058163
1060671
11894744
15398507
7113920
6502438
1887056
5620339
11540678
1418574
3621327
8029602
8905086
13574528
974036
3081257
5596305
1311048
13511888
1255036
6154718
14354187
3282058
3727257
14147403
15837033
15406469
5328977
14498076
9423577
2891383
5115789
14782847
5486592
5407957
5139515
13182890
11040047
7934222
9670965
4547023
11905331
12285061
11688266
7461912
9739937
13312591
13765434
11806599
6471602
7893542
7513743
537992
4660747
6167743
9461068
16213163
1192687
14189745
972912
12141254
6821722
5641426
11206820
2307249
6243787
13630455
12193052
1176816
10047494
14000014
15049682
6106826
6804383
5665409
3674862
3302632
7384811
12189398
12511672
7822034
10433156
9416911
10232084
13996334
14451661
14224871
4882237
5668516
7017233
12019839
12835154
7108756
13256581
15247198
11051858
830836
7071796
5351181
3690295
8210312
8526927
9683015
2569909
12416207
9021779
13933025
13818372
3294826
8956086
11918381
3567447
10480939
6243912
7243970
7210499
5900243
8478596
10366160
11492164
15952623
8294902
687061
9887585
4208226
13613812
751017
8113150
3467892
12748522
3932829
10876533
14403849
15323080
15395762
9877148
12406333
15417880
6519575
2684501
12053584
4341227
1124710
9172423
11377758
13170005
14245774
7941619
14275568
10006407
3453505
13072251
13848659
13480198
12169554
8431770
15494169
14538924
13783474
6486532
6249720
8866680
9531075
6644349
1255689
7877623
10725310
4190796
5449601
5859443
4284423
10780771
6314489
5422830
1964545
8209111
6901501
14132503
3365673
14076318
10737294
12262456
2589449
1250187
14638351
4545533
3342686
8830871
4411508
6978735
9824737
8963558
11194934
5968321
14691258
6139992
13415681
16198063
9041001
1333302
1229046
9222781
5879828
13965700
5655626
3809603
1202518
1490820
12064046
10543795
12854083
2739878
9769485
3971224
11510110
11602428
6571539
13637291
3008927
3581413
6507989
731224
11138123
7058059
16469508
2527155
12818826
13477291
12701798
4822205
3401966
5296117
485687
15606523
11456114
3866179
3348167
10884148
11642566
7328711
8033145
3660817
7512356
2657349
11584440
3562094
14209421
6410651
3489873
7515737
7858897
9161774
7541747
2320382
14012063
7627377
8079527
8658636
2899568
9688165
7271567
11084481
10121184
1633492
3279794
9829182
10906960
609922
13607752
13500738
8578952
10746100
2362925
354900
7509563
13071806
2416887
6820240
11497456
5649187
8101842
2499600
8000209
3645566
6135990
10573411
5107583
1122984
9173760
4130508
1457932
10065602
15068199
14751021
4737999
8122722
7783160
7449866
2124866
6469839
11539410
5816301
7307975
920442
16483245
5821729
8877233
1224001
7565042
7975567
3418547
7343237
10986337
14568499
7628309
1222040
2985555
4057966
12715131
14545703
12366573
808527
1995971
8375517
4396881
8753976
9884310
12468761
2882898
1828881
13256012
601611
5872980
574665
13143983
1121088
10503342
13566430
3950211
5037163
16361201
401191
11745367
7054397
14347362
6464752
10881235
5835419
2408583
10866574
14827022
10451362
16104079
16489789
10850232
11039744
8732458
6432174
6592799
12552759
14797242
11559820
5561071
3107485
10041247
4144259
3793006
3397442
13790757
5642082
6917889
747676
11465923
13694211
2648974
11036176
4960311
7507379
9029478
2842482
16088697
12290128
9392467
1689400
8825922
6873878
14432090
552016
3365837
15274415
1509638
11942186
4469528
10882094
10070729
12501345
13202548
3703292
1210553
15328861
3122418
9397237
8388604
14433037
8400950
5453005
10888333
4561519
10310340
16334534
5836024
3933488
10570815
3558852
7657235
8962668
5842780
11604826
3685205
2508256
4447783
13059830
14192504
3497462
9240991
9476925
2729607
8390766
14930901
7853500
16261341
16549189
8712978
13896169
2537598
13508914
7993003
1608962
3971992
7235852
3304092
10073188
15318526
14584874
4255837
7294653
10491969
5253009
4879181
1875153
12703052
13792252
4155566
8877839
11232200
12052244
14988951
16289823
11354408
10851493
4357219
2059439
12583765
7702714
7133265
5306847
2563185
10482511
12234596
16030151
4853035
8734485
6931700
11151254
1316240
4754714
5091141
14709230
14131825
10262724
7291550
6437287
6979735
6551063
9603539
6280858
2682811
5911063
3396196
3832371
5340031
5260708
5883602
13008201
4521960
13658751
14381323
1136728
13693670
6600890
404096
12524496
8734133
13877172
13579532
5975468
1513494
4125156
714535
12364796
13558225
9468041
13812949
11396602
11708331
6569507
10600436
9347272
6014980
12282971
4488975
10564798
16381437
10895916
3828445
13956012
676554
8149553
4150895
10865959
6068192
10657585
7622683
6286443
6070127
16383456
3567794
4378885
1005464
6481542
369313
8673005
14111143
2160913
12507397
16050286
1322820
11371992
6938850
1687416
11303664
8170183
13129717
9124175
10467606
5988076
14766756
3129795
14580741
14021344
8014122
15752818
851104
16307589
1059597
9595897
11307675
14061346
3476577
11609127
1665389
4521564
11830855
7469389
11266065
9493681
12185908
4126959
7061446
12039831
3999989
10048189
11596898
1985107
8015641
13886673
11939901
15037163
13708354
16116361
14008092
6959903
694778
13632891
9937665
5557377
15554766
10157182
14100048
10000369
16059726
8566205
10153608
10389810
13801414
5009164
9095012
1043398
5560892
11907351
13822904
6396289
3058528
11436210
10139830
5831370
16189132
8065260
10253482
7602514
1904558
3964527
14573293
6270260
15151028
13290102
10094141
14963562
10380119
5391741
3977995
7828202
10270184
8186606
5816127
14151604
12558869
1400642
9001684
12666804
5324080
2201969
2853168
14494773
4245269
5932713
738893
8711580
10249203
3338726
14833079
8313657
11046931
10184103
11160272
3742902
12411369
11865458
5386001
7648171
10471294
3870107
12218642
9386931
9142257
6178252
3886183
10018109
12022676
8079916
993424
14821392
1844705
7504858
10123249
6250205
15133551
11234583
5172899
12877063
5422574
10607048
13878360
14387211
6917791
13311238
15837759
3431913
1744930
15559305
3581748
3819758
6045668
4543781
10405867
5768303
8373363
3591133
10837394
12714036
16034548
4790540
11356295
2156722
15993785
8804021
3141823
8919329
11926752
6275591
10031674
4229782
2697800
16136012
10030182
899000
14413209
10011008
15492692
7881445
12079086
3667344
12129413
3574324
1590289
13851005
938446
4393749
12280950
11013511
6646104
9885545
14588468
16123356
15456803
5399975
12231236
8810781
5123967
5914269
3053628
6479094
13241917
6601146
15438900
9425425
16488032
15818389
11446074
5476006
14211166
1524388
4469095
6147530
365418
2122819
9195788
6135807
14227709
16065161
929084
16178412
10898068
7308810
10710674
7933572
13587124
9157772
11204885
16519937
4704815
12092179
16369058
7588613
9282317
8932095
8712879
3586132
5564059
2593022
11652670
12905185
2456407
10052680
7708859
15459480
7063612
16021027
15362459
8865904
1336714
12979151
3960100
10245816
12173406
15052539
13820598
7073029
11976410
7815394
10401663
11912048
2740816
9892936
5270266
12818851
14499836
16236258
13611223
3357992
12018664
4405999
12819587
3083270
15866709
14957193
8854381
7829694
11438677
12521079
13010235
13809443
12709201
9287685
14198338
8806067
1809067
4672533
5129709
11482560
2508345
9347866
5093958
6022022
3369883
13517252
15644201
1316838
9046726
13524243
12639103
1337067
595956
9957243
7958857
6194538
873771
6297973
304332
8365357
2413447
15357840
16047058
4386896
13119394
15733541
5330333
3624561
16155925
14796892
4016791
16485281
2662091
3602447
7363033
15292787
11696168
13581659
13585358
14064349
9898340
13195238
7712963
6119078
4673611
9743770
10476753
8046425
2855107
680273
13883929
5122691
3147257
3995197
7345508
2014512
1692839
5242866
5335125
3398196
4012394
16401131
11650384
16434413
5091743
16180077
2334703
12528312
755993
9094146
10259399
4901253
1276293
14080911
10160359
1408421
9851929
701709
710151
13770280
15732736
11194430
16101322
1457165
10714752
10607331
10448648
15099860
12194142
11702338
5473310
7358728
8740155
9374945
6111731
8012807
3753418
3034855
11927539
16346002
11353430
13107754
7694157
13189844
7430997
5841566
3965202
12627111
3759064
5662519
4992768
16320890
9507081
10966092
5195884
1131469
9988326
11663376
2488899
9283547
16285073
14721940
6650456
9406062
1523230
14499699
14880746
3125743
5294798
5477293
14310905
5946901
15962193
10248830
806303
15461991
15725689
4160404
2112985
5872025
13871383
5564625
8099670
1578824
6065828
10445602
15461864
6026936
7692250
15419460
14610596
4375352
10151794
16544041
5327716
2814150
1476678
16098622
7214850
8936621
12858384
14005057
6137669
12799244
6879197
6291784
15082877
13727022
13308812
12448164
10975981
1464974
8114411
5142073
9884978
11877942
10465228
9332187
1734015
13987774
8070864
9378934
13281214
2459798
14763304
5651584
10173746
1961718
1088192
15163525
13347237
7011813
12780912
13698753
8473520
1550606
6797988
2518905
8097152
3474220
2226883
14053627
7329127
4297269
15731380
9500444
5879970
7150487
9276352
14332583
6823556
8437324
16532859
12421886
4318872
4649258
11045055
3706847
9837411
924512
4819847
10137576
9959292
2971027
14285438
2825601
9088645
940168
2899177
15711038
1086699
8134300
10797255
16413274
12683849
10611804
7670341
4132726
1454276
709369
6320649
13838189
12143496
7603265
1886681
4047936
9132811
12811931
6131633
9373774
6284041
7721228
988050
12127218
13457677
2785770
10701911
4972222
13999809
1944508
7499010
8474204
6157508
6874456
14584656
15441616
7488415
11092460
13606010
5764294
4750010
5811374
4911633
662410
12308563
4156340
6999797
7809693
575026
11178759
11570109
2322869
16394120
13140440
5585770
10183712
682074
12225579
1177297
5420790
1234639
3915566
1400945
9346578
9179606
3483034
8079078
1019616
3053193
2371966
12202717
10691478
9391240
1179738
7872170
11768484
2022113
4444122
3152860
7479124
7298567
9155332
471965
2083208
14226584
13142110
8761427
1249703
3953478
529000
11136645
8267072
4628606
9177593
11405427
13697378
15469947
3061054
15397057
3744043
8323745
11585822
4792539
12707691
8730215
4621862
10884210
2868272
15304950
6717778
15674534
7493930
11397684
14390986
7886293
15614908
1569030
9968117
3934326
4187529
7580630
13159422
9073222
2289863
10562694
6524309
5494416
4935306
13168413
2142815
4037530
10604614
1259369
12497599
3445616
12760432
13212178
1623343
11527162
9924681
1835455
6110571
1176555
12759205
9670316
15088875
351029
2879911
7985523
3177443
14682525
16090628
11634987
8028452
12432601
15909751
5882506
13904583
14137073
5401072
7773735
6902618
10914298
5289308
16355176
9511776
9627640
2103754
1145511
13663886
10826419
1586122
4358098
12033014
697681
5491715
12915010
10027102
9690809
9758404
2010672
4299816
10634861
1882884
4718062
10503932
13322460
14333228
3863173
10177285
2025688
6062779
6953409
7639100
794269
15795274
15739477
15778041
13620229
16142259
9073710
16404448
3358216
10846700
5519856
9915517
14908074
2303249
9474254
7655483
2978749
7807074
2741853
14537623
6694964
10717240
5421054
13622183
1638068
5612121
8559485
11238422
12757764
16512810
6795983
10105642
3229394
9364602
8767618
15974255
4728176
8130677
3896761
4521524
9588660
4134091
7683870
12498736
7265023
13213485
1918551
13218703
7433362
2279818
10868218
10579205
1201958
13395338
2404816
5881598
1930599
15171628
6095493
13697720
15404049
4823968
14880269
2668445
1692989
14692455
2240780
7759104
13691085
15917970
2533402
4582553
2391152
9773354
15779468
15819306
2093006
1659942
7956126
5426253
4756595
4186067
7437154
5965074
13963782
12297537
14202625
16063572
7292946
16435181
6420897
12475765
7813723
1357975
6888521
16222215
10808185
2791198
491590
15246105
7988428
8502906
8087169
4948198
6776975
676137
1366967
4629096
12040869
13947861
12048515
14126746
12504862
13206509
5921791
14932717
16033529
12696913
1906206
12435683
2839500
11552191
14469720
15405524
624409
4295382
8533714
5646198
5886326
10991043
3586005
5099485
10157195
367374
4824728
10931212
10033117
9953646
5487591
11516968
10987636
3227259
10252846
3973102
13570216
14382742
14369491
5992862
3857321
5345179
637410
1826609
16396892
2537696
12321603
3600214
1373310
3569727
9448882
6950691
10497633
15368982
5579489
3703505
14535683
12336600
12371864
5639280
3530809
4149068
3414092
12555902
2282164
559084
8582108
7641240
7984703
15571528
5127928
9833619
16055215
1434918
10915993
12242106
13167180
8518237
11067669
11902329
11512185
1504163
11766343
14408873
3697072
7640837
4922320
1504860
12429467
8915125
3760020
13885442
6388525
12925101
8928717
846443
3706515
8713086
15849840
1699439
6110022
13149341
9440233
10829696
6082469
10090773
15502246
10159119
4358414
12745937
13840780
10095410
1574648
16275514
15575668
5351329
12179825
5282199
15021824
10782777
2908647
7058561
15877453
10290208
16317787
6862647
16503823
3679995
15801187
7190110
14132564
689504
642447
1545857
1086235
9496983
5617791
868370
13494882
2054997
6886831
8023517
16286494
4392745
12110992
4379156
4953690
8164934
10486158
3717380
3770978
11984701
4956663
634847
16355546
9561239
14525564
11855046
12606610
15446966
10798586
13102186
4565629
1445361
10987856
1493705
3249579
10814743
8336258
11961813
10949083
16364551
6883856
4739881
2542603
8709838
4348861
11302751
8118271
11904560
4043342
8223757
5200687
7013162
9774267
14382154
14854595
12278039
14323829
11969914
12486535
697385
5561399
14712656
14619374
16120685
7549435
6952320
3249089
2900637
2211463
9294637
13257829
8782622
4590087
6986708
13002104
8395393
10600733
10311859
1360141
7362186
16277723
6401311
4552341
2004753
7472330
14069954
8068886
11388717
7053670
9811263
5423266
11428534
11209093
16244386
7438774
12205611
8296677
9984225
4951726
7963622
10356169
4648655
2409613
15215095
4408676
8382025
2378894
13896356
9355078
1543021
5773012
2900023
14000372
11262355
13092726
12012463
13710790
4005037
7559522
13692783
3583018
6381139
13340914
2663936
1277137
11502890
8770907
13654108
16034725
3377029
6153907
11531614
12105558
7912563
5598971
7484685
2949994
4231979
6631344
11702981
3685207
3980824
13923697
5074048
3857455
1042854
8875157
840778
11801355
10489510
6882100
10418772
6149418
8400367
10450320
9174950
7027396
4793454
16382468
11995374
750545
15085268
8847167
3684983
1651268
983450
6728330
12223614
12391655
13698533
9779569
12251190
379515
1249946
15440212
14353999
5862390
12883116
12319009
12203753
7320762
4071511
2851024
13658858
3645939
9757691
1199338
3566391
2144185
8288938
13563465
9755448
4639969
12131235
13339857
977740
6046687
10886462
1786015
13247110
2509656
3711101
9137395
3944232
8015602
16176252
14436712
15271232
7183632
10596240
8794308
5042567
15004314
16483139
15311430
15538480
7220699
4809565
14377224
11110215
2079125
13679297
9742911
5377634
6792565
10130974
10449708
13427464
15698715
2135644
8450485
8253783
5949133
14718160
11706611
14209359
739857
3819967
16368957
14478815
4649451
12221424
6192276
361789
3580425
789794
11435771
6391026
16137450
8405776
16483385
10799890
11944186
2257247
15590723
5596405
1069532
3290258
9111411
1227735
12379804
8185561
1836285
959341
11199603
471560
3962107
8798210
12734286
3174353
13288946
11806662
5565017
3306438
4618434
13111914
6399413
2077174
1026406
9945464
16146879
8362195
13019183
4350099
16570151
4448693
1964625
5768639
6723431
14287132
7845049
7754417
3620848
12341315
15798102
10708212
8977108
3773726
2341126
7041282
13642811
512488
13735841
15878709
13068699
13774980
4569003
16065134
7161312
11844609
5123067
15654502
15478739
5317406
776226
9742908
15604703
14976704
6016428
11694483
3870238
12685434
12744294
16020031
9412678
5891992
5051810
3896714
3595157
13993209
11835509
13689138
7740518
1035047
7196938
6286793
6561591
8412974
8854516
2236444
16219573
2036306
4980081
9027545
10702877
10167750
15828640
7402755
15073991
424007
3303815
7347448
6412896
14657977
3797893
4279877
1364804
11765765
7312598
580583
15319691
11848537
5834341
7792523
12177374
5504785
12439924
8798866
3696747
8824166
3964257
14085944
5665883
12625665
16309970
11937448
8046262
305055
3401100
15163231
16282139
15366139
2686407
7387669
556243
7231812
14363634
16293684
2589174
12882878
2950891
466182
12618864
5229389
13448551
7760616
9535619
13550810
6098712
2672809
5403478
5878924
9139808
1377012
7645722
7553606
2246084
7880903
8306947
13801434
10804858
8836855
9291129
6030059
1120190
3194564
14004958
12163802
1842321
13450210
983312
9030698
9189414
4274141
5036222
6444808
15231845
2507890
8872043
13290756
4568586
1002311
12597080
15112218
15839965
14536345
5748435
15277500
4094174
10049900
1232507
1357309
5641330
6600653
10504132
12540308
1053002
2512404
1076702
15940203
10628145
16525229
1935750
6983873
6830887
6913003
7330606
8904904
13582105
2752598
2722778
9668834
5266364
12454245
12696437
7036483
1482119
11584898
994799
1256608
15652002
3153693
11438372
13476956
5617468
16156941
9812298
2349593
13372488
4950762
1339318
13648615
10718294
8926602
7785726
8748378
4332322
2169190
11085972
14061173
9141463
14986988
11953509
7926555
12411294
7761656
7070021
15277155
14822222
8890153
1505219
7101104
9146075
12520691
7718581
6076600
2866100
1811360
5345185
14769670
12915835
3317384
7271348
8694828
13979399
13898693
8842270
3315180
16161850
9960876
14205525
6029969
1655121
11774051
4142904
10065676
3441865
6082227
7906090
7029990
11363063
9928404
8065083
11331710
9911855
7126782
8712916
970417
13822328
16181447
8722567
13244979
3652831
12204510
13148529
3000381
14764666
13484916
5440664
7586788
12597518
2213176
15000527
9664008
13640855
14985315
15305733
16402253
16201651
15334628
8980868
4351705
3401712
7091636
7163026
9118610
3639624
16301871
1441318
8761935
2699240
6348383
10925529
5287467
11371461
734885
15510243
3445960
7689054
11974409
2159706
4801938
3227456
6256167
5202760
2833799
13107771
13677612
15428359
15424284
2489281
3794987
10693013
15962632
9441473
5239814
9158729
12583388
5461508
2050617
5651170
8362843
4413130
11094176
2979119
4334985
11558464
4767863
5084760
6893642
4860780
4534379
7023008
1114231
10749790
9105887
14505163
1945771
899662
502845
12693824
2653422
13393394
10938915
9121082
6819455
8820361
5574830
10018494
8139875
2524029
946134
6170588
8871632
12471168
10556072
958174
11818261
12074750
6200741
10203985
9726825
2628045
5496333
1163113
4523620
10204683
8017697
6104318
3881626
13503691
16182657
10855737
6559518
801644
3428084
14437893
14640741
5085132
1147939
9296168
14321117
8186385
8208231
5730363
15059902
5035403
9705182
3480208
9477760
1987478
12857235
6931240
1158482
12566554
7190340
9151389
11031555
3056611
5892832
6226914
1291562
3461790
1566385
9833466
2647786
764976
5408145
4007116
7888340
12228587
10163763
8778374
1095400
11723943
2374367
13952414
15689336
9468282
11444124
2237259
13954245
10887635
8285810
5077669
1579739
15767176
4561011
15483169
13191635
12092027
1104093
11325701
5891425
3740837
10835131
12161876
10099625
6945935
6472998
12962285
1410668
6992900
1557339
9994652
6526545
8686391
2614947
6477400
11394194
10578845
12466635
7040050
12783390
12403554
13771342
15828861
8534473
9942490
3130995
2766688
8408138
6751965
9328511
2738942
5069534
6549333
12007868
10244124
5969334
5099319
13030251
6211249
12190105
9379044
11609985
12413410
8490063
3644998
13456712
10810827
2597894
4136921
13761183
10351428
14796871
12392944
4314199
14710212
6856841
6040308
11016318
11907415
13679668
4205320
3659649
10166463
13715142
12098411
13498956
10468744
13600845
10958060
8379527
9808970
8065806
1669685
13348357
10284633
13954236
10633765
8063920
9415256
6243680
3731124
2865723
8475989
10891368
14586397
12603858
16113401
3474977
1422634
12450347
14103953
14562935
4172931
13704817
15641858
14485581
4504833
2880709
928104
7753183
2313507
12182842
12671726
8687889
7483734
7455767
11710081
5695963
4642904
15532630
1856961
10326520
12237459
5683413
6107717
7436490
5925382
2886114
13692228
16294849
7046043
6252186
7847916
12713477
1422936
9885559
778222
14108596
12648973
15527856
1654925
2367108
10149197
15717387
1611468
1055380
1031961
13419373
9377512
1059830
5658919
4037933
15687029
5221591
2931147
9877146
9918274
11396149
15640912
14218955
16181403
10471322
12440936
11863204
1696520
742311
13079797
894672
14698288
11872699
5116820
12919560
2752096
15411246
2116558
2762083
8929715
10976945
10710298
6809880
1836501
3428459
9367829
5931848
898733
3691420
14852734
12352587
12208607
8408446
9786651
7107689
15199361
5365750
1003656
14124919
9146083
10524081
15274563
9136709
4435790
15754865
14218851
16027137
14557948
6540087
15455003
1659251
6116464
6425366
7044486
5511820
9604750
6310110
10754635
14633240
12392608
6505091
13943888
8780286
15728775
14834381
15606531
8208885
367987
8533724
9126269
1886134
6163047
7090581
6233431
12799434
15214071
11779339
5441866
4885031
7547622
3167155
8635678
5180015
7226016
11580748
10479502
7833204
3401158
10861038
2010864
13240622
1065551
10563771
1002417
10578112
3020883
15383789
11141158
2316057
523598
13654674
10715008
16108811
1228687
11909913
13585972
4849602
3988463
1965483
13418978
2712508
12722528
16238786
1910625
1276468
8427446
15818472
10298783
11405855
1698077
3361228
2852074
965422
8347923
7977225
15376794
10144775
14411853
2298885
14739115
3466587
15195083
4249753
2170971
12168345
15170608
12305149
11319183
10547163
16084804
13153756
2090418
6223939
11545020
4028349
10732435
11428240
13232999
562893
14446224
6059846
1578846
11355690
12795432
6488590
10984231
12250955
15134012
6926078
14521459
12030732
14370661
3077835
5494089
754730
13304318
12859097
11164695
15078678
1041194
13143347
3140798
2800641
4967858
15369280
575213
2109231
11889522
3600232
6964465
2432674
840499
15528327
8287980
16502384
4750030
9493327
5650560
10028091
1824758
8537630
16443864
16397265
9120477
12052004
9843817
8718911
6224426
15281666
10479798
6589270
11835627
13160034
1236498
15379640
627157
13257069
1671982
5485716
893980
15706522
13820827
14478310
16572010
4291680
5443417
8754460
12655942
13025905
7049743
1658101
625677
8366642
536490
6345824
7738227
11467309
10618909
13303288
10658195
1046381
4261353
2613682
8965895
4007369
14927570
1768575
14886880
12943241
7310989
8218119
15457074
3811633
10128823
1406602
2987667
11428033
8779411
11151729
2179635
7760158
12645086
10135293
5622092
11102273
13945034
940297
2481681
4860910
15852130
11453467
5144170
1786905
3850853
6316413
347883
2397183
1727387
14539966
4355261
2852948
1835408
1315196
5200652
14854671
15230938
5091865
9515150
9641978
4512534
9986415
11124210
13411218
7103216
15349107
12953194
9757125
13487412
7672048
9554133
3448239
14392601
13019670
8375024
2782420
15149051
13406135
13027284
8636451
13195611
7553289
16424787
15861754
7705337
9233246
10045494
11680250
12459980
5975770
7895013
6275948
6684227
9815613
2168634
15014603
13481550
1696115
13794509
15926013
5895879
961997
2138320
9141875
15018504
3683125
4384688
8350903
15586055
6367450
9248056
10398473
16194491
5413299
9812816
8960214
10920814
11517368
10460983
8621657
13106740
14446490
13171774
5889390
7505037
3508799
15213188
14938443
14447331
4345062
13186725
15123967
13998417
6290800
14740540
5752685
2988189
4207645
8743230
7300100
16147426
8780974
16511233
1635152
12641707
2225285
2039657
1435774
16254399
5347677
13970999
1281655
1903460
8169887
5052250
9565647
874584
14919388
9129168
3847664
12284429
6456277
9428890
2178752
12205418
10676419
2857953
15894071
12136223
8182084
7621262
11709721
12505931
3348585
9294320
16484370
1733059
3930839
9622208
11847883
2078315
661586
4762115
1241150
300886
10648639
5270395
5863800
4002694
12072787
5013161
11140189
8143596
8268516
4324412
15140727
6410321
10804650
6121342
9909779
15788045
11018722
5348102
9247688
2526625
11888973
16017246
13866730
5743473
928793
1271549
1844524
8271868
6274162
15963557
634609
15305550
4619662
2776045
6230711
11922943
5891849
6484503
6165067
14505136
6245164
10564325
12599054
1651600
12640137
6307134
2804850
6157100
1866433
10349260
999781
12108361
13204904
998472
10470581
15144738
10487160
6149207
13514263
1066486
10696173
2535347
9094180
11557154
9710984
5584519
11469404
16282558
15666760
9023798
1519979
12226028
7079572
5482867
774211
13113685
14532624
12610388
3474739
9202315
4391057
7019799
14348851
3645063
5968295
4187671
6757307
6305485
11498002
11337422
9970901
10920483
8711203
11379662
8927816
6393211
9539647
9860549
7097202
11853728
5316750
10925468
6542948
5915128
9311257
10849876
7113371
9014435
15161088
7804379
1856424
14082660
14651440
9557800
16058551
15560693
2291798
7180744
10050315
5051622
1684170
6069516
931302
12935250
4440474
5054383
13222825
1062205
8013093
7136927
7765242
6130922
13505331
16595542
14439519
11442914
14780824
2258801
15532167
10759482
8287028
6784666
9960659
6422408
7070042
9692366
10877649
13719016
3483056
12914930
10703437
949353
10277379
8950243
9368296
7536067
844217
10380317
14963342
5328134
14593148
15026642
9189537
713838
6922337
2596882
8348675
7647159
5160152
12097046
5435443
13073870
2545890
3856935
16017602
10206271
14703854
3178692
4717583
378117
10723285
5424390
10955207
16434383
10370494
7623230
12193832
11860408
13435521
7790086
11853733
9586902
13333272
12225016
4111558
13991833
5653882
6654103
14463293
10738207
2256817
10437546
8961504
12134286
6038067
14499637
13657543
15717683
4609102
6228190
8132758
12578430
6486867
11428194
14034574
10249370
10040809
3216899
14002447
732356
14286440
11058770
4260026
16182098
7556613
14387621
10150177
7749045
11330036
10027441
2443768
3841417
4830561
8871169
7153669
2793682
511631
9430774
741910
12393515
16424071
13848930
1346377
12372261
8467573
12531642
6115705
11699326
6191004
6470142
8840531
5660468
6701580
15738787
14201686
1385203
2731952
14528062
12410157
577492
9271652
15021269
3488000
13666271
15048457
7852133
6202252
2894098
15738302
10003217
8352186
3106516
9326992
1510602
533864
7440808
12337300
8504693
15259413
7718636
2047976
8023649
3213790
4352713
6113763
8455792
16554073
5789250
4946747
13650514
2038596
8895459
9182576
15244584
8857250
9102583
1572797
5745756
10884172
568776
4755042
6155701
6415272
9032429
2427267
8482570
11528478
14086220
5151645
7650698
8159876
8548708
451644
1821311
7474061
610997
14267735
430279
1556702
5587417
7511706
6763935
345506
5651259
10512566
8933156
11480528
10112842
7095897
15105069
13013198
14871169
3495709
16078081
12297633
9568927
763960
2100933
8305171
2305974
11447756
2010607
10555782
848271
3003262
7536873
4162975
1053088
14714468
8240048
3315173
14764038
9564313
5227654
11893947
9495265
6103768
15091107
16305145
16374194
12454362
15553907
8585847
5876645
7577076
5674155
11526232
8316537
7133062
2298686
8281419
6325861
15471795
8576387
10535822
8541449
12719069
11594521
12692628
14626867
5402472
3126802
6273906
1340073
5482990
13739036
10391498
5040625
905479
8842770
2689176
1883597
12907341
1489887
4099281
1482050
10086558
12726354
357401
14912856
5109779
12150042
1176516
10533042
2931198
6269022
9609516
5870768
3964154
6916372
2935847
10925834
12159597
12423333
13218095
3928845
16048153
1854349
7427703
11893483
3646027
4046856
10619986
8894586
8819267
14929533
14144212
497410
2908646
7935332
7501106
1334116
16231014
3758801
13772777
11545549
6474142
5305451
7336129
16499905
4832874
8017566
6537424
4970476
13997999
10628874
9711023
11284054
9531268
14950653
2832783
5231691
14001930
7444389
9717150
1277713
16423299
8385882
1134271
9438782
13261798
2312130
13400922
13822693
16523481
5096809
14282222
9410223
7227068
15290351
12602530
7716855
3760187
9472116
9270883
16472369
4381467
11013682
15965442
5692378
7412873
5319890
12315945
13873189
5747382
10875767
3493929
15003420
12393824
16405092
3429526
9007039
802384
6656115
7346252
12483405
5558560
15216368
11101946
12393259
13549576
1744574
9931481
7819359
6504676
8917549
567702
11112533
11215075
8032364
4952888
16111141
4422951
12713454
8197178
3751509
16408037
5396145
10264582
808626
10101952
14218929
6407039
6626144
13036603
12997028
12087331
9165690
8154355
13222875
12778493
6810781
10959818
16386466
14301566
2990436
3450133
12569476
2598169
13191365
5959208
15005586
5110946
14748339
4283878
16135490
4049161
5004617
16514051
3855318
6122152
14482625
6739943
12522155
3046470
15802940
954292
2145680
14319394
1521311
15753221
3267936
2605147
1909898
7999774
7958382
9978280
3596293
14557736
2091342
13851220
4733395
11991005
10023028
3850227
1382495
6517235
870901
8083112
1883394
9476750
1939925
506407
14256914
14333230
11102240
4580054
15263454
3856631
12795171
5208439
3592794
4933080
6938370
15084824
7811574
3150008
4409703
10682786
7057303
5160105
14677505
6543259
13743283
8267693
8927887
14539111
9079819
12011844
1414331
1209573
13903194
13759953
9777129
4279089
556879
3271418
9200793
4777770
7862366
6495764
13103210
16078933
1024807
9915326
15689452
9453441
11015720
6618934
11558496
10705063
9377576
1489832
2171811
880073
12238541
14895419
6469905
9811246
1857098
4631191
11471654
14589398
7077885
11918155
10959680
6845257
8095048
5125658
16079996
3775813
16049808
6490399
4040007
5243278
8437496
2555803
15758005
1330645
8373550
1634514
9535848
5345050
5031093
5925149
10103000
2376680
7072206
2861744
14352433
7034898
3812881
9935649
7465379
3042649
10242160
5530026
2571330
12117669
15796243
3778592
15540759
10180275
13653466
7450359
9713994
7590884
12146999
12385641
9024039
1330999
11688819
10198686
4823613
4354672
15343307
4204669
2510330
9874910
13357607
16300876
11028064
11999832
1061464
6146577
15497898
15830524
16055087
13400663
3896710
5672113
8695381
2371035
13321184
1932637
3951653
10459286
8221181
8311948
13839153
16351653
7985806
3616558
10896022
2801523
14985856
13089675
13180630
15758776
5416735
9609661
9960510
14021433
3417180
4310726
16588550
1585401
3255868
9556852
7674013
4859585
4997192
941516
7206855
740543
2360495
634552
4288276
16142063
11233873
9823521
7590838
14827291
14104751
9697131
2585852
3183888
3160514
2025767
6535769
2732197
1948239
10708578
12430970
9155763
16504591
12002441
10597279
2333730
5287878
8489207
6329267
13704878
15515447
3618498
8943145
5907420
9353862
12789947
5464874
8071068
10857644
5643886
2799961
15822930
5912636
7148026
8940181
9310098
13268354
6628640
3112123
9461562
9773867
15861281
4760320
345622
12107438
6819291
943132
13195504
7289939
14103117
5715683
1004071
9391722
14617378
6565082
14852306
14588660
13058787
1465971
5052974
3943121
8490090
3225263
1049972
4165104
1480791
5301411
16580700
8194032
3627235
14255489
10216602
15692985
10288294
1051786
9391203
12180566
7416236
2704461
6151914
11451623
739185
3326104
4356393
6556522
4522741
10958920
6741005
3756852
3988875
3645160
10387832
6994385
2521508
3652819
7507371
4617402
10979673
9668556
2253074
10708564
14315913
15633418
14606817
7288268
3285664
7976506
4593689
6475059
14311950
15246579
3399449
1216508
7161200
12379575
4661635
4239954
11672333
4755401
2354958
14224349
8489250
9649942
2138413
8465242
2905603
3443384
4396073
13414358
11701135
10247190
4537175
9601070
14539893
16159182
10286784
12936444
11810795
9959096
11477095
4370259
5545292
10503405
10166769
6756537
5685180
12388709
2484389
15700180
14001192
5362037
15066034
1769990
8727533
6410853
757634
7952864
12855181
9036472
11479401
12443203
10623298
7940135
3194880
10610372
15191308
10703962
2895197
9427385
7723659
10789799
11358999
6362525
4888348
6754997
11409094
5537402
3282425
13443580
7548723
6846985
4987237
4817557
11930779
4719144
9051277
12165617
9652181
13163460
8671576
6749221
7653424
4996544
10814290
16387770
10232640
10789140
10766046
1750620
9176060
14794127
13622661
5396277
1421828
4389823
3698426
5518431
15638749
4698138
4349710
13213662
433420
5822299
6325342
5298558
7244590
2920508
8654780
6849217
4733854
14050173
12459789
14736051
2864678
11724973
6138757
1487745
11151984
12460133
4802864
3039081
9961823
11052612
2770249
3693322
8477861
9307037
5342406
13932783
11924067
3024007
13147171
16385587
1018311
13237229
1320407
10926704
15555516
11157244
10958369
10597948
14967187
5619630
12320824
12439011
589498
10562537
8032907
6561627
10261112
13976166
14928818
3662365
2649161
1035562
8020003
4613105
7068725
14195827
10907630
10972004
10930492
4552135
8948204
1686365
2862133
4802828
2436221
7593047
8740852
13233424
12596685
13045963
14401254
9396126
4326502
13627809
13106655
8311476
15194074
6940132
8034783
9458702
2273721
15937463
3188314
7105107
6788037
10802016
10774224
1623682
10696593
12115613
7623257
605155
14992887
3228339
10874947
13362470
5998207
13701935
14126590
7770123
9710040
9598440
1327438
7445816
3649078
14360698
10997316
10140513
7753530
8342541
2760723
8273010
9947753
15319896
5754689
11896139
16272712
8177492
3703103
4778479
11898030
7543054
15357784
7258833
8847733
11926090
4199142
2933180
1396812
1341844
9001051
14710893
7397368
14333148
3657778
15903624
4314076
4293236
10730581
13596844
6726337
15047704
12766564
8044544
13900995
7235672
9214424
16405245
12101548
10025605
4132147
2656947
12031539
11442586
1273352
5874465
6149966
9654048
4150055
10559582
3559743
3663084
11431928
6181449
1704115
8779028
1457080
4381266
15406013
12119849
2680960
4062458
13982072
7982240
2821252
9591388
12554212
10132775
16170557
16181306
11082440
2771403
6031730
4781994
9589020
9340339
11356058
14299706
12261433
13070904
12839479
13601715
8036574
12240752
2507276
2599555
759434
7149291
1722310
14278780
16326182
5881521
6062927
1351260
6818581
12564944
12234549
5068783
1972300
13067027
10553378
11868235
9466922
10797713
15434166
6196495
10349017
10814495
5232410
10366560
11681577
612961
4175805
338321
9381661
1836448
6683187
16074898
6978182
5822566
8507543
15928116
1554594
14429442
2489331
15432955
15493643
6035531
8769274
16022346
4176202
11796788
6326190
14750655
15677570
6644467
1678328
15132892
5554170
1673549
14955449
10592373
11005971
16454494
14245449
11469235
9058186
6642868
451681
6554720
12303723
11066156
15281886
5343066
12067886
7084643
2668818
7001008
1889580
9747439
2925946
6419180
9160605
7110821
16571966
1641889
11745788
619853
11062769
5794850
3420461
9913496
495925
15408948
5552613
10741699
5813929
14495255
1829811
15619169
11470624
10050414
6843143
5510192
14061862
1847195
5221313
5106764
12515101
9100688
14838012
7549659
14852435
4816110
5226065
3799613
4778465
8226595
1589522
1330171
13150377
7294039
13585890
8845209
9669336
15989233
16382406
13590770
4927876
8253387
14170019
14361575
12883521
5475370
14132792
6349096
13716108
9541696
13324261
3134667
11857640
11407860
1150659
15706653
7013103
16462376
2894016
16118024
10156219
6360876
13356354
15845101
10887741
13215629
13618902
9831833
4380350
13630843
16563979
16197855
7989719
5693884
1148569
7121708
12166768
8445082
2010292
11969173
12077783
2558254
9001601
12247954
6746481
7406784
3589597
13965462
14220157
5993563
7065644
15846631
5483191
10009970
4922626
12544794
3367255
13173129
2964230
8487594
7277820
4389931
10989769
15277571
13599768
16201960
1041785
11154778
2196996
16466972
6198697
2337275
5388238
4669823
9346430
8980303
13453317
9067188
11625000
14168255
14790540
8933879
3230566
9201794
3719299
10916692
2963572
11278535
7221260
6809606
2126535
2937112
16077881
9703355
4915354
1212981
14624405
9417149
9016722
8259668
6332282
9547141
11178648
6678568
3170734
3744926
9817193
15085071
15409892
7277999
5136167
9488639
15136648
2189905
9654103
13903780
3775708
15473055
9987535
6468264
2313383
1969514
10596314
8066189
5881288
6789424
2112516
5109642
7976953
8682914
14210384
3277124
16077361
689677
2331838
1236837
9506449
9368196
5734579
2687764
4805252
13377171
8268771
14195956
6750413
3522716
5845010
5402826
5664827
12693447
9827158
15408564
11767131
11440497
12182945
15203061
15523317
4969157
14464310
8543629
10010135
5636787
8397348
1408275
12754367
11950493
403857
2401248
3160635
8746346
1014866
15757264
11207005
6149367
5079359
2140023
11796215
14460900
13389006
335801
624180
7235642
10840986
14956524
15985881
7237488
7712463
6551617
9599853
16067772
15388625
9154095
11623775
8811632
16522620
14288801
10942592
5785286
12556922
8284328
8540132
14012319
12997656
3728111
4818419
16356305
15000607
2476161
4512674
2538757
4591806
628956
1292236
6498480
11867880
12472945
10621530
347696
13410361
6474198
13640456
1875462
963027
4735157
2466798
9568226
9303207
6948125
1097253
5937077
2870830
6142670
12893914
4037518
4209901
10703877
13301785
14242920
13646313
10079928
7745402
5501001
15756302
13720095
1819023
3198025
9981451
8195298
10743047
6456499
11828292
6314487
3567020
8986004
2839334
11845341
13830457
11957581
8895531
4865973
11865024
4343298
6408664
6141294
4808616
9358308
11935491
8158805
8034239
8903842
16014323
7136973
12938912
5918350
8886295
9426436
6636505
7336902
10432186
9652253
9701107
5289725
3954283
10440457
3220651
1737237
10153020
4996202
14291232
16462081
6851533
11131258
5636383
12963463
14820094
15535439
8317346
8264234
11855646
14366101
13689871
2820077
2521957
13931392
12994672
9979257
5385700
12879761
14037726
3378425
12852474
7641665
1080543
1875338
1695352
14723340
2749618
3817923
8027028
15995303
11920771
11480182
15005343
4221359
11540389
16321533
15161658
12935730
1777231
4137009
4467291
16292286
854630
8966593
5491756
4903299
6352310
4174864
12222138
9091159
6734874
8823015
11827594
2248392
10220383
6450534
12983436
13570775
5573096
11986115
14660655
3451014
5486046
12682024
4821411
8647199
2062115
12196950
9382156
2193147
15462651
3148936
9653292
3568797
9744264
7658371
15178803
14885280
16381435
1901392
7414459
12333463
9391795
13563249
826679
5804892
14608584
14616801
3210451
12201329
5999218
4380117
884003
6366298
778783
14652500
14432430
13773940
3713727
14088948
4917643
3585608
1269174
10504160
1775621
11494941
13104350
3411617
7599995
10102533
16104532
5032382
4831974
16392866
8740935
1079392
1074791
5883888
2881728
1209433
4059546
11262608
12020537
10561913
3857068
2995723
3876582
11967965
15504506
8776921
3864396
6396572
14215539
3448182
9039971
13366496
8768142
1071617
4165714
10154714
11490579
11425335
5189466
15207830
12023878
10936561
9119321
10165792
10821459
11426080
4483091
3634306
748239
4639523
9259837
3052365
1079882
10538228
13700159
14903527
9474512
13297819
6600546
13229400
6666973
12445183
7220732
8881686
1765979
9729014
5960416
16108643
765732
13519661
14924353
10775794
10173905
7739135
3568097
15657455
15351647
2147060
1574452
9064024
15450659
2741522
13487974
7408331
15887176
1064278
8377035
11706593
11037750
10521131
9475518
15179723
3410306
14992383
10546877
15197894
3827131
9240292
9708540
13267589
4867113
4215239
10627228
14946034
5724079
5884023
9482314
14144837
15733135
14507141
11151179
13680295
10783664
5196853
16530026
3242485
14332416
7680283
8217473
12374832
6517689
10130960
901960
14817194
481386
13228536
6898249
15944018
11013956
6365458
5466858
6289446
16133745
1300182
4144371
7146498
5763083
7665502
10110178
1571886
1623277
12529903
1036787
11797722
13385280
10302809
5971691
12586259
3945759
4723649
704539
6571112
6318360
12382934
3043174
10179395
1775320
15936855
13442154
3692767
2645109
11259387
10443462
977791
12179036
7963282
14302678
10572025
4113358
15908424
10539185
1162653
15330843
8875990
12585357
4884814
8003447
15988111
9406692
15219235
2222982
12231241
6753048
7243793
652088
7528929
6185385
13437055
12726949
4916146
3248324
9237345
8127875
12227433
11835503
861065
12244476
5369886
10324798
7523569
5625432
12467930
10104395
16574306
4006569
7780871
8234948
3236632
9649861
12507764
9713293
16493195
14799088
13544551
7292723
10937537
8062138
14913829
5537841
1854434
15015757
4018361
7706800
3240555
8395838
9813754
11861481
2236518
1885896
4533620
10089299
4670548
1515893
1524746
15731774
10745789
11475592
15437098
10576784
11422652
15122695
13601361
6389906
2642470
12106302
4533363
7505258
16389842
9229352
7664566
11151637
1340512
7077930
740115
11122022
12254386
2973420
7522296
8333000
1401649
12401958
9587304
15074508
13325536
11380222
6736733
12886186
4188100
14280964
13865177
7583343
15783735
5568214
13148523
3292310
10420904
1598776
14384342
12519064
9579005
9849578
1313723
14083628
1164296
14271152
590248
13006919
5987957
4283351
4578424
1337324
13437580
8031139
11168108
14827346
3792869
11413980
8332025
5342997
2836618
5355547
15874810
9030704
5445318
9750134
2121326
5650975
2882581
15776158
7212395
3116277
12591064
5104512
9953358
11507194
4689163
1973662
3100225
11735151
5035753
5169136
10330216
1985315
7888693
8153248
10155089
8625232
7518032
9573919
4174035
661652
4357790
13696154
7685280
654283
3875899
3342471
3007146
7404522
11084212
6404198
12986163
3562965
2359286
8044307
8037964
3539422
8427490
1218281
13595346
6317478
16321604
3919538
4197222
12982653
4570771
2645829
4683317
9730693
9796479
9187135
8306636
9555913
2178497
8042006
15360462
7068147
14715048
9052769
4169381
9536796
9768562
8926698
3239270
10280326
13166780
14130507
10303542
12312959
14897248
4618535
5585573
16498961
3410312
16509657
10301717
10205249
2017233
12189231
1264111
3231843
15966069
11369995
10443990
14104860
9522011
3320917
11761142
10647191
5856956
9496076
3320424
13047747
551808
6078762
11267380
928970
2356052
1316921
3991228
8015416
8694762
4893973
13754494
1023555
3196111
11758355
12869191
675416
649165
8033113
13157237
3971700
7931485
3945114
5781516
1613646
6543649
14117153
14909081
2809379
13833298
13986054
3665775
1991761
15697567
2599821
10108590
10889926
16391081
10591774
549383
413670
12483443
4877987
11542479
1509373
12932871
3056755
9522411
15399883
10192053
4621195
3071617
3509945
1062385
7678951
8530308
4487106
841815
15477199
8781315
12228100
15854616
7462704
2416263
10228531
10111878
11462517
3038630
13759308
5266075
10407978
2188947
11864674
9277697
10692470
5054734
12316341
1114737
14110989
5984358
2704273
10248440
10472132
14517907
5931978
12834156
1435706
13736993
4218469
10086874
3718856
6285501
9429785
7776008
5132939
2083313
13085868
11107945
3055433
15985742
3656246
7038047
16283166
7131597
9940589
9276182
14063276
758513
4590773
7288289
3202754
3428682
12112460
6183802
11380147
8333604
14382193
1672076
3361536
310155
1483648
11912810
11391873
10575814
15072647
12028704
14957438
14862362
10924417
9960725
1712408
4511164
11447312
12523489
11813510
8133741
932242
13248034
3210070
7772084
3253906
2551071
9551160
1905472
4799479
4798828
11420453
2727846
2934687
13049593
7782860
5708865
10087691
1178337
2145906
745272
6232748
9860391
7870121
11597293
11311980
2326565
6712731
1748219
971547
7207170
7192824
14252795
6655883
6880477
6849800
3575324
6852598
13342136
13220624
6300982
15451683
3627320
15560917
6624680
13690550
5091965
10737626
8939330
1520913
6586526
1693657
2332359
1180001
15202148
8323404
16195174
537701
7168776
16101418
8995579
16598586
592876
6323778
3115367
7163440
3010662
6848594
16274539
12456606
8944419
10368992
3539621
3028037
5864354
10867799
10358920
14060466
11334547
10192859
8536655
9877113
1466127
8863919
12891559
1264630
9901150
12122008
11632373
4854370
14662637
3229795
8411340
3059948
8361281
12829962
5076528
7286689
11943141
9480701
11470761
13571915
12142194
15017884
1794018
5060043
12507319
11064993
16550552
14352511
2371362
8560853
5302679
4471678
2942264
3452510
14795310
3324214
11105714
15480195
14302349
9302436
12797831
343828
3709354
9997378
15743553
5276747
2059001
14738933
10171195
14680622
14523037
16586930
9980784
8993279
10162525
636062
1818737
4003015
2861393
12233924
7617901
4114089
9854984
3973534
11778675
10502891
9839844
6376618
16162286
1708068
5133651
1061307
8132192
5484956
6420214
4020719
4293800
1845865
5850258
8037895
6616970
5966758
3523447
1427263
455751
11992190
4619718
1001379
1964671
14832516
2235321
12777162
11488259
8041466
7424815
11214546
16299256
1550395
8785528
6335400
12610280
6346686
14507055
7326241
4511726
907416
15766317
15609519
8904576
13422449
8124857
13347773
3262690
14228321
6798042
4695133
9895908
1457676
15716070
2315021
10871092
13843648
1270154
12139824
9170805
4442236
381746
10355570
2746891
9095030
3569486
8090678
6004754
8731051
10411162
13448693
2096953
5254474
1287970
4321197
11494409
10378180
16126725
15238449
12421841
6884247
15313692
3685256
8289118
9432736
1855653
6496174
2277100
5434520
2652719
12885826
11223760
7407284
12126431
7815566
12126078
12271345
5396294
7696190
15385894
6842513
6965628
7210761
13252376
9333931
5905546
15904652
10434253
5469174
15976082
9591397
8861825
6557160
3268641
8632994
4786442
11910144
3511578
11254293
13359714
3958172
3853697
11175101
13710007
11584322
3231139
6036803
3288780
5879892
3763050
8676802
13319854
12775782
6720139
16494037
5469252
12427330
6636740
8695921
9725826
5566932
8668985
3150097
16411032
6268603
10982598
9765099
7444181
8504049
16347435
4786917
12017676
8558522
6038199
7001987
4166132
7778758
7555713
1726563
5592537
2497561
8849297
2515372
11980650
1134170
16051253
6497998
10946438
9450057
13021115
6173839
2678486
7561532
15499078
15694802
8055854
1887777
6520182
10770505
10475024
14989609
16460006
15641586
7223044
5646947
16408780
14535730
12353458
3255140
9129643
15009521
314771
7232776
7806835
4507981
12485647
821903
12441313
11979117
7449345
2881514
14554214
15067948
6454584
2115869
12141385
7259097
7295580
4351601
11061660
4880376
6926869
9167095
13987298
10612501
5092830
1367395
9221697
1802521
14719646
5593862
11380545
3959950
12331982
6418904
12377598
6373193
8605204
14002095
15720899
5810976
6725821
1476883
11789559
4050886
11341700
11432475
3258318
7427951
2674059
6593748
16347622
9120396
15488519
1645138
6585390
719559
14717349
13299715
10223172
2225144
12184974
9784396
14741197
3266767
7237637
8644836
9456198
4629179
14389048
3486892
14480698
13140236
782850
4640873
3472842
7776756
7271817
14740972
3624705
9304320
10757148
12397823
10563245
13907573
523788
3967594
1435242
2039705
7973272
8830456
10577570
14951179
7546649
8024488
8524371
1673848
4807621
4509289
7949640
870880
3675708
15809054
14765015
1953528
4900457
5133139
596168
6706281
5173368
3211199
9820409
8096446
2344509
582523
11287529
4309558
1982150
5193337
8233276
9156220
5322907
13825416
10876917
2957804
2766362
7306173
8994781
6976387
5864366
11702618
11097270
15168386
10684993
5628476
2687804
4047010
1288542
14116415
13863651
8243242
6741220
12516178
11225840
7361366
11893474
1205992
725171
13938049
4318672
1023449
3565994
10626579
5403949
16157414
10747562
12678101
11586110
8794428
1324423
8642798
6132403
7222790
10748856
6730096
4066222
8218404
11362148
6947622
7717523
14740538
10798969
6518885
6513714
6194229
8875972
6548046
6074439
2237261
13442490
14833670
16544207
3701130
512922
8965148
10715428
9293287
9133831
7303240
3692658
1317160
6015760
11507755
11269837
14363842
16031256
2026046
9865294
12165409
888860
16044356
6774845
11801917
12726548
6507101
4235650
2471973
597886
3721443
14754308
12074828
9884093
7887059
15046394
7367632
8085270
8383703
15649868
1062650
15724830
9762370
6967074
7605054
8369170
5734844
16145977
11269852
2461482
15527268
9183844
7804426
15420077
12686036
11885939
11320741
14520441
9535393
5819735
899490
9411787
2562707
6148937
13896073
5285248
14728495
8762323
15973233
4293152
5408588
10178145
12666759
10936295
5287521
9814895
4411999
746524
13231345
2895922
1108623
11567972
14474585
12080360
10041393
9555961
13164723
13268267
2296391
6599231
11931329
2588066
16524410
9058103
10674658
7083047
12862470
10529742
1420302
15621450
12393234
4875747
10082335
10133679
10709500
11765992
14401581
6361119
7926269
13091979
987993
10031810
4537931
7666653
10319325
13872518
13201154
13495480
4169516
9135243
12660023
12649734
1991760
3239798
15776365
3393162
15611574
11343414
10055944
10841748
14921263
12879475
2388369
8775601
6049986
16030132
6767195
14813909
6354330
531021
14815612
12349648
13298174
5262974
6594909
8010595
7576534
5420387
14708158
2512809
1051279
15637933
11673546
1427557
14224815
2009457
9177557
10567893
8483249
13098146
7534667
1369678
5915470
11585549
14981377
8564274
13144211
5438749
15293515
4021126
8137026
5057560
6405633
13480801
14241085
8807104
12150080
8153490
11329856
1745993
9386801
14197139
7932209
16585403
6277414
1378884
15317547
4764423
8881588
15014783
8343459
4466045
4429559
5235300
11149984
12552693
5207346
16161272
624138
2660290
2300383
12568196
5614588
9938666
10910226
1728292
10183636
10953555
11534887
