#Seed 3730184990
#index showed the (transformed) postion of the SNP
#SNP index
2953518
2302384
2702118
1042553
9835405
11988730
12640326
7685967
3410829
9536052
15853920
1296102
5124331
7431704
2249298
5743434
13516774
3194640
14152682
5763344
5610380
1678678
8089601
4091364
2802374
8739482
5259979
10174190
3154156
3828445
7869614
8533844
5378645
6612205
840547
2183549
3103497
4698180
1601369
8975706
4566304
11632862
3827458
5910210
16199610
771625
15775956
3800054
1455760
3910950
16063572
16379158
8697325
8243023
9296456
12310572
9241976
9582868
3504069
6571574
3249089
15654228
5391857
7838837
4203872
7883651
9780544
9873353
7215190
13145634
856881
3367574
16408959
3387483
5297587
2434832
13268300
4023692
2682276
3033220
2625915
4036259
7665813
8634899
2628916
8982063
4240255
7724521
8370415
11897582
7081869
13709938
11981113
5582119
8160975
14422715
5309618
1071634
8292967
10910486
15358221
4323780
652011
7642994
9980703
4700691
12635044
13202584
16170131
12226864
9783249
1919869
12743002
5665622
14277532
3028084
5849832
2200931
1865662
11545443
10639462
13451752
7743876
8523603
15743212
5266913
15446623
12484436
5667768
14208439
14134280
12987833
7325430
12164054
14516415
6857894
12843467
715889
1649458
14428360
7924130
4100035
6306387
9908283
14580337
11497586
13342310
8547242
13539437
5487740
2358761
16017841
15809215
12739901
367032
4984367
1220918
11829116
11520035
5631479
11631714
16494542
1729595
5986340
13905865
4672187
8512371
747787
5439650
5436605
5606114
2997672
16312326
3396196
6030989
3694252
1684724
7266688
12791685
11003964
5831903
686735
6273407
14371807
16479177
6275289
10236234
14708023
9423926
5378989
4053705
1907066
11790317
6139124
3971812
9202275
13889548
5534591
15769970
14027362
12488531
6580259
8934121
12543507
15356556
1214040
6325398
3181751
2860517
6331505
15122387
11559537
2953427
15593286
4767134
9025139
1346242
11889028
14587227
10257114
5982470
10955444
3976719
11332401
9841344
4419455
13167345
9245669
15817685
1995423
13415412
16518513
16358195
1702189
10323374
5921230
16099369
511389
4267812
8638209
10457098
8039166
9315454
3713966
7177013
14638172
9801720
13853670
16579119
16561592
6416094
3777097
14416242
13131461
6245230
6296762
12787213
6372246
1184084
5271855
704927
2527804
16519465
9055251
14469838
11671914
12788950
550210
11447300
1923182
7076382
10970249
9817619
3271930
9986751
13639853
11609345
5828017
10522980
8145507
11425410
3479017
1498266
15441210
8667440
6522258
651676
1167190
7770348
13122458
7661822
7736937
6084181
3959854
7641693
12315963
12423065
3475315
9796225
2028562
12337573
14347894
14782634
8163790
11064201
1513959
7666241
7638198
12809902
12801194
8062103
6037276
8186157
9561353
8858307
5252628
11736784
13637769
6517654
6341609
591470
2609887
1313776
8687866
11607130
2571761
7359281
10038630
14339358
9131023
6267920
1121365
9520220
6066618
5685526
10714209
15016307
1920171
10175844
14413881
5700998
1913589
7915560
3097677
10879906
3722979
8934610
11543660
15264716
5606759
3487606
391653
9205834
10206407
8648267
15835600
1230041
13381487
1786483
8802325
3587968
8663562
5862603
15804287
1177397
6321824
14309124
3411183
2661773
8690690
2352204
13899759
8388038
1883005
14754930
2843397
6254606
3535891
11170220
10449391
6463387
5448376
15930130
14116373
15939497
13334323
4206206
8381029
7204011
1313817
9941619
8532844
11961577
8252027
15106780
6375866
5450510
2638783
12133878
12907315
13377318
4657592
4512689
6093505
12179213
12424814
2584765
13277197
15434653
4273733
7121094
4338125
3374278
6057977
6166063
11896883
7182671
12884300
16123859
7292637
8684140
11697704
1177100
12013773
12338931
3802313
7597300
8457357
4918312
4261137
7137028
7905046
11609379
3798663
4036772
11525712
9326139
7474335
12617005
8172947
10997418
11471207
8861264
12182545
8397068
3813878
960443
6483011
8520568
3810314
14224516
12252062
6501889
10289865
1740817
9085265
8923255
6648955
8742884
14741261
14277261
13517215
7626612
13483648
12684555
16470161
6451674
10863046
13905349
15607046
16395289
10425318
13240425
4957623
822705
7123373
3201547
15039421
3762776
5646625
2190894
11195017
904219
5676298
5111590
8991456
15136518
9223744
2892544
2630658
3736645
7930567
1809605
4147331
11395937
12857959
14230264
1732666
9616406
6364571
8537543
1881908
5577126
5247052
4695350
12265825
10510514
15694359
12211779
2671624
12247660
5985487
15263029
16030778
6645470
5805149
14369060
2681992
2369142
1927247
5546596
14035136
10526555
16414647
9442183
12150396
10965918
965956
4862400
2608935
11641718
5102743
3839816
8639775
2166383
9514899
13111204
11806396
1808774
6513081
5421512
12412343
5298549
12698556
15972707
12936017
11602062
2465994
5727499
9716830
14371190
12269468
4513010
9622187
16085161
14461443
8003447
11351266
15418483
6170468
8368705
4321768
8847819
1491993
3772063
7335977
10989129
4205046
14359963
811888
3643781
7005747
9018694
4633359
503411
2902170
10156768
15447655
13726220
6076550
9609947
9447179
5115766
16326640
10037247
11944297
16421638
2360544
6748131
14788147
1982093
8968326
9172230
14462908
10023997
16128347
3126453
4223560
11344289
5022822
10811930
14740737
4672465
1735672
12250968
2660327
15570963
4286786
4517096
7478364
6375275
9548971
10439122
9699659
9336627
1878683
14638050
15003864
15284245
9504598
6455767
11960112
9677466
6845150
8399661
11865992
13162950
10977558
9381546
3049504
2476601
6187397
14197678
5277036
7257100
13223492
6156420
13551506
3202862
2459273
10595963
7155344
6549366
8877901
12122930
4053094
10847100
16119481
2878482
14034979
9271859
7154495
691084
14867226
13209174
4731927
14428433
4063648
10511945
6532221
7367351
6935696
15409560
5118970
9154595
2127492
7478155
7403196
884468
13537445
9986912
13927825
10737077
15277500
13907680
3997762
1742816
15721552
3239728
14979323
1959805
6868030
14868425
6246131
8196886
6853284
979474
2368090
2719151
11109870
3268428
6241874
1062492
13349865
1548229
1701506
13475222
977897
11450715
13546561
9581166
16366913
12155739
12376536
15811977
5830749
10272812
1071101
15696111
5269299
10115083
13677266
8674556
14709348
787726
3467518
13665586
8008332
4161195
468517
901588
12173160
2228957
13562064
14513277
14439174
8949575
10277510
4880143
2599821
7234502
7770475
2069862
8366328
6392827
5655420
12817410
985333
2237517
10134332
10857222
6538902
10324989
16266815
6427728
7733732
6284203
2782200
3197146
10239370
8326189
10851590
11888149
1098640
14997447
9887466
5810983
1398147
6707073
12527444
8361062
5755227
11418262
8251493
13343567
5858807
6939863
4027908
3426763
2351045
8515404
6711772
8195260
3772112
16259588
11939314
16051194
7913862
2569458
6456301
4569022
8309394
9659679
15674708
6128782
3926068
16383689
11371928
3617952
5186666
6968619
9506206
9148610
12754931
6850035
5884121
1237396
10384698
4881804
10375344
4599660
8321759
7983322
3025367
16070721
10667604
4676878
3646096
4930970
5454701
15838524
8751454
7150893
670639
10009504
12677432
12011962
4846009
4875479
5804148
12374878
10326161
15824789
2731825
1248462
5416116
4423576
6161951
10900193
8588081
10717117
11723686
9599135
9154154
8052632
5207504
13990351
11942730
1196757
3741294
704639
4462002
4586291
1610737
4168605
6144781
11484901
13149743
14206785
4331878
11875889
13718525
10108092
7467711
2953190
5147920
2308660
4220618
15099889
10809151
4756224
14483966
16055215
5422830
5540435
9128244
6726182
5513133
16238076
16514160
2366520
6837270
1960806
6151534
6556491
2351863
16058844
4120210
7937339
12055513
6062396
6979204
6604098
1623282
8077564
10140931
5621545
13134987
14532554
1383956
11314054
11365012
7144969
12385641
13721254
4401353
2543136
6614633
13823186
8864763
5732265
520420
10786228
10849599
4026343
7895954
1941408
1987299
15594383
3530669
10612528
11588749
4000576
2197241
3273387
4357853
7024635
3589458
6198563
11462551
13748438
2287603
7707776
9582404
6505179
2563539
1916257
12766236
1889576
6062820
7334662
3793029
16056194
7442739
11581396
11118062
6576156
14655395
5190272
14373982
7574416
12032203
6850016
8419101
5833691
13525755
9641823
12405059
10359654
15671548
7816923
7139854
11584787
11572338
2612292
4232805
13326269
13924930
10162712
11144179
13557997
15968846
11945363
11988095
15597203
11456673
6311411
10865050
10602038
3898451
4560146
2960192
15083867
5336208
12436849
15012214
1327525
758465
3566168
5603191
1463184
12557071
3890919
16115219
3685205
12603324
11720580
932141
8575449
7231508
15313443
15782967
12576542
13238705
14602823
3759468
11772365
1354047
7736709
12804357
