#Seed 1029791101
#index showed the (transformed) postion of the SNP
#SNP index
3029244
3222858
10155650
7139901
5470158
10512629
12794146
13776093
10884501
3728447
2076429
7616617
2781670
1922574
5566777
8430845
8136038
4733843
14803264
9011303
7199640
9372198
7878880
11456892
11500105
11556290
7300288
5057587
11689205
8859035
15940959
10922690
3234848
10027508
1791719
3815226
8961075
12937474
4501124
10547292
13471533
3450978
5943755
16165780
6114935
9510954
2262227
1249141
9658419
8591489
1007552
4467460
11965642
16154992
13985957
3948352
15495184
13965489
9617745
12933458
4993735
7971265
2298148
14002465
6168905
7718636
3389770
11429351
2572769
12203776
5328626
12517172
4914248
1789622
13035740
3399848
10919702
15216608
787668
7286356
8183143
7980092
8490913
7660968
586768
6694987
12818970
5672773
8240246
7183865
3906652
4183424
14144305
8867369
3073236
12683103
2513099
3948050
11052851
4004864
