#Seed 447107299
#index showed the (transformed) postion of the SNP
#SNP index
15387666
7855900
4602745
12213819
3185780
7311485
7900812
12374271
9790660
13135609
13152385
6104350
1620551
12397160
10459372
12427831
1473207
7325338
15272557
12058872
6417828
11990854
15796828
15306245
2533478
7131670
7422855
16048966
16054908
7619530
15733186
12610209
8451923
15434362
3102363
10929140
8082242
12127493
377494
11478813
5651893
13332359
5369876
8970242
1232886
12144486
7665292
6758355
1070590
383281
1200662
7687148
10708383
1205458
8098629
12131856
7880421
3577580
11034725
2748625
2034075
943183
15727197
8697919
6887245
7019805
11980328
655923
14694339
8233572
15605531
14545586
10334009
11520800
1127066
725276
15002828
2621361
14981838
12401267
6738640
7417395
13084790
4161480
2186941
3621465
10210455
5146732
13356504
9209974
10047756
14734288
9388231
9557876
14294462
677763
5379918
14102624
7769344
6554783
8138278
6657151
15149441
2676483
10554693
6085086
3985705
5697463
5552011
10886752
6739811
13666363
7342743
485135
3293645
13572658
9811636
4347592
15342530
11688101
7504904
11897726
12882138
11883571
12010734
12828248
16129894
4528163
1900082
11857468
10430760
889651
11723306
5587999
8825260
3780893
985516
12579197
5746655
13001942
4044667
11811158
5347191
11352355
15117102
8617536
13622814
7690322
12042421
7086874
9824398
7343374
15624974
1211018
10351634
15146954
11401759
8387594
4570682
10365521
2838802
5706250
5844702
1708634
4901613
7579546
4739017
3466989
5150333
3518790
7962608
14838768
15672096
14968073
10917056
4482525
9434777
7146514
15385798
15748518
1535538
14991673
4706513
3744036
12548696
10211838
13467351
16321180
10627390
9488333
6084645
5834439
6704516
2678169
11051436
3653713
3389897
12497392
11359463
6200741
1214825
15553602
8373542
11696987
5969590
2536060
15607925
8538083
13720259
8134201
16141251
5899693
3194464
12651596
12300493
1815684
1317352
14548726
6883006
10546753
12688726
10349023
12473701
7744338
4182727
9873377
11407800
5818497
1895740
5643834
6261034
5801591
13880665
1051662
3625642
424685
10857863
9304108
5258408
1230877
2790288
10148051
6362699
6772230
10733107
2557417
10758663
6708442
12470062
5640490
7570455
7114012
14499506
6711825
5592371
9120453
9377373
3687288
2978415
5796342
11303549
13030757
6015343
10173799
3176459
5434944
648790
6750748
4319843
10114856
2078574
617872
6342015
5685788
6816707
5867355
5554621
7966831
13933396
8649902
16518240
12064553
15858702
12396520
2464605
7244180
15138991
1318978
1007728
5764326
13965645
666806
16443861
4739764
7642948
11051689
1399211
3442962
7395488
3644153
5235324
9911845
4487971
14721113
961830
10424736
8140776
3881134
13978790
11740668
5274185
12287792
8209375
15939001
4265494
6618845
16482270
8653954
9349182
10089947
15040712
4771395
14047965
3589138
4945036
13717890
8090094
14013964
4792639
555518
11007566
14802797
12152277
1295176
13795304
6345679
8726235
10060155
9882575
10424382
6749875
12745683
3771412
6778876
1510602
11617326
13464958
3295845
11627425
2884176
1880912
15048418
6144505
4294604
5961421
859343
7127227
9780497
16155151
14984375
10170434
8150299
8668183
9607129
15629399
12822840
6055335
8298124
2099808
10551267
16547214
10707051
5149119
3881760
9971718
11627879
3514669
4722741
1002443
11877271
11001984
2590718
4206346
2618330
1875988
6822370
10316352
2490834
13011915
13464028
15301517
15893534
7929243
11145352
4423857
2916802
3788267
928714
12295776
5639027
11410007
8029602
13724043
5932252
9936126
7727207
14947743
13438814
11860000
11337351
985692
11091457
9179731
13141362
4992982
9097001
10221159
4393299
3274969
4111481
2709099
7748745
7928801
1765136
6816136
12913499
3993097
15816421
7196831
12528698
13125825
2117631
1310788
12109892
4403188
3832646
12000770
12224266
5470872
6178157
1496948
6404979
9742071
8819008
6365888
9892305
15220287
7692251
15576287
2775221
2759948
5739386
14838197
9062711
7772084
5364604
13892194
7333856
3369847
4067527
11436803
5086313
4336246
1476384
1973556
16360935
4492002
8221394
14943386
12847074
16347471
10913011
3439806
10506929
6231509
13714561
4157270
9679141
5210283
10870373
1067091
5048908
9847290
12346124
13337588
15600868
1447052
8868303
11240811
11701153
3500758
14467720
7242282
1891244
10662179
14070296
1582191
1143431
12326299
13356694
8018731
11110136
6961583
3477293
5764812
9431402
702013
3239268
11064373
4682477
13822244
16556156
5305196
11669806
10373546
9878885
11418513
10948741
12255808
11533371
11861737
5714052
8912990
4167019
6456702
1698215
10275364
7792664
311025
2156606
6532870
12456591
9210474
9365941
6313364
3473756
5907919
3540602
6228310
14989242
1305753
3102076
3453743
6334032
9449224
3639478
2929025
12783746
11440422
1974504
12459054
4155870
5612985
10004350
14073809
14009246
16548367
464583
6164642
3278124
12584889
5901647
9632035
11300469
10407092
12897273
7983535
12886677
1282644
15331412
11141114
6185267
2307809
7011793
10695355
10476457
5518718
2045118
13874623
10265614
11863947
13222894
9178146
14409213
8242902
8624228
7335933
1283946
2498404
15353333
5088578
5947287
2828298
7207917
11252947
1653071
6091540
3174274
16240306
15613567
5355742
16478669
6462007
13295696
13353571
1147525
13810734
1891968
12270243
2778093
3447868
3017667
12109474
3954108
5736575
6487669
1509268
5047557
10880835
5353669
14885065
12286631
11235352
5167497
3777097
9529175
1869574
4502214
11311811
10737932
6841113
14332882
7662031
13100010
12079571
14909081
1300190
5269066
10623896
10253862
14462414
13159880
12100738
8056162
7311954
4106813
15807288
1876120
2985748
4451672
5980450
14557035
5764092
1940186
6884250
15220343
15755045
13666999
7236585
3311705
7168039
11566730
8591284
4445866
5812913
2937974
2369676
9100231
9035404
12075537
11063991
11078045
15584008
11245960
6430128
5545870
372351
7589584
13005101
2916608
369084
14147707
14516261
9047730
3957203
12331261
3113180
15302534
3055712
14168258
11440710
1946151
8885942
5497554
14947882
2195850
5164895
7956658
3474176
11485689
9663873
9925890
1053270
4750378
15385931
3784484
15856031
13705636
5896216
525342
1218224
5350262
9647471
10206864
10050841
10643521
7742287
12375589
5345129
4235927
7901531
5333205
3193181
12044618
9023647
15696053
11595693
7255804
15991886
2578223
11156595
12873807
7516050
1079347
7062753
14121896
14070609
11896587
12924534
10512227
4378927
6727972
3976713
3127731
2908563
5090026
4119917
8662145
4929344
16547906
7000939
16360089
4955206
12042570
7784556
10860403
1493054
10207117
4514240
2418652
9466578
1324487
10185574
7173316
7506476
10727606
847710
8853339
8946273
5119117
7765627
2817858
3567115
14338573
2702955
11000239
6299895
10812293
14420510
10468474
2726776
4491597
11691141
7401149
1292604
11356289
16236648
15497893
7353638
6418492
12606610
4070033
4805794
3230408
10854221
14471679
15731770
6317198
2537352
11704148
15796863
11863192
3585359
4231969
16128330
10123672
12877375
3831044
15670719
11358763
4784547
5690853
9878311
10983473
5576690
11429013
6182214
11187516
962113
3161310
13525003
11873782
13634112
3208918
11172208
11514003
14596458
8792948
14707796
2749924
5641919
10091634
10984576
4159601
4093183
5480136
16413200
9456357
9142832
12090092
5726137
8066256
16495482
5670013
14132786
8492479
4377202
2382826
9531894
6882495
8680773
5022591
6654309
11555905
10907201
741242
6433636
14557679
7815077
6350361
470460
2428846
3794600
15962193
8762552
3267911
1655399
11102959
8539095
8754997
1753625
2242819
5362664
11770057
13978446
2040247
5908661
10094968
10341000
1031210
718168
3848015
7209932
2170531
1189344
6639655
10569865
5766808
1684452
16065841
3796975
14184185
15902893
9044321
6294197
16144924
10736945
4900938
2981570
11884685
9481021
702306
6845288
3754189
10666959
9920246
1912441
1057323
4178979
3657377
16060360
15075303
9542757
1865838
2233698
2972772
6921658
6291301
12479843
13199471
4354174
16153957
7784518
15175872
12782965
9479336
15599748
3521974
5502537
998380
6495942
16298800
10229526
6324540
8230932
751930
12212888
16176892
2011129
5510838
4769171
12290235
5997987
1417991
4743338
16125860
8753360
9657843
6055603
11276830
6837031
16256414
13291987
16551411
596565
13650171
10437673
7893441
1018925
7823592
15247247
9504808
9134874
8984077
13010587
15981549
12217645
9860672
6737137
4060225
7981475
1683808
2858851
10548131
13971877
3945954
9274236
14891433
982563
10764778
9180750
5552761
14461604
11694483
2116232
4685920
11136739
11216959
3589681
834954
14321330
11412736
11627395
16539876
15342292
8845567
14095681
1191590
7530531
15362792
3737041
1871565
6285780
12814357
12430355
7882186
3191229
11354408
16408215
1459834
1018811
15615861
13889615
4881172
1502939
10737566
4267540
14788634
6757560
15301001
5240408
661041
428610
1668562
13386487
3859145
14267453
13296882
13143262
6599345
10093412
11978498
16057997
2388866
14493614
9038947
3718254
12156318
8049100
1171886
8808388
9033731
7424916
2496213
11236715
13159746
6713858
7477776
8092434
14184179
14737773
12963014
12642917
2701663
6582885
9678966
7175034
10979139
10090298
3126350
16116119
7542270
16000985
16570220
602336
7903450
5809211
7998938
14847769
13211008
2870464
11684585
482258
1627392
8518789
11293772
9421148
16426101
7469376
1771180
4492493
15777014
6869348
10704083
13663497
3402499
4481187
12553518
15489658
10627051
2827610
12802376
8672465
11503583
8513363
3785247
4437804
10107745
14280770
13904208
5866963
11627716
15555146
4335876
4665933
9124354
9571284
4749749
5623460
5516108
10471542
9762465
11409453
9901418
3310506
6588138
832972
4267369
3813267
4821497
6025527
3370780
3293466
1582426
7019517
8284736
5491577
6208997
8637935
1783745
8655003
8933035
5365743
15157716
7216135
6412490
11245341
15001163
3106231
2233781
13978864
11521340
7835916
11300012
16531779
7982892
5808469
12431849
9461344
13523895
14926403
392219
14428478
1696489
10945577
3790950
10675107
6559570
9524977
2833991
5572191
14473502
10438110
10568373
3594441
1873120
1889036
16108506
1639968
14113594
10667380
13550320
10125344
1961077
3071410
5183113
413321
4717815
13977307
3075743
2820344
6082645
5880977
7495983
11800466
10508739
8797893
3157245
1837438
9263915
3788511
13852601
12445644
6023976
8825497
11143106
1398016
3183888
11466487
3099915
6120814
4050403
9929853
10558160
6132396
4871405
15786580
8203172
1268954
13947780
4775957
10483659
11554987
9806191
947589
10815462
10963724
1237921
5359219
2388460
4934851
15259382
3254590
14534803
4340802
6314447
15764528
9129386
7868427
13109845
11357963
8704685
6654529
6502446
3832030
13617867
15418784
6821773
9144516
1826630
13869528
3584429
7324705
2056356
2071023
10430397
3381536
2642869
15202241
4443134
6193687
9052674
4584048
13189234
1896134
9597826
11267680
15130762
9895621
8994126
10435144
6257247
8282279
8161451
15956902
13029618
940751
8490883
8628513
9932687
9626615
15860680
6558928
8940739
363273
4094665
898800
9825305
8662773
2726122
1651387
3831874
10649745
15489814
8318487
6160267
608147
5408240
12499697
9562172
4891086
2548290
12435755
2836360
14530297
15106232
13046110
1386968
3640431
12492122
11016639
8058919
9318747
10585064
2733277
6131104
12754493
6416051
13886376
4387748
8746403
4022517
13437144
6651849
4965081
14186759
3315822
4682839
12133032
8519535
13909439
15947966
2470036
10707847
4926828
15887486
14021276
6142674
14253469
7933581
12983199
15996782
12186148
5207169
15907204
1717516
13450498
8510555
5704757
14393032
799157
6195004
4293446
16244530
12524026
10534623
12090480
8384022
12624038
4354330
2907384
3288471
2339499
2964001
4514624
565502
4208301
14532916
8635628
15989738
9130991
1104515
7190664
1664714
3505653
5608521
875294
2700153
3074870
12045566
1853067
2806085
863564
14299857
6734575
6837405
2324088
1342031
16368281
14040896
785290
2060270
3451899
14434597
14757328
8058224
13817649
1872608
9728363
13099287
6946962
5404859
13061050
4568480
6402723
14304507
6449906
15031299
12626521
10840426
13822849
9149927
10130545
16110245
7565437
16233927
7386832
7252920
10662293
7146897
8376078
3900953
15058838
10257760
1318331
868397
1597992
7507543
3911499
12296073
2702603
9349036
9453897
5942471
9423850
5928779
14381783
12525417
12247000
4466282
2271142
11549764
14035561
1954375
13682656
7598197
4338034
10756273
6278114
9485622
5424311
12828965
16330103
15238851
3294189
6859163
1632348
15201087
11942990
7333716
7034514
16555468
8514214
10912121
2886397
1399095
2949334
15835788
3628174
16414267
5909934
15713685
3776666
13447951
14784281
14436791
1017593
12024809
1638141
13586698
4218519
6196269
14191097
10781271
6771826
14276499
11931996
9820357
13766726
8785786
15521477
12393020
3429222
12496728
2145906
8944738
10288154
2054363
16068956
13673465
8374528
8973152
7286427
7205049
7059662
13269269
15630894
10292785
5910994
4459846
11405284
7711294
378179
13335253
1892989
3519613
12549321
16591791
8157030
12407075
2599273
4400039
11266243
11560442
7244536
16232899
1761859
16546429
6775894
15331277
1114092
1512448
3045440
6899291
12369488
7545906
5308754
9575956
14299276
7464353
2930145
2796970
16394251
12682809
302040
2202957
11621509
3167034
9439055
5179620
5572717
6005942
1924315
10898008
9986121
1127789
5140412
3322434
780827
4178729
645638
14449239
14056236
5044995
881899
8721164
9310490
14846628
4425924
12171537
9728451
1126404
5418942
3506917
3961628
2238293
9996171
3607120
1631177
10915971
1240527
15438977
15869616
15390961
14425056
7151855
1926395
12918635
11088996
9966062
3468689
5341016
4835672
16407126
10367662
4706134
1766440
8801520
8939504
9936074
10579925
16468893
10178355
2379710
5896415
489599
11708308
8578578
9124559
8551073
3616032
11048012
10259355
4523822
12128007
4373608
14420264
2235472
14420093
1313117
1189457
1374276
14852844
10402379
9790447
15014624
1951729
11102098
1279564
8368967
12293188
2487802
15323572
703462
7069916
15105037
12987617
6159898
8837269
13792417
7089800
8230879
14517804
13303190
2470628
10297803
9414154
7148121
8725274
10676419
9327231
15040460
6198343
9684620
5056208
15643968
2360838
6340308
10643501
11024579
8163628
14195862
11638977
10518111
12394816
14024520
16428501
7440865
13504219
7616300
13983604
3920520
7665690
10433974
7176934
3084308
803130
13963275
8891688
1982916
6116232
13792735
16245452
15399523
2497167
1720985
15191864
3648467
5829139
3204841
2011368
11161928
16453258
13328454
16360265
6576032
777567
11224110
12417446
6755581
13857597
14026511
7234063
1741593
4270885
12601926
4914839
10144866
1533070
6478104
5968137
9424385
2894204
6200839
1920027
12272252
3628063
5692345
15529661
9121454
16376397
8670195
16123842
9155772
6405993
8098384
866640
2713587
7213738
8052200
3673500
4330306
4942920
2101040
2621941
8904019
6911343
640264
15327035
1466202
3330884
6434660
16530004
3580713
14401815
6039699
2602636
11156422
16017525
11856609
10315021
16343992
7361211
6675316
12511523
4490777
12867403
5992540
11728871
2633168
15444762
6857090
14467719
8577481
4374490
2819684
7876182
9019092
9683860
10669764
7832131
13029264
8613145
14140075
6139764
12742042
16316514
14426554
2820667
13827572
7273989
13479467
3512622
3940261
7849291
14689253
2139891
12538806
3830935
5346616
3823125
6420214
3989417
13251001
15236686
2550264
3684803
6558037
1002909
4150310
7800387
4623903
5789584
16443161
2688273
13289589
2410968
6490528
15670100
12257740
11929860
1339579
1925857
10873071
11411596
1559399
573699
4323360
975573
7732530
6044425
14494828
929785
16285762
13014833
3866486
8881150
5249253
3878564
7199423
10962908
7504831
13295356
10975754
13928484
6394053
13569470
12359322
3447705
15003484
10531577
2484528
715080
10514780
11990210
4661551
4133679
6355500
4027733
14670349
8857967
5184171
7250525
5440028
3300342
6831850
5245919
12602713
8380663
6819617
6736862
2708364
3771961
10807549
15667086
6729340
4819538
10363664
6093822
14765091
14720960
14322042
7114966
1488655
4820547
6976151
14181020
3043682
10021242
2275318
694662
10179812
11690631
14090188
3896994
14664920
8998017
4918763
12087297
9811353
13776064
9187745
14562002
7020931
5109251
5488341
4476809
10927119
5150128
7504858
15063923
13615884
9304730
5861511
4755912
2500232
14906405
16474727
2619416
2771379
7741273
12574828
7982662
5642485
14839909
13240455
2809169
3756798
5437248
12594211
2910721
12131776
12886031
7048550
1114627
13264377
9162954
13702932
476278
6989196
11208393
9576533
2287450
10187631
12531873
11183006
2544463
2523722
7513505
9001972
7515644
3449936
6404155
15334095
13204164
6959502
4066697
16579810
3192522
5667515
15718728
9002474
8212876
14050093
4225577
12696257
9801948
9861026
8532314
9535999
9760137
11680692
16324302
15990363
10931645
15109545
2652030
9189463
4535556
10060880
16122934
12280762
5517429
2769485
15045278
5970175
1888718
12537650
8942906
1810624
3180296
1393152
9614994
10635087
14141582
11160095
8651329
16020034
12208283
15265676
15748630
3312067
16266049
11873390
7736709
8846963
9501637
1600958
9088184
13167935
1880086
14708380
9953640
11715047
12390548
9691167
12231337
4698138
15073760
14556872
6344012
11789187
4598217
5742245
9684680
13428920
15446690
3872201
14369609
7482727
12120374
3924931
7307229
8321373
9631205
4098348
652801
4905831
9533702
3261148
2753095
9157416
7245517
11925903
15774913
10302488
990041
8374072
5126912
6062557
6930698
12199037
1245864
9019866
7959500
14569248
2168458
5992864
12789348
12899162
14929533
4086542
8409568
5896709
2221280
10736694
2809149
13383278
1356314
9275644
8433590
4768826
8733327
14894290
11092517
15270699
2902868
7315775
11374422
14816553
14179766
9997311
4320031
16495604
11549563
8245111
8273047
12639240
6654641
1680512
14050675
14073993
13043080
12748358
12619778
6076402
12086139
13958485
6458618
12015111
10460389
5113511
15958214
11570311
797906
14673301
11481092
892141
9300726
16077415
10078119
2414668
8155125
12266608
13305345
15786266
1055772
10612662
15996916
2372336
10423037
8435071
1174623
14385819
12709331
1620169
6745898
707755
779273
10587101
13785182
828401
11936130
8635667
12643238
10326694
10953363
11489369
12237459
6756127
11948980
5237305
6394681
7585607
15091355
6672804
910473
6202833
1364842
9647229
15685783
2352562
10586961
7493714
9490677
5583993
5496333
2763434
2674259
8929964
5928565
7077591
13346011
14828161
11017686
8557856
13444661
2381025
11519537
8004242
2242122
4833256
11238486
3541616
9096144
3012574
1975452
6890007
11469204
7794381
15798765
5207504
1384043
15564451
3023958
9486395
4721881
10599289
16380202
6772057
16443031
5023163
3152630
1843282
15865674
9267263
982514
3391405
16462609
3307432
5671669
6362209
7914809
5165758
5114391
9071922
10495010
6462471
5355771
5967766
4406442
1326755
15662975
6338954
3882032
15416903
5513565
4037251
6289244
8666243
9629951
1170353
14286462
3180817
7181495
3489009
5750831
7012862
8865332
15502686
7589475
12843104
11508069
6392481
5953181
4663542
3690499
4659566
12942929
11105774
12858816
11690866
15151280
3498134
13373175
11132044
5179575
14672578
6720453
5547764
7475121
850009
4119220
2150581
14199227
10400539
2791361
1465615
583921
4241250
7220762
16270292
4807242
8824003
13490231
2868612
9094091
15909333
1684090
3868594
13344605
12161204
12416378
3957878
5951459
13684686
11546961
10033225
9439909
3315222
6283766
8676220
3322589
2595919
4134578
4671315
9252970
3667897
12328563
7719436
1619743
16473589
15376757
5845413
2541987
12826166
12075987
1773554
11451777
6944675
10286257
5002822
11510232
4145186
14584813
9033635
13152380
12364021
12792533
10425435
14282616
2793157
5851622
11757891
5760465
357766
4767398
2487317
16185724
4084104
5261161
2048306
10924105
16108744
1074384
6510191
14362837
7543243
16247390
1656792
820106
15048878
5856822
15148969
12510402
9236435
9927467
8871067
1620837
5056762
14257895
5360600
12132319
2122930
9086898
8763586
12405648
3528469
7732088
9798776
2247221
2727486
1473300
5555431
9009059
13012920
13552913
2922825
10058098
13936519
6081986
9529751
14284256
11123117
1286632
519857
12190597
3424163
15349565
10837697
15896799
7857884
11045417
9301183
6562676
7634313
10625317
8601349
6694883
12237339
2456181
7804965
13402030
10297812
15716143
3987356
7635706
13957022
5255470
12624318
11756824
6711950
9066557
1098956
6312047
8172300
4748724
6268582
9900401
10904152
6101552
6110718
11172867
2358860
3465120
14238575
3666492
4294012
2915378
4231327
9848224
971759
12628393
15558588
11032533
2197992
8263344
3308112
13761773
12346143
1638388
9804267
13336326
8186606
6513057
2413493
15838244
3284946
5559764
13614845
7460809
12781998
4123782
5677640
12752876
9106666
13927439
3628586
10165858
3056407
3956530
4617921
6293257
12049378
3274352
6442152
14809837
2872560
6474756
16072392
6853616
1925308
10882532
4095430
6879325
9135528
1726326
3533223
4584616
10842246
3841014
11653836
1809050
5515782
10859558
13281312
13280162
8433708
14096505
10038594
11994728
4120023
4050959
14504909
4777264
862972
9010545
8979667
2588615
8004836
9530211
7054054
4689155
6407196
14088168
8359087
5487134
2758621
12282275
13608113
10735130
15414063
11455586
8734539
6694987
3471879
3604079
9683268
13055101
3775417
15208104
15333071
11264309
3591986
15466350
8126865
6381065
14336737
12539519
12390803
1259596
14174703
5178778
12612027
3489975
5950344
9169662
9035796
9456861
13864908
15444575
15599741
8596306
8412027
6108488
13085053
9375827
7827194
8737998
8547174
9049255
11466999
16414936
6486225
15656340
14117402
2779032
3168253
7925936
14172565
16511828
15653500
15842733
543861
1103918
1981522
8268516
2363405
9954832
1243125
5953211
4176727
4209299
16407724
13054101
10466363
3841084
5229416
9769221
12060387
3179111
7734672
14754894
3984642
4946488
2493397
9662589
9942387
10949766
10708129
16392409
5337802
13250430
14133769
4339409
4182970
13328839
859018
9644998
15686762
7306554
7157522
8151976
11155304
2723694
11897120
6920554
15433029
14843056
11006813
16127264
8638954
9613381
10084510
1681765
1553384
12855217
14380352
7673343
8128089
14877812
1247394
8250476
1080475
6529026
4287799
3641448
2347457
13993805
7504934
6732306
13243242
14764099
11899298
12281735
7765155
16206431
12616866
11632478
7803018
11472353
8228003
15486091
11801016
11195286
12124597
15771159
10510466
3357653
5081379
4085048
7093890
3343945
14717886
5325130
16344242
1720989
8929411
9625169
5649226
13670980
5247976
6589706
14285632
6489289
5053265
10983217
15419701
3396224
12444854
14448475
16403227
1568236
7061314
10221785
11822012
4673195
7078454
6779123
5948023
1165165
9754490
7777737
3418741
8111513
3137822
12589206
1167882
566828
15892115
1702801
14097848
7037106
8995107
14727295
13643531
2078968
12831078
12626069
5613947
2163846
7782834
10176233
6603746
4414358
14260311
5706319
3280739
15530497
2585326
2408329
2645434
8933395
7854783
13012419
9343739
7491198
7101120
14568500
14523294
14138757
10536899
1677541
14338675
10134398
3547033
14678396
14583956
10775977
15525476
4088838
2714497
3839756
6034304
5583276
15870608
2154995
2538722
9723292
1691669
4076874
3549964
10499247
1113466
8387207
3441927
5170887
3582957
2062196
10722788
8852179
3784369
11558865
15021356
11620800
12388355
15246749
5149478
2103685
9511245
14534303
1908174
10668514
10672940
10998900
2266204
6058078
6943654
8247138
13378226
15241230
11287059
16310316
10664112
13521073
12054504
5707383
10149963
10193446
14440430
7047755
5924177
13353889
8791448
14655920
968669
11697653
503604
12144216
12433152
1497768
8739603
2341899
12604924
6907370
6289169
1806610
14760902
14164590
9964565
9913138
4583821
16213655
12830298
7521539
10845927
6360885
13173949
15906929
14619960
10315057
12160792
9245397
2615907
3054331
2897617
11460961
12085863
16428247
12957487
1720925
482063
3882151
9137493
5830289
7136324
11294948
1721692
1449017
12753862
4915297
10532929
13914037
10541197
13876461
7627824
14647614
4520306
10146445
8601631
16429053
5200001
15192954
15438291
6127854
11913139
14924167
13690333
12141490
1658603
2405205
1157241
592715
8245558
7261453
3029855
3179887
2693497
15799830
13135195
572892
1283346
14051058
8269867
5660593
12300843
15273060
7502592
1541371
6579425
4136356
5991841
549334
1935750
2844490
13833256
15218589
12765811
5949843
14176179
1442048
3217461
1069393
14563683
3437014
10613358
6738572
11445431
609371
15329860
9812267
12206946
13901243
8153505
15400779
3514128
12925686
8192992
6211409
13119978
6400404
4440856
4064841
11655760
12231717
10124267
16418203
6257316
12619361
14299707
15741765
15345248
2557358
9403286
11677481
8974810
8029062
2224505
8895567
10003095
1903228
12284996
3815315
13423393
11559877
4800696
15224523
15576043
11900613
7189202
679985
2867403
15620852
2652594
4586258
3324293
5061690
876755
5944809
7079776
5756162
12571749
15310109
11184622
2799604
4075581
10534244
1941759
14721106
840953
3311947
4026363
12635773
9732849
16277352
6411051
13083966
8600353
10993553
11234612
15999142
966686
11020260
9984861
12685125
3152681
5666285
8563886
3952462
7110602
9280161
6942192
9523270
6563788
13283747
4061623
15575674
6785593
8671259
10349621
9678853
2909499
5136302
9670653
12753750
14825051
2246705
9073222
10419299
14013554
7127427
5381558
9944920
6188860
14217955
8199945
1026862
2970588
8110455
13418232
8955017
15938535
10856505
6059441
13042274
4616543
9793069
12323488
14945114
15776086
9273919
9310171
2107251
6795217
12835055
15936987
13017689
8276979
14909901
2406669
10083125
16100598
14001321
9382504
5602464
2056860
11351246
6192561
4177218
15033158
4621353
14173575
500302
11563422
3824619
7659688
5411851
10318345
10554794
10836330
4222641
16400836
14392345
16259127
4609246
13001136
1202403
10683411
6236233
13366913
7068302
13618701
6648463
16000153
4484637
2655289
5557607
11860339
12969848
6628638
16272015
12806504
8075840
13789906
509661
9531083
15548178
12257729
7986367
10200155
7694673
9619193
11930159
11284407
4287943
2614166
8480424
8916133
6294494
8058384
13825309
6471563
15742633
5279783
1109156
10907253
1952783
15138536
2222386
4782625
10626534
4755206
1971297
1780180
14752663
13368167
4877901
14368802
4507675
4402007
9214151
15096849
5121644
3955961
9133783
15068501
12242452
5496961
4743067
15034386
15127396
792270
8768251
13547390
1536868
9854872
11742001
3498672
4261253
9316971
755014
15024339
14527383
1900906
8974750
13389454
14318676
7090244
9400845
1632939
11883627
5870777
10048307
3319883
3669018
3262006
5894758
7424992
14573762
15229356
14497680
11511505
10978483
11479671
5701622
8086897
3686969
12753279
10873248
15437582
16524607
13085352
2180323
14057074
10524064
7477331
4427683
4081337
1831506
4664840
15640987
16431627
10294334
2651590
11896075
10113215
13664529
11673180
5248409
384367
5571194
15521035
6569789
14755544
5018462
15356048
10896935
12728489
5404169
10080693
9709152
13071007
11272928
8912585
12324758
10279519
6289072
3438212
13496331
9566548
13928328
13958334
6707377
8413960
16105637
11636978
5243124
5500360
13199561
11163816
1625206
3083299
4965969
9492327
8216908
15745580
9987995
3568884
3696839
9184200
3058025
14881106
2762913
3234170
11242829
13093489
8908279
11723353
2098340
3277812
8362079
11973374
1074881
9370651
5583998
10278896
14205692
2808348
3471550
16402884
14136788
15667450
5483579
2362841
14734601
8139719
11739564
1276075
15892845
13696722
7346379
13714146
6849715
12211317
6521685
8170732
15968588
5351917
6240022
4577457
14955893
621847
9359105
11275738
2666062
3174272
14599004
9322932
13816372
10303632
7813164
4127537
13626677
13887180
12769335
3996080
12344586
14175019
9888234
4222906
2010607
4478763
1282998
8738850
2653699
6301980
9952201
6348514
13526360
5061844
3957339
3829107
9122254
3211663
14138486
11561046
4675146
12581874
3085174
4668834
10495832
8420626
8828233
9735797
2007251
4445366
3570877
9804575
8031432
1153265
10885147
1724560
8609259
3511842
6329952
10749255
11275188
1725949
1391980
12573637
7286886
14361092
15979000
2519245
7580319
10029208
10489269
8294204
6929036
5547435
11322226
3242626
15458924
14369051
8712926
3114406
13141023
14980560
14052227
5698812
6885704
8491244
7351578
16553752
9941131
14940149
5469174
12209424
3860675
12509928
10698159
11404965
15426712
1947930
7539942
11604457
7833425
8527982
6053126
4606643
8317202
5496972
7943433
11991677
4130654
13453840
5527513
11412329
12642661
5356897
15413235
3652853
9529064
6657604
7375684
15239047
1836730
6580497
14922451
5488532
12592597
15015075
7780867
12398687
1044288
3356718
14004694
7775598
339994
3188936
12545976
15441980
11062248
3875657
9712381
3517985
4721121
1677288
7567282
4185837
16521760
3504708
10676832
9071714
13039282
2036132
16488098
14979456
7411565
9308449
2093190
3116547
10051481
6642886
10443314
3280950
12424367
7223803
1932854
12181040
10905208
13358684
906080
12542811
733914
11435655
12581872
10071390
7679077
4924295
612259
5599123
4076188
356213
14596307
12517369
15424299
14467447
3231940
8550698
4188207
2526312
10663993
9324394
10657539
8237058
14403379
2285747
12729322
2111388
14504502
15226365
2076036
5487425
5971145
5294328
6184281
5601016
3803358
12324275
13160465
14305303
9004371
8523213
2766757
12927962
14173212
342304
7218754
6354756
3446014
10373526
4933025
4585384
1854800
3249359
7973505
9529805
16386699
5049198
11523699
1110229
3764097
9425966
2038547
11024067
2679270
777438
9815281
13320058
960403
5460108
2550408
11555119
4565421
1739503
3870187
14009528
10934228
7661015
13273093
3765611
4617790
7934494
16108573
3659157
7272806
7602726
5722570
6465657
7425914
15514448
15974280
5643402
5151316
12391626
2105817
7972367
10703899
6465580
15139210
6782085
9225044
2218565
9394203
2037526
8757354
1845472
4067845
1893393
9013985
11563873
8792957
786490
8711430
5447690
13758570
1077940
4131639
8424053
9805478
11985708
8773153
6262894
8217214
4851444
7517434
3170364
3879505
9300459
510366
12852255
3408026
15829038
8702896
12787578
13521172
4313590
9253137
5288520
2412006
648749
14154034
11365071
9134210
14425748
9095053
4905196
16239884
7685569
8310336
4420867
5693052
7531252
1527015
9464477
3095051
16280917
6840651
5812162
14378857
9938933
8586035
5186881
15254211
5555711
3314554
15358751
8842387
9673232
1862255
13542452
7712722
7152406
15363604
15862356
3204995
8083036
7231818
519700
8738459
14398999
6702073
16311651
12573096
14197091
10839840
5347727
14374559
4618881
13556499
8097600
5903614
5234848
1165046
4016255
11879929
4652424
2502598
4468866
12500575
10847225
11008560
8236829
5964458
634552
9702528
15634090
16279057
13287581
7784908
3337115
8591895
13816068
8130677
11910804
16598307
6148463
16585200
3750679
5591111
6454005
1466027
15573653
10644371
4857519
799708
9991233
1369518
672302
10472319
14447246
12239620
1866312
11421217
8012977
1595738
3136669
14438063
1261959
5476997
2503094
12494911
10574302
8631975
13247344
9477571
11117046
12070429
11045204
7021089
10207140
4197472
8318232
8357558
3664248
10055974
6885140
9176463
8068167
7087694
10935099
7149432
7693380
9234634
9450167
4930974
12174322
6810310
8271440
1681216
3920547
5272921
4410744
6100656
8170917
2533383
8905874
4363341
7116266
15970823
10035632
1956432
1963055
1969847
12015098
15834865
10117905
14708028
10698292
7013670
7201770
15471936
14745427
13751310
14925476
1494434
4759435
7144579
11540484
6533530
11143788
8113596
6298056
7469122
9579794
8993592
10638428
1622373
15073413
1161039
8843986
8873384
16321948
12219918
7117585
9995725
10507038
913657
15566264
7989233
787037
7568024
9925508
1233621
553755
10904735
11763002
13626180
16541442
8935768
3908637
14940019
12379697
5202200
4661023
8716785
9380581
10388817
10682376
11967008
6326506
11888166
8450948
10440558
348137
6507957
6344003
16309208
15892635
5978389
15840015
11976715
4912928
3151915
5396946
13883659
10100126
5287693
9413475
3774528
6745251
3757878
6064840
11377597
12569156
13321125
1076581
6370996
3128694
5676302
3742492
10419146
3440391
10279340
4127193
2444096
6149604
4990527
15347202
2137280
6315220
9379221
5608954
8825077
5352501
2457305
3313334
4122839
6492848
4439015
14212596
10053461
6687902
9183443
6651393
8205517
14274736
14606737
6754863
15209144
14590168
5992980
16596333
10731557
13333474
9493775
9879747
14221693
11109500
11377591
6743349
15725560
10628949
9549735
7155814
6238234
15848186
5243777
3101059
2967815
9987078
7716208
13466877
13251060
16319424
6063025
5806347
9176971
5349945
2948535
3492931
5274569
7720186
5316944
11323250
5677425
12730176
8097804
7859607
2033635
6319243
10605547
12360686
9104329
3995197
11827392
15973538
10721824
6979635
9994872
14191052
5866172
2359624
15534152
8325008
9144525
11587899
1285652
12158360
2550414
9303037
9755448
11274009
2155129
8978095
7017759
6774428
688149
1688746
1554252
2643663
8948475
2859722
14394629
8651941
10414482
4692738
15625412
10423302
3215810
4840717
12581613
1361423
5219193
10981293
11243499
9329408
7429878
7166901
5148056
11878158
3542142
8553204
4778274
11985019
9905124
9686242
2266890
10774423
11086971
10030342
442395
15349264
5998953
8321117
8776383
14486643
15924837
6862075
9412388
6281918
13212231
11476064
12246557
2632103
898556
4334814
3552923
3629420
14512505
15965571
12478217
7228539
13024153
12191795
8462218
8992466
11822603
12002234
8919791
14657749
12128082
15833588
9365384
13977517
16114466
11499030
1157501
14078331
5119312
14250043
11119417
15099887
13647393
774860
1805622
15196126
12574474
12145391
6105390
11375606
5769781
6355807
14272745
9431624
8991793
3727075
11335711
14244792
14564612
6573513
6375478
13796724
11100766
8754075
13473628
2367251
5416866
15629922
14709201
14100487
8380412
3349743
3888692
9247574
14673233
3294584
9921100
6305575
14755837
1934797
16487207
13663068
6390538
9264801
15036165
6576156
15477133
3999285
4982404
6903758
846247
5453730
12643929
14651360
11451141
7020143
6707750
11718995
2437721
9893979
6533905
16073954
9548095
12342379
7940611
2169479
3476554
1538968
14825541
15345380
5933626
9273376
15992712
674847
9260288
5242218
14355521
14855004
5065532
13144026
11892560
3957863
4156281
11524349
7873115
9451117
406044
15183375
12239672
10446697
2189213
8047470
10194561
1915259
15478369
11324568
3871986
3184671
15020095
9704574
13660288
2594959
14996985
11404689
14737756
8337524
10569148
13035171
5522815
15708059
5626860
11505274
14927586
4009126
3065372
12041020
6288751
5811876
8338718
1467878
13853519
4324944
7611964
12701863
11788324
1231581
7473845
8425749
14526778
7889689
1847826
12303309
10665242
5607012
4715346
9732089
339015
5084745
15668133
14171363
6571862
13770837
13200056
5673691
8041016
8445732
7745917
8757671
342663
6780502
15880498
10545044
8738431
10050786
1098259
14869015
12242534
10022540
8850663
10046954
1412887
11615794
3986166
11558496
13285594
5335381
5616324
11866832
5376033
12956700
4903794
10108236
7201636
840547
11964255
4661635
6385035
3121725
9944729
8383810
12598657
16444865
5912709
12797941
15804616
5033478
1618928
15637206
7392335
1289563
5194857
10092206
7080568
12122714
1964671
10074260
400391
7671143
3560552
13931392
10442290
12459629
4151091
5139409
15714513
13395780
11008951
8433887
15611733
8574551
13434923
10423006
12178807
7418815
14317499
557096
3768427
14173925
2738388
4365825
425517
2788912
2550726
6741882
5566299
10540311
2299335
10092891
533673
12555029
3090172
10526105
9576837
575563
6788054
7960686
3750179
8339802
3403158
4202115
2350325
1970070
11763656
11545521
10792298
1556944
6351819
11599279
13542605
2058623
2957428
16414537
14868044
6712898
2965185
7859066
5025640
2605271
7971817
11982239
12092321
11231695
4768905
814854
3202624
8036447
4432096
8310787
15878433
2835894
12904491
2342519
8062016
14149904
4646236
6237833
15861754
5241444
13615550
1787675
976664
12629317
1167393
9452447
4399356
11861978
14543658
13060698
12326831
2490583
6560671
8795638
16181194
16318414
1269786
2007843
5768639
9333327
6873742
9744282
13900487
9643975
2558627
16347552
1595719
989101
16150024
10066561
11374700
15367626
9598784
1798274
13071490
8638441
11188447
16236723
4166978
10082952
5754689
15137120
4103844
5496467
7777454
2893015
14500307
4629276
3751136
11486084
3620841
3935354
7600431
2304188
1327401
11770575
3185505
10849660
7284089
3258023
10666825
15424473
5652833
11194290
9634453
8280128
13765011
4598753
14634929
11807981
11767085
1055874
1470764
4673149
15666553
7203424
15559402
11542863
7465379
5645028
7105417
3179937
10191348
4048118
2561943
7730314
13952295
6605393
15461338
5382698
14532460
1648850
9500307
3376693
629223
2879895
14026845
6147542
13664196
5959778
11410176
13083376
7225498
1410450
12410405
16461417
5844681
7652926
15120942
13817372
6526312
10804285
12752436
14112171
15403389
15249488
13494386
6589580
6728641
4269027
3690538
2008868
9089010
11549872
11176581
1678102
5030714
13449689
5810976
7903545
14503029
7872151
6342480
9217004
10191951
1577767
12449446
13814388
15193428
15744356
5852206
12409386
11474281
13008366
16004340
11365485
14295593
12975566
12584018
9122377
2318050
6213822
9777624
10559402
9641591
11540029
5611341
908955
1115138
15007786
1619444
15542538
8817700
12101467
4972431
3698670
6019597
4761770
16088331
13830558
2631196
7349032
14325811
13050088
1081515
13760119
5575252
2726571
9763005
10598498
10175226
5869401
10065183
9915685
3592292
10066182
14201301
15498056
3754079
14009069
11867475
10321441
6236913
2343262
13928356
4439365
13140570
9830647
9815132
6346358
14704331
11841152
533334
5936014
1279397
12665472
2333037
13726158
6715123
15241029
15088234
9774231
9747182
6375574
10949353
1106679
5686168
4138287
13718178
3657681
2812126
4108893
6089582
11105231
3814470
2379890
1355978
12611390
6552479
15024707
13531503
9749235
7618839
11411645
1453836
6691947
10820087
8289264
7381890
15454816
1971709
10314285
5050538
16070387
15137090
15920336
871062
11583722
3652869
4649170
1960806
15968518
6831652
16283923
7345627
14436018
12160410
12570666
5405306
12297918
1175157
13821170
11416865
14605738
8610934
12419496
5968692
6559722
15803700
10562005
15777820
1193858
10628051
2073167
11554029
13954882
2860246
9260623
14549218
10017384
15731877
14576802
7185760
14028154
1548198
4519406
4269232
4007609
14604264
1011995
9205664
4423420
12589735
2178319
456991
7761513
3207026
8019651
11082889
4665398
16413277
15145248
2301278
6370191
10447643
16389338
5666694
6143861
1189618
14580074
4987156
1281101
7861223
6261527
15140988
2419295
4802899
1968480
14032900
13351350
15774678
7358028
12157198
11872752
12204432
5584611
3162288
3418417
12649593
10026830
10181786
12560200
5528430
10885610
508042
11466939
15397357
11347824
4524822
7174243
6152380
12904211
11706275
11863778
4409985
7066471
13554948
2824369
9460636
5559152
7510310
10617964
825905
9477596
7230377
15080173
12853228
9741749
12883952
12201446
6999591
13464668
470003
7160662
5229974
13607696
16413518
14467799
3408269
7413265
797439
16075054
3587737
2285093
788903
2785168
6128369
15591718
10360629
15532187
9979400
15388897
3275878
12019208
5839546
4674678
536163
11110263
3619745
10240980
15487879
15224199
4928038
2731751
6363855
9109414
2534624
7458986
7746314
16027417
1158629
7138711
659424
16533057
10698112
14942783
8800922
15349160
7952832
12913297
3192937
3835348
6920965
1669437
4936397
6948176
15925504
13962954
8407323
6295857
4795078
1571044
4094746
10061011
8341465
537049
11509888
3308187
1229114
9807761
14757770
16023347
2205389
13596891
12399077
15154665
14804770
3401862
12147355
11558975
4175434
2639369
15028706
5616701
2889173
2985935
10480437
7439217
6098277
7746184
7607746
2369948
6840306
10004836
8475696
16440255
15075666
2003778
695167
16293247
1673756
5029721
11696616
4699772
3953828
5043543
1435681
9691734
7918385
10850156
9244643
12675363
11485130
4841257
2920212
16373411
12662546
5759458
14139943
1846127
7095897
7451306
5807402
6000192
1783889
4177011
6890120
6569415
6705344
11984968
464261
4498667
2954208
9641689
4723237
11448581
1546255
6853280
4677653
4693094
4619454
13917685
9236145
5756621
3859570
15469725
3465489
1875978
5376056
2060845
15507357
9642501
10419467
11912048
3825760
13244054
11707378
782935
9076758
16473074
8310736
12787311
8205677
15622616
13931248
15698637
10664006
9338493
7522725
13631538
10828624
9003455
4815279
9213484
14927354
14382023
3939221
13045515
16043752
9471869
13466405
8394402
13666743
12902252
3830221
4689537
16046295
5981049
15666150
3798256
9167125
2813694
16209510
12062133
7981026
10846062
2261274
7903911
9770206
6168608
5682517
15395359
13818672
7307802
380464
10168749
9440041
13171603
9061943
7226951
1680532
5640955
3603550
2041876
4403414
1978332
1010010
9145682
11140124
553709
14147061
3411491
14218491
16005048
896832
13927067
15812285
3797006
1161580
1373065
8272761
10539634
2098627
16504665
10945355
7956309
14001872
5912961
11368757
6387456
10493792
4867882
5411494
16118060
11828316
13532193
14436638
1593141
9297663
12812274
2483201
438932
6551708
14405823
10917421
1901724
12529992
15447395
7728434
11043987
3305706
2227119
5757814
830921
10331540
3108412
7606515
12299612
4537774
10937874
565894
14714115
7451401
7542807
913202
10393520
367063
13425032
10536157
14253651
3811416
3616782
5519123
15560307
8548641
9583987
3887184
15301368
10339096
7433240
9184898
3285908
14891701
4342753
16496863
14597238
4142324
11481184
11221413
7460025
10309766
2152636
15101124
9596937
6429648
15596567
12765951
10571055
14592706
8602307
12754499
3618076
14598380
6958163
1164979
2343826
878021
12478916
2949355
1755743
1295985
7327821
3886243
4389681
13768681
8168723
12329654
7937108
8165729
10509707
5530776
8884163
8978666
11157921
8920823
14023948
14977433
15664540
9087557
10719502
13300966
4349769
7153010
1540548
1390386
13845554
960442
8243214
13541773
6473721
1874600
5213256
6744059
4954805
9191533
16081509
10984625
7225509
2453621
12392661
9223744
16462156
8639691
8085898
11032977
8775525
5282127
3225126
4556599
9771920
2647056
4601742
1023375
13735949
12303776
13509464
2673296
7480791
11118961
14400125
3864303
16353832
13857487
12329735
11552335
10676774
3190358
9190229
8903354
15482108
6153526
8008414
3724053
2750357
5746702
7890441
16165290
10716107
7031276
8492689
3768056
12903302
14915279
3878433
11423039
15816212
14952704
13088459
2848830
13937077
3060842
7695121
12673827
3883964
9268088
8612660
3959362
6577183
11338783
7543220
6960364
9950432
13219785
13145766
15161098
3497985
15379301
10075772
10208443
2198492
13943796
8793371
7789781
15067476
6464087
11817159
14827802
7041567
6814163
10156673
2810288
8228232
9081743
10501915
4264856
10533859
6148574
11616537
4656643
8714443
