#Seed 931846779
#index showed the (transformed) postion of the SNP
#SNP index
7924771
6297943
15193715
10373632
4632066
9926739
15193851
12521219
2583219
11424305
346746
14917680
3923696
8672423
7393681
585864
4534667
13817819
12047375
13940375
3284601
16116673
9122440
3706457
4740288
8755795
7114056
6163872
4949695
12728969
2007356
10709752
11807872
5087515
11128055
11196403
1722616
14071387
8635083
10768499
9336004
4953395
7832011
1688907
2396760
14784122
8564046
2643938
13912598
12437400
11574177
13650237
7978187
10431523
9416916
675124
9214117
11847468
16581240
12953710
715609
2049679
8515185
2041345
7423775
4315218
9941266
321175
14796151
3874212
10844389
14465476
6463147
2963380
634565
9766209
15471795
12795171
1674474
13847645
5509554
9996556
4374983
6742970
6104519
10788354
2183880
4685449
10112364
9652179
1257099
10282371
9340487
2399177
15156045
5189127
9626388
1978332
10602861
11088013
3761519
8359393
8533301
2897217
2255287
6575719
6598742
3143424
5784993
4001294
11052103
9041318
12660032
12043763
2348110
13279002
2588465
9513456
4785441
706863
11780203
9078956
2349719
14785742
10034330
3470493
8536886
10597782
3818713
3158163
7990908
8420762
15066901
10172790
3801227
14962890
1397067
11454292
10867528
8588578
9005549
7040399
9051430
15700712
6735495
797439
11695642
10155080
15315306
12014700
9735911
7618132
8718873
13983599
8420636
14671865
14664614
9349485
1298174
7888809
5775620
14596420
3866179
9314077
14625108
9610413
6170929
12311450
5946583
6167042
4347313
14815428
463748
12320933
6079087
9047201
15859105
2421243
11580596
2978554
11507133
12157339
12518346
8609186
15544254
15896123
10179376
13795107
14121079
4435636
2361125
7095177
11621210
3244714
12057277
3450167
2169889
3813221
9559365
13462993
9194597
7093037
4965160
1230551
2096523
1530596
12276027
9367367
1353685
1189872
15296163
7835916
16067260
1287833
6125040
7721470
16301803
4217479
1837424
15257515
5495480
10418720
14306554
13113254
16290635
501429
7667827
16038793
1689594
3288924
8043420
3287701
13584914
6713986
1267094
9308005
12121709
12235948
14626573
2977437
4183986
5401343
9933716
3192648
1143797
12240545
6082134
14013890
11624805
6830572
4392521
4891402
884468
6830778
2366636
10083340
3031264
8372266
10518111
4331229
8099558
12487139
16238468
1339111
3329991
13105768
7656441
10668004
5835199
16384734
12870707
12020838
2538097
5340354
15486450
4251365
8586830
7174262
6502988
14909128
14712521
10807825
2301722
10276144
1170073
13588621
7332578
8387242
8936253
2679194
9346327
4855254
8855010
2720567
1631681
14935616
15558009
1991546
5256803
13381939
11338594
10145267
3941868
2459341
15387725
1258481
12491775
9820791
1996272
1974749
4713099
3045525
4826085
10079356
12293907
2623130
1208619
6991414
16465781
11696450
6027902
5907418
2720979
3841699
12790156
16127094
5972174
12684395
11160294
9243021
463198
12381161
13187953
15797754
5590764
13280442
3411867
9308812
7122998
13626302
6612268
2423020
5495858
11585424
14281024
5858068
13929157
512983
4124063
13263474
8724881
15534172
7747480
10987881
10094303
9065614
3793778
6759653
11649482
12118335
9336258
3696214
12847206
5542509
10193670
3312452
2601441
3586321
7925986
9176966
12004154
10600639
2496677
8289482
2966989
12810760
6907893
4881447
8338569
8399737
3797314
16124739
4315192
1650150
1808874
6496716
16000064
13497258
2696524
7388755
3975150
6822584
11871491
5986773
12210577
6835672
2117894
1185972
10816763
6045685
12803322
2265341
4223851
1034644
14784592
6303012
9753462
1097919
10394374
11465740
3534011
6885524
15605068
9417955
9077982
3979060
1217721
6403906
8316418
3962407
8587750
10876815
10704760
8133916
14797441
11848745
1934464
11058453
12176977
12770561
588891
10497861
7292342
15322851
698086
9616778
15542153
15668855
1687401
13260462
11656306
1174389
8391379
6735881
11637719
2238428
2655720
11837506
15855737
8868046
5759543
8511736
12143211
15870213
5860831
7558831
5461069
12839653
7389506
3921647
7717827
7241812
7803168
5198451
8187804
12400429
10560972
14628247
14339733
16483863
14613190
12727775
2927331
9780143
8527043
2655933
3119071
8070276
1218375
11922943
3516564
10461950
5162824
9117188
16595469
8531310
13082731
7184238
1111205
13863700
6240450
3253305
6538514
13462341
407255
6756287
2086316
16544419
8669253
10612744
4264443
11737305
2160874
1386640
10494183
13505943
13500500
12941588
3722163
14690390
15641564
11123794
10217794
3734982
1650520
9590825
1809708
6363137
13659674
5399181
561636
8055071
3595932
14723123
3053488
6412387
11137846
5996487
10173416
16257198
6710199
888805
5590202
7533868
5801266
9535602
8707529
4238699
15160167
10424845
12870202
8302501
6556567
15984459
630616
2317866
10462634
16030906
15421457
4618803
5392103
3727689
3503288
2259196
9251363
11651377
3567115
9902902
6485128
15562935
3129994
16311310
11392059
7046582
9833124
10223792
7268793
5942878
15383002
3147130
12839180
13098689
555965
15634387
4774412
895406
14527426
9100285
3792185
14039611
4426888
1561827
6664529
8114879
4700343
4967997
5399271
7913350
7009725
13624554
10837214
13416034
6824327
10010439
13545265
12251604
10058568
3998600
9550924
614423
16086366
12609336
11424303
3465364
4928910
15633803
7679042
7232655
515319
4246263
4377214
6469336
2011056
1197753
3150136
12779488
5726027
9417707
2803702
15908442
1621946
5409371
6065388
6545760
14245275
10346470
3689057
1913738
3897146
11171611
15940278
10164563
14420747
7330304
4718422
13245058
10635335
6000953
16211714
9993315
14046444
15354630
2398876
15258354
11322608
7194329
3518212
5204985
11311015
7850746
7656054
11134315
13758282
3295302
11718921
3707360
9500607
1851219
10355251
13407148
13561128
11699752
2714766
16140211
14369017
8804250
7393365
15267301
9453370
9449393
7972986
5686896
6756811
3227683
3754407
2152985
11897629
14121645
12312225
9918556
13426331
4300397
10539627
2059281
1279953
3105923
11777181
9439525
14627520
4098355
12996015
9044201
3301882
10885867
3406718
12081930
815620
13504332
13884998
16299107
13387959
9042843
6105827
12716550
1610991
9168527
13493176
7216480
1765536
2941442
15379618
9582212
3379011
6067998
7719239
6249208
10007209
9377622
15198951
10878008
13404422
5850867
1323471
9302143
2915008
1272256
10360665
11407660
11044292
2164103
8107385
6975323
7349310
14497706
15797244
15599992
8479145
13412443
14228589
9643361
10418094
10166599
13185110
12056083
6882462
1970532
2677803
9896030
1412495
12185045
1982763
5861367
6726368
15614511
2684917
10775984
1608056
10093963
15941153
12346032
15319691
3503716
10324779
1442433
5496116
2284410
12238085
3514895
4585502
10569785
14834357
8935339
4219737
11033640
15956008
11746927
3072689
2842977
15330843
9787713
10902619
11549829
14794493
667822
8806768
4449932
9543618
5473569
3788928
1890710
7589584
11323742
6951440
12326872
10934538
7611164
11013035
6440018
4238470
15604673
15777872
5492909
2679343
5361169
14578974
12739947
476305
1669148
14211897
9358173
7203463
16167606
6599398
9189534
12768996
13717337
11338846
1679540
8311465
689219
15886092
10885970
11902305
13445611
3485994
15600878
6904403
1333862
2252765
4419761
5284539
11371749
7735548
2547329
11812545
4755112
16508094
16205903
9506334
9035115
3180912
14781205
7105678
6793462
382275
652269
7928408
12762725
11746982
734014
344522
978420
8188178
14550564
6336415
16147472
1706518
16431485
9166446
5648371
7838837
1148239
15546000
2554713
13641395
7029428
14801498
14433178
9464685
1314784
7986192
12674404
12124670
1941747
5454839
8312833
7401935
15465037
5487134
13280730
7738332
16388318
2583834
3419481
519346
12655487
12586289
3158654
1673084
5996468
9708195
11015455
13103210
10429581
13166876
5926396
4550116
907683
8929552
8349291
15995252
10520941
8114417
9703953
12023340
15967876
10781347
308016
6052881
6780897
10954275
8669033
7783789
8003724
14178662
15781737
5870030
3118633
7950085
680454
10578353
15456062
3942404
8815951
1046140
4404062
5661044
4738639
11360615
8697849
9583664
16472388
876555
5004545
1950620
10311452
3235015
813100
9971660
8718748
14899829
2855816
10970522
16513302
13794809
4521127
3440155
1807795
14724740
9289416
3012874
5610505
12890029
12411237
752262
13109638
16232899
2578735
16035533
10237868
3439803
7628532
7494908
2555615
7177309
4937483
4686232
15318176
15826430
10282440
2341537
4487590
1273369
1993041
3846157
2830044
4963834
3947014
9507273
14433934
13204581
16217291
1243070
578083
2093798
3896425
2835434
4420885
2159458
13037929
10822594
1193867
8772758
596394
16597227
9949080
2468543
923294
13858021
8695218
1505698
9669318
6900046
14176626
12232706
2362307
5176283
16596013
3704167
9665765
502789
13825581
5070226
1723476
13317663
14191168
8682836
3132219
3593758
11943141
14590010
9033957
14299940
15881482
13115654
3871405
4052381
8738788
8063199
16233859
15336982
3636486
2494932
1622832
11464549
9195910
7488153
10662902
11863688
6304209
6334616
10711108
10626367
1265473
10458005
8778605
611064
13714806
5616607
7974558
7818752
16490752
6032060
15413898
9917743
15938219
15469328
2150230
8245954
9347299
9725506
3255243
1872787
5149816
14819921
8575583
4606458
13785703
11400750
1647964
6849800
10569255
5256056
1065235
9823354
11394116
6176706
10880349
554241
7253576
4690601
10972899
12019166
6171414
2974066
8661072
6537236
14328734
13884470
6038797
12675431
6022246
1743267
12138929
5190966
16358772
13448002
9262638
7363299
15915279
11983490
6749891
4974206
1999440
2813878
6488718
7023020
5148340
3580955
15873086
6805874
497521
6152242
10799152
8656841
10510110
10575501
13005711
392893
8418322
4088123
16478226
15284587
13583420
2229044
13240472
11583750
10876724
9584923
11248362
7587895
12994858
14318854
2280212
7515367
9837716
13742011
3618429
15884973
15783866
9842883
16218163
1607469
13472394
15223797
3462885
3909859
15357107
2861658
7101521
5155706
8085333
16485281
10682812
1767157
14212172
4428420
3096530
2057065
6716440
12339258
5348102
5481526
6860959
13901013
5931003
4874082
7623688
15478939
9439424
9348526
5801523
7002775
10898909
14332089
3527119
12513424
16175228
6106013
6513384
10500028
7492833
11113218
11994598
5438022
4418957
13678674
9377585
4132769
7862102
9667579
12660586
3234218
8032876
15373378
9578974
9706777
4512160
7866626
15613361
12755040
12227816
4270502
9316738
1625939
779273
7987569
10529771
16540958
2096598
14203138
4696328
5234883
2127925
2712210
12218234
2006362
2143716
2638788
484825
2004866
6099293
6413846
16528648
1211053
6014417
9531587
620107
13043729
4823654
16434012
3701170
8817407
9255581
13006372
14404104
15380074
11527162
11601839
11552599
7664645
1470173
10262770
8943624
9182780
10791039
3324765
7357699
13938710
1162206
10763117
6487029
10887148
14388829
13467833
15240963
15308728
8501479
6925523
6988891
6395335
3718051
14426552
1600198
1032314
8403058
7341421
12590133
10422864
6165317
16403573
15926771
3991125
921486
15355184
6901192
2815588
13272715
4404897
12771042
12027062
3766824
9134065
344250
10839434
3546848
14226373
8430431
5565683
4401226
1688831
5932329
12106268
13200886
11845155
13648886
14320045
13707695
6136773
11897609
1248984
5776232
5080603
14854652
10402726
4084097
7122182
979943
13644940
851387
5947500
14435110
7812713
3598723
9433105
1112358
14895770
3383245
2753186
6983915
10494307
6750860
8808179
9554599
15616870
16209561
6312821
16505171
5404014
2901195
3497557
11949011
4190324
4519750
11102678
14622020
2780776
12634873
738958
2166912
4966908
9111733
2883508
12045834
15828770
10592725
7381890
11212755
9413556
10945017
5266820
9576322
16301615
4795522
5023588
7762364
2868636
9717632
10330010
8149957
10162683
15836116
608686
9257433
1188247
13194891
1432855
4374121
9449999
5777140
12214963
13487223
9652973
2975014
15907671
8104837
9997277
8011740
1117461
1264784
14723142
1446535
11168824
14364884
16017933
8662849
5877557
388096
8661113
4270091
15311821
2795438
9702257
11996056
7280118
5313670
11693255
7227300
5207735
3406195
2316892
15613170
10537637
5878828
9164234
6835994
5425845
7042874
8053016
2476936
8273814
10025853
3650235
7480654
16542844
9958662
4949140
16326344
9173666
11230932
14765067
8211509
13195524
1791204
5153004
1764886
7286584
7861647
9230867
16489589
8872033
8648322
14405776
8877236
1644270
1548570
1324649
4035923
15162210
9311570
4253778
15947581
10016090
983168
12608974
14051430
891253
12880507
9377079
8209721
8044872
4030172
479976
11844323
1678328
12133825
2989204
3199205
11639363
16049551
2701053
4564221
11405689
13979699
10238932
13424078
4135610
4447445
13458299
2699939
2090809
6242831
14744852
11687407
12211134
5537986
11655488
14394931
7484030
3642446
12641173
4954819
4178006
6490727
3962216
16291674
5230265
12295794
2472217
1248751
13370562
13246469
11945861
13842761
5739653
14882222
8299747
11591048
10351852
13883304
6461908
5679449
13664904
4808664
1429136
6925860
9084218
1627019
12114578
8908596
6057995
12122540
11054602
6218624
15731591
11552482
13147121
2796088
1313151
3468713
10413481
10443310
15806154
3284014
2514238
4506215
6802441
13697611
5600214
3881355
16316979
2505811
5149378
337389
11912208
3858020
10442868
7558162
6511691
16004606
12545870
11257513
10713131
3864303
11972201
11510873
1396978
12595325
6254044
14930006
13069534
13475000
14032873
5639021
10376547
8054541
5428974
9705656
7859610
3724875
15778406
15212794
13060185
4424733
12746617
10470116
15735986
7025804
1844284
12233133
3841240
10984213
12803085
6851366
12367346
3770042
14906340
11319913
7369092
10345390
8883744
6108719
9974562
322500
15447011
2652719
14532444
15431204
12190467
15595484
9500367
15877567
1210739
5298634
9365384
6784713
11999945
12108556
14223552
6213789
15681525
1227042
9498504
395572
9729350
2734053
9166351
12513268
7739681
13301768
13994958
13937022
13147249
10443462
7909764
10921348
4608788
4819923
12179225
12846414
5623300
8981673
5162484
1194303
9491161
4787476
4647699
10436457
10873990
10092857
5996291
2963600
12572555
6664323
8578923
1670136
13477103
8350756
13488736
14928869
6914667
5721114
10022270
11517389
8691119
3679356
14589410
2350123
13477834
10671969
1130593
2367790
2080150
4168639
3016006
4880577
16400291
15439341
10491595
1812932
7989979
11586269
7097030
15683200
1882470
15492862
6444065
12765035
13675838
3201949
5408656
12822910
1173288
13599686
1729376
11285465
15236671
16454019
11857281
7969050
6612972
13974065
6893264
8963098
15781226
12198148
7097273
6862212
10590422
14004276
9402621
8204080
6881453
8753913
8598603
3413573
1850838
14228826
4062852
9679011
10796290
12810395
9723599
6484208
8569204
10552663
3143882
9841380
3965406
4941347
693103
5136408
4412266
8056563
10077186
2733260
6827688
1717075
10513320
5841225
16472287
15463443
9515199
14133698
10739387
8917478
10510766
15691602
9218791
5519131
14409908
12461691
7879618
7099108
10775650
13825634
13562134
10141515
9062052
5320293
7124408
6376993
14677686
15414308
13351350
7800922
9928053
6143073
14016809
4888822
15620933
10720998
9962757
7156394
10008513
9952897
4241151
1989276
1251100
8106878
4300974
9005279
14584739
9387016
1141102
9357144
4540093
9198471
10679780
13402616
13271030
13146760
3312083
7352887
6433539
7189322
2776719
7066037
2661639
4297914
6979136
7500400
4906758
13277810
7979543
5593460
4017227
14030895
5433105
6307847
9696093
6094788
5714678
1611986
15576977
2739451
743398
10773117
12229352
3572660
9812823
15619065
12130419
10253482
5834437
2240710
16331035
2667309
904451
11179139
9109718
15211068
8158672
14598472
3151198
5526778
3868301
6735329
2170048
9098426
1706825
4720029
8483310
3585622
2351812
13038664
12085013
7553781
10180927
10690155
4927681
10489112
7618935
5388891
12177584
4780397
10330300
12418332
3199875
6322881
3200154
1267699
11675906
11893488
4690324
12585250
15078522
695028
700505
5699923
6520696
14439754
3482916
5039799
13741405
6906475
698240
9818529
13670850
8890359
14988881
3133542
15483169
9405166
3833051
9437440
6008006
16055059
9010521
12636371
10568449
14861865
8097644
4443014
7144158
10462183
3888591
10749954
5369507
16308294
5800482
12946400
4981666
11193515
12737194
6159845
1303908
4510122
5329737
14115964
4103751
5544599
12764207
7289302
10849953
12617251
10048620
15083867
2151393
5490396
1757219
10644371
10439061
10673077
5841536
1833496
2699006
4690991
10972507
13675021
15225475
10783889
1200274
1217986
9508587
12573041
897095
1970377
10417483
3160753
11336107
12428288
9116330
12364872
13777945
5105289
4291808
16306832
5519114
8371920
4761148
11753411
10794647
8731206
16557184
948583
10335779
12265206
1839421
1270350
10447973
1458037
3320690
15516932
6600331
6433362
11773170
11850222
12708652
12758440
15780071
4441465
7493346
1216336
11508602
15394574
13890586
10770963
13655153
2869227
7367148
10547305
11224948
9937509
12437342
11485395
14309238
1240124
1626738
11799264
8910037
7312747
6660898
11745664
4279481
10276807
3105997
337852
14942622
11983744
11939835
9087715
1126264
6405003
2250344
12494551
9596696
1454186
2816271
11370217
2238644
15290097
10035532
11637809
4033714
9666756
15803414
4827679
13002221
652881
2965335
6281007
6555878
14982877
7570305
8245091
6151820
12161678
1568349
13827222
12477039
10615400
7710216
7479058
10859378
15315256
6331121
8725206
2636037
12414447
10581342
12172755
7041281
6357723
11632214
12287569
5354840
15367358
12863010
1666111
2067045
5621392
4735599
2548941
13376796
7283725
2593493
9796879
9002145
5354140
14509480
16258465
6382890
15829620
11781686
11108685
1625209
14322974
9011263
9600688
917023
6181813
6436281
4632094
1231699
311851
13277561
5251259
4997192
16276299
10585595
13736506
11785864
12518812
13050393
15150006
1179499
6990363
7430390
6255673
9592264
16256089
1407340
10610779
2633699
11029476
1701993
5643289
4857079
13303190
10834817
7763605
2091301
15350975
2256789
15201574
11319128
12883744
10898181
11198697
12510571
896371
11791246
10520452
1137927
12046375
2611496
1715438
3000253
14046932
6607807
6849635
10145629
13787065
4661247
11267992
3385259
5092896
15733516
5797791
12328619
6758182
15844398
2117437
12349345
14007780
4300591
2519694
10319389
9535713
9284247
9555337
7882595
15698988
9106958
10323489
10223144
5102228
10333365
3792439
12019883
10903287
8297503
9750652
9130889
14983863
14975646
11322880
3345880
1594992
774320
9049965
15180658
13929932
1179709
15738310
14306081
11897604
9578603
8799563
1616807
6335670
4566586
9907866
11090931
15274850
6543927
5471564
13903946
5381460
3277116
10612471
6423153
9166563
9992387
1753913
16168235
7062417
14043687
10626286
3521388
9278627
1627673
2643783
4369619
11818507
12273615
16407453
9483230
14629426
5250131
3332541
4504537
7546516
14658005
7930416
3199136
9922369
5013129
7579274
11102098
10161985
13211818
10388439
13890461
3326474
10010446
13001726
14536340
14875039
11449232
16279768
6493905
9721337
10765343
8092082
9884608
10112863
6461361
12593671
812562
1084694
2035506
5992182
6752283
14621933
2122397
1745932
6887768
7226884
11682618
867872
2244885
4350360
15307754
6317127
11814888
10625804
6318670
8897240
1614180
8509494
15079598
14699842
3183354
1813721
13229332
14240137
3331603
11538394
8064874
4637190
15594703
7629289
6495693
12834680
15282751
7367750
12709057
15403830
11834884
8862721
7215841
12343181
2938553
16447005
3481112
1791518
6187370
3477703
15312818
3871986
6287508
13837326
7111866
15921040
14806394
8086307
12790383
4083259
3415481
2761117
910633
10121740
6098032
4046729
1158683
2158378
8760950
5367534
7010544
2327562
11374733
13944979
10996893
1892360
10532345
4972300
9634162
9700247
4613150
588464
4174396
7555852
15484278
15748328
15758815
13617310
952278
12662792
3345794
16345678
3693105
4284633
3745848
6094751
14741321
6860899
10215168
5708243
11401556
6658362
1870621
7092893
3827334
9562536
13608080
12724991
7956117
3442616
4318769
4430530
8299577
6649370
3869567
9703861
10449355
12196361
12575593
14221268
16273880
1339955
13905604
2690414
8365207
3435665
12394096
16114617
1807332
4971331
11643360
3783684
5209736
12971836
15897857
4148885
3565703
15178001
16232442
15772792
5529124
4328771
7510465
7019555
2945749
8619419
11198155
14478098
5258368
4579277
13430277
361861
11131278
12189231
10998225
2898147
13630900
787173
9419809
6758885
13269843
9447462
16208634
12199088
3699875
7121061
12946908
356457
2763484
9656224
1304414
15318520
10476727
5558694
8861767
10627811
3055861
14918405
15738202
3658564
13423834
7284709
14724879
6338079
10625122
6494170
3373801
13152148
9853098
13903418
13723635
3118458
1675035
9156720
16061092
14402746
885905
5770302
12457699
15578822
6056859
3314008
2635490
7105432
5603081
15951927
12183665
8823053
2751360
581054
4387199
8297658
7715871
3929720
8377027
8826447
2858174
2017252
3181291
11456168
3642842
2504899
9030348
12912102
6474423
11055305
14779795
5536851
2829364
14513828
8108325
6019657
15108446
5116862
7846189
6715909
15874601
10225162
8514058
694924
6965550
13669239
15371062
15721757
10469139
10624034
12009245
13536543
7145037
3769941
12649593
11472941
3049988
851381
9090097
5937481
4039578
7789205
16484856
14293137
9304485
1600820
16169682
624727
10926402
9732335
12938940
7326087
14329757
4599792
14976327
6996351
5705336
12294258
8847837
9947376
7244507
1475400
15328527
3592258
3774917
10084088
4178467
421153
6272749
2763716
9880134
1120263
15044512
5753697
5857644
9822278
5737509
2570966
9737702
10492549
5669216
6292119
8422160
4771297
1183980
1614176
11732772
9442324
5283943
6269022
4194462
7600318
3679933
8041728
10822745
2517452
9177909
4785886
5412270
15593166
5432704
9680961
10442780
9406184
7484315
13896086
13796965
5018872
7379301
16078836
16377262
8878526
7401663
2593117
306663
15122520
9186417
1985733
11941454
10891381
16084449
6903011
1393329
9894081
5296565
14268915
16140606
10700331
11243887
5737798
4584490
11634520
7639969
7759242
14504626
10385039
10691039
6976690
8115770
7086255
5086025
11236615
6771942
7711355
11819107
15286516
15814168
12129754
7146034
12165173
13314855
2570876
5748722
392518
13100010
2944444
6460653
14361281
833039
4508578
9176023
2226617
13302381
10611834
7792308
821299
1643549
10960259
11070099
11080316
9956127
5333556
10797378
7402435
6013987
4524145
5641510
14986110
3691070
2344006
6075204
10940881
7432701
14440662
7113759
4431483
12067569
6663119
10207920
15931197
11470620
6734636
4477164
4751546
7387510
15194326
5996723
4479471
4750099
2647422
4736590
14089442
6854835
13940665
1671425
781250
13677281
3651616
5912868
13329104
2914003
13639272
1006471
13412864
3971542
10507269
15245285
16556492
10559851
9884885
1970852
2272594
8338050
8859911
2588529
4491410
15112480
15899219
4438034
16377378
4424956
15319062
1865357
886552
4654951
13287589
12380162
2058042
8272532
2303131
12440070
3651909
11324138
1602465
1776367
13817845
12403719
14818773
5166675
6234677
3684260
7643840
3664414
8745936
12438285
892318
9624895
9199702
11592196
1736483
15050028
8608331
15635250
10600198
7731425
6854141
6686055
11609250
2992049
10643657
3916146
14899847
1398055
1759680
380002
2831059
5412712
7185246
12620437
4232661
1722797
6720440
10043373
7285945
6337738
1156561
4195018
11956147
9854176
10969847
13721434
9787599
15740182
8717872
5116806
4232299
14478940
7762588
503414
8385297
1252430
13624848
8547002
4872412
6472998
14845314
10295255
4914433
745046
8996943
14995860
3762067
6697938
16309725
3401958
6054699
4129442
6789536
7976523
659502
8094707
9762770
2896169
1888151
1226968
5387495
863131
3214477
8124368
8006752
15441970
4486794
8922487
7687451
1412224
3823932
3367338
8850461
8862355
4062082
9594167
764383
8370061
9858364
1313403
8341629
1853114
6027748
9784212
3801261
6265410
6329477
7299858
5147057
7153619
2685883
6159245
1737605
14241349
13648945
9464050
16506780
9921009
10041467
6889521
11447430
10855477
4222186
16018757
9631497
12223214
10770755
12983436
6236768
15007871
2344509
7604761
10363795
11840375
15515085
15700148
16489782
7210836
14567566
4327336
3714910
7204586
9524622
12232399
6453943
5470026
6499209
11522785
3395428
8534100
3610845
10606626
6202308
8634934
3868118
3607863
1784024
14559287
485135
7401200
7173492
11141364
1642457
4134281
2789070
3811562
4284061
6945447
12105784
14742001
12611246
7354647
16134356
6808926
2289198
13752830
15417658
2679005
4775458
9128968
10560362
2725647
3620381
6557581
6420872
6956570
5009261
6633413
8296484
5014691
516560
1568707
16494666
4068990
8493645
9723319
11388524
8171598
16235330
7245197
14199709
15072797
3856873
7281497
13634059
2731432
6644243
2701967
7299367
16432073
13932832
14845555
14504762
4276393
7009537
11630145
11056626
12985253
7945723
12243532
8615310
15615137
13905915
2520384
2356790
3191711
11049718
761146
15750214
5269509
4497500
6496998
11294823
10047518
7966314
14468297
9734325
7519717
7757994
12793877
12002578
3255439
5498458
3509459
10077761
6880477
3773120
3781401
14721486
1984860
14662376
9108648
1084328
8075343
3832627
15578096
15647572
10653051
14626130
14779848
15336677
4714643
5041571
11117956
2535355
2791127
2836840
16066774
13481906
8509715
7021190
821514
14157617
11857968
6188139
13444078
4042010
9120308
11222532
15625914
1733666
7142496
2463523
721655
1909371
15569824
11168679
1008865
9417287
5849935
5877636
11320677
4679802
1485553
2725062
1050054
687371
6475873
12129491
472791
14733054
8288840
9702009
4741687
2461799
14367974
10137468
9209068
7898148
12016944
13309360
12176724
4494036
9888607
2017392
13921133
10359085
5317874
11769293
6901731
15135408
7087921
10464980
15801423
15674720
5035179
5441973
14203136
1939039
9279888
485380
456636
15915544
10529007
3859141
2641098
10667079
10992892
10347398
11492707
12044668
2657349
1841526
13656527
11540493
13154388
13258285
5858932
4235595
3064423
15995432
8795963
13405795
4624348
3146164
9497258
12818117
5659593
4268736
13055003
14993959
9102756
1476658
4609437
15021993
967924
4081627
16137510
6345813
5505507
8867128
422785
5623930
10385558
2229639
12761536
14287015
14922157
8890859
15239091
1744449
15047855
5609763
1843808
11901339
3887139
6261923
10465385
1861648
3876274
11213823
2279687
4272617
10205617
9424883
4302585
14978724
2293185
15274786
10432662
1043212
2778463
10570404
7465379
11537733
3287320
7601249
4351578
8396501
7854586
1447155
4722770
1314820
1867351
701789
9291053
7731996
12527227
14244959
2030012
4361339
12841559
3569239
601977
8940303
9047996
6039532
12929409
12037424
4778725
1641742
11399096
5798137
5130262
2130117
2710911
3559161
8021192
10760975
16387080
13020650
8792711
7234887
14324698
9711721
5745636
1765178
9061600
4543942
13564880
3837014
11410675
13218266
2355706
3500367
4287377
6077721
16018506
13911731
3496082
8157992
5103117
16303975
4464632
11169693
8015205
2136449
16380791
13771223
6511213
10975805
5615604
1265115
14000176
10816265
14584698
406757
10901550
10559093
8627436
3748194
5496635
14494319
8501741
14251998
11163298
10668234
13041001
14722760
465717
11043785
9161517
1759287
10382541
11949105
11332146
3508344
8812187
14005702
13059072
1216319
14129626
8774339
10363065
3229348
2842849
15468169
5375703
2682754
11028362
4827390
8008627
7750014
4873557
5334397
1654607
3277812
7152665
6474579
11244356
13935749
16102571
12130170
10198237
1055772
12760677
7394026
502479
11769454
4876028
9587988
7099736
2792367
10105086
15109027
2314203
9430700
10202925
980743
16302537
8024553
3478654
13593938
6755494
1415363
4994519
13525704
6619768
12694073
8725319
10845475
1455702
15108971
7001226
4229125
4672187
15958743
2607831
13881494
9621904
12560200
16088669
8375596
3654910
3053628
14716989
8753114
13390118
16445408
7878808
3091594
8961504
2323882
4632991
16253349
7320569
14587638
2595500
5395499
10600544
10117964
3712539
15826719
2305383
3801456
14648438
8360135
7531713
7513399
5149529
12896965
11466698
7605453
12590627
7400908
11453062
3787011
6288148
12872415
2705595
11885782
7300828
14804582
3742555
5042032
3616032
9475184
6160469
3586773
12600869
13679617
4257274
13474439
6941013
7662589
13895603
3378031
13327640
15674153
12496872
5133269
15005299
13734671
8901571
15701540
5412614
16133483
12340615
3972314
889173
16187615
6741812
12073646
8311358
1770786
10211773
12762701
5392154
13161359
2948483
3441466
13015467
5459183
16391081
5864315
14453803
4977248
7876557
11082440
9882464
12041320
8898558
13692571
13754997
15643101
2753668
3839573
8983284
15840960
16328408
12607232
11574487
2355692
8932962
3244158
1103746
8122014
13198036
15308909
10674791
11075053
605631
11850546
1134186
8924929
13906541
10092064
4311789
14635801
9952054
8501015
11596784
5194077
9910269
7177972
11722142
11357016
617202
6147450
10122914
4027444
12425837
9888336
8152846
7683990
9289893
12262527
9716078
2939992
6329180
5764717
1686064
8768093
12177230
11923449
9938284
8267126
8917671
2137814
9411963
6710870
16391140
12568080
9057684
7924076
1462247
1410911
3310527
2824693
12059144
12212482
8112027
6226369
4751696
3445979
10012950
15841735
9780093
5219966
10555160
735731
4045971
15586413
13720468
2015801
6782386
10115400
7105757
9913950
4660863
1736706
13930076
3565255
10124320
2183239
8707990
3832223
2457320
6984843
2317035
1875058
7180262
3343193
10359898
15738926
14971025
13732868
11389357
559393
14217102
4374464
10520613
3272870
3769025
15692000
5557706
15125876
340302
8725853
554262
2083063
5352471
2547239
6185401
7188618
1129529
16039971
2030829
8809028
13867134
11664360
5868997
16584004
13154970
4001552
11046143
9376536
5535229
5458244
1545264
6532296
2679083
1169257
10161429
15778672
7548048
1251815
6266021
1702902
13359912
911362
12530312
4566770
1567439
9987782
2908115
13163768
2254790
6165326
16478021
8765581
15903040
11509070
1708055
2178619
2556463
16339505
640585
6368647
12262765
4102815
10735975
632989
10556361
1493413
11581728
13783373
13632599
5841125
4045963
3440140
7106139
1239820
9801343
9853423
7086455
6667250
3448310
11430138
4388032
3534186
9094980
9300759
1801422
3422138
2171811
14315253
13385988
1455631
8035258
2115806
5523106
3912278
12210783
15766317
6175984
9411292
768418
14649207
2360920
4616588
9067195
11549751
14829635
646345
10218068
10941335
5790647
15057154
6587777
1927220
13138248
15838822
989727
8914615
4138327
3114317
8168088
3471119
3341837
11609529
10517455
15228541
5775160
5200605
15921047
2975427
8114702
15465670
13953139
12791001
1090709
4323143
14661938
1947299
7482604
10566776
1184262
6215129
6367978
941204
10000895
15641144
7301387
4505009
9803342
12327503
1171287
11005759
13114806
6496630
9344010
1624086
13761295
1640447
12893720
12549506
7689272
1294889
6446753
5549607
4633484
14479368
11566407
3427753
8428195
3665927
7151915
11527861
2932780
4136626
3387361
2021598
12857488
10831534
9378031
3450940
3475949
6623481
15062753
13029963
4790928
16226715
4999847
7111716
5090185
6273763
9585561
8992420
12205470
4971796
10355445
11424964
5493664
6172519
1656264
13287942
7757705
3143298
10378769
3146439
6848638
3796992
12656279
4739890
7918301
10043141
1484861
15502637
11214481
3875557
7303822
14548567
3385769
14622778
12064553
6572224
2735719
5378911
5864781
977790
15748597
5418418
8422714
11687522
9987505
2194178
6999361
14378492
3793222
8353954
9406358
1454766
2481681
9666279
12002642
6585928
13914381
8491276
1785285
11098257
14023542
11910278
14921084
2393950
2667155
12779698
447237
9011994
14179933
16581421
2480617
13870694
946713
1519865
10423957
12825895
8631336
10457343
11652338
1435809
612138
4896675
2713338
12563612
15190599
12438436
7024200
13107212
10159630
10858056
16141573
3345051
10673161
2026883
2070500
3581389
8459447
9946680
4303570
15696044
8660456
6634660
7844719
4047622
9131255
8702645
12784729
9554297
4593468
9466320
4882374
13549335
12155927
2241690
4232492
1194110
16570220
16137558
5415030
788207
14696804
12448900
11272993
6281427
3592454
14906736
13985563
4669197
2909723
1468625
13986925
10792931
10427208
10115581
1137267
1513032
6132209
5941864
6265175
808543
7740758
9935253
6338170
8839051
1280911
8486310
9731548
8985795
14369321
10562323
6022935
11822346
9179101
2490470
10435814
2871388
3708251
2572507
5889572
8126328
14044768
12164682
3243537
6430868
5327840
7135706
1519953
10575643
3029121
14938354
4747242
1674804
8087193
9658992
14244041
9808234
900639
2005456
11128601
8118447
15102369
10855608
14681022
2345274
11904489
14264445
5927661
13408380
10940668
11000240
5052574
14691100
12459024
3014145
11963493
16590312
6881685
14183361
15299347
1713440
7786847
8536014
3415937
7085404
16122086
5431663
2618400
4126513
10606128
5357938
6791071
12783401
3050669
1370597
1379223
10904612
5502404
7608683
12728484
374467
14966089
12552312
3315488
1887329
14048192
10463826
11699295
10725596
4426264
7144233
7674190
4798397
7359889
12109937
16324245
3914528
10193334
4746051
4813968
5442585
12252868
1641728
5990746
1909023
1542448
14888277
8970216
9509374
13813593
7112695
1294999
7861717
3585485
9571389
1017850
11084766
12225708
11671960
13215493
9618881
9071457
9398701
9993212
9214151
10691334
15224266
14261295
13291464
2387225
11469839
2022948
6213516
14861523
14698024
1857811
2027402
7510182
7451618
3642106
5557443
9094071
14031463
8088154
4672199
5464353
1886868
6044135
7962673
5645391
10493243
4003492
16446039
9570979
14754624
3226325
8081687
13154805
9376770
5360719
4121676
11501174
10436408
12441649
15662541
1770059
7854991
9997587
15827680
7434954
3991083
562893
9815493
12316928
13517622
5485479
8533643
4502212
12160691
2635388
8357933
9482622
10252889
1287143
1938769
4704712
9296667
4525970
9872091
6365581
5968533
9113420
16309344
7013230
7477535
10900009
14746692
1337742
6201695
11867890
5902803
853670
10477470
7359667
9939395
10252568
8161423
1778425
905609
5761520
644817
6455781
8477385
6257742
1336298
5190684
15203532
10044427
10903737
12284314
1847644
8741865
7462152
7067480
3932713
12978212
12428677
3129515
6983674
4946428
5019392
14429448
3438661
8085898
8212330
8716858
15704908
7673965
9201090
8945853
4430233
15832284
10531631
9350122
4874062
6479472
3486440
12528911
13264271
5121371
15420032
13102526
10047667
4809729
1309341
11675931
7602656
4691567
4049443
13795097
6635477
1171651
7691351
14138359
4829096
2092783
13114018
7502755
1655178
16405876
799909
2213385
13437925
3733890
9167773
16380907
4442757
7811620
1836976
14520979
8220189
12272526
8145707
12435420
2664989
11322288
6033061
11897954
11428717
15088281
13023568
16305461
11907089
6428149
15138584
6490982
10477731
3166924
1578597
14351093
12596302
8723799
3743368
7695514
5478324
7759125
14306425
15703735
10113559
7220081
4068594
7175364
7009229
1189548
2332928
2539536
13918762
1813055
6403767
3222660
16237687
8854679
1855082
7023985
5292140
3586147
9654896
7129749
16488739
9371221
3560258
4687791
3553085
7130633
945773
16262179
5044453
13002773
3808682
15906320
16419315
2662376
8909376
16220728
12449065
13110934
8393173
15433076
1784665
808434
15163257
13091182
14726824
16247648
2456113
14423946
9383392
15591768
3855250
704597
10497319
4174476
8017199
16060360
11686457
14452008
9069802
12651584
8490555
14124111
11592075
1262988
13702412
13086455
1032577
13541892
15956902
3495733
13664655
3003035
9643521
9083130
396251
16548364
553066
6381106
1347184
1569544
6737366
9953161
1312298
10241100
4889006
924709
9585027
10498999
3730488
13936494
9192207
7185725
4552966
12092812
5519147
9509420
1680668
6029402
16029323
14566476
14131251
12375818
10938217
5565184
8787671
3813966
1603450
581094
1059361
15151231
16107271
9878567
6237837
12206053
5339206
16579594
16210737
7560595
15639126
14392064
3410676
7493724
8315780
1179965
14380406
13781745
9973150
6365133
4164769
1003045
737224
3627422
15508325
11140264
10009583
10737014
2629518
9102928
3957098
3954739
13011654
1677459
4354759
12000609
11840874
13250459
1210841
8733795
9845127
4897307
10593569
5478168
3117985
14867500
1333840
16320385
9715330
1397599
1846733
1667677
11837243
14404202
6776351
16003320
8466051
6428863
5559986
9317346
6303822
956595
14099898
625546
6402602
16421438
9016042
5504685
11186567
6804559
9484277
5252063
14883116
15799174
5893950
11686346
5593717
7632943
6184001
15617930
3365693
2850075
9240768
7704934
1269675
10754773
5531113
11517021
6507593
6032209
8588081
8970599
12164538
10414001
16506801
7318417
8408426
1888120
7630207
9654048
10796064
11672448
955818
9706680
6898205
15609567
10280637
15449815
4701047
16146413
1300599
1272782
11295098
11134978
10673946
8266247
11750525
1940082
10061648
730859
12797703
11401890
10795091
4387357
1185865
12298687
9556577
8939668
15842707
6159120
10145286
1489820
11601122
14686282
14739928
1079078
8438867
16313606
15475918
4159363
5067693
2987315
4869203
6732109
5497979
2932378
9030834
7811609
5333853
8696530
3398593
8666761
7867199
16449068
12789159
9851470
8072568
11194880
13282754
7424320
12359357
5663729
13804268
9173176
2578296
13940546
10963701
3482532
3250552
6677024
3264786
9955848
7641887
15284354
16176360
4221965
7047755
7487085
3666713
7464248
4397358
14871115
2951958
12361607
16172267
4417649
7026374
7712604
2415672
4359010
3985759
10415210
11341662
8594467
10070949
2991030
13851747
14364702
1783835
14478303
11884766
6664082
7388803
6793981
7631946
8969149
11327322
7317382
6552885
14965626
12395105
13988003
10008406
12361723
15438726
3865271
15175692
3443337
10740760
10601292
8122762
12968204
3170614
4098878
8416968
14246851
3611827
5447940
8929116
3249432
7282996
8789252
904328
8899775
15311999
5795288
5613383
6534842
9928925
15670630
4111530
3982451
2171978
1226029
8042409
1019146
12063431
3695310
16501111
7604886
326124
12899644
10208313
1749433
1834382
3420652
7051346
15268139
16354061
3146955
6694155
6526594
14364156
3389497
1467296
14675157
7244708
4532804
3223794
12936882
3046542
7477196
11545934
5462883
7884116
15569913
4928382
14355699
8733004
15270193
14947726
16394172
5242493
10982467
1916503
5271444
3465796
8219131
2535221
14733891
11738031
12154110
960585
14084696
6461377
11897755
2887706
6515671
6486039
10109116
698179
1599903
9424285
2599093
7972432
8921392
10598025
8336633
14294553
3312269
1577272
6286715
7180019
2891253
968817
16188493
9347888
1086852
6152222
884335
1362410
6292265
8203619
14245329
11069053
3997059
15620852
15254458
7793257
5858557
6226878
447602
9893895
2931838
12692616
7410654
13624343
14739533
5084247
15177039
1231324
15931607
1605833
16443761
14401125
15701501
15921371
5488895
16194797
15296499
6421606
8122722
2526076
10600039
5238575
14456430
2814501
1489335
7212429
13259175
12984906
10516116
463813
12276225
14989913
7435273
13560656
10591601
8521948
7486922
1746226
2283597
7208630
15763432
11832030
5504161
3333962
1438212
1931710
7184379
10507096
13933611
8809650
7261173
8374432
12628251
14118887
6058815
14091585
4441343
14102236
15285076
4190820
8699774
11427492
4258689
10191990
1017041
11519593
6900259
12188956
10997046
5491454
13310840
16458703
1018923
6212231
14809059
8311883
6199802
15310289
749725
12908381
5083711
1152992
1695152
3964815
1239810
3656093
2538164
11504942
8483468
6446758
7485925
16470912
7216135
1091978
15426139
5103761
14756226
5640094
10498190
10793379
5336986
1742874
2261807
5739648
14352683
12862376
8226409
10466115
14637853
11011275
12575366
4264227
8814621
6171978
16286918
7305115
7294644
1678691
904441
9928928
14171432
12465278
609175
666660
2213232
10013643
14230154
11660820
10674531
13082299
16467386
13313736
3537003
8319155
4711991
3915863
3497567
6305184
16359272
5604590
9633747
10183538
3067002
8389536
3570439
14418105
15704821
9039656
3689257
16572959
8201077
929342
10578837
900686
3418027
3330907
5504509
7827114
5798226
10907895
2521300
7300100
3517556
1868870
3527619
9928101
3668024
6936701
16042550
14856265
12277135
11856396
5863298
12739213
5004952
2881485
9350304
5709414
7754348
14595165
7171704
2168807
10934585
10463137
9386319
2859307
5548731
7598849
1764036
2652968
7992451
656130
16319751
7927711
1702898
12576041
10307241
16379471
15976139
14175760
3816932
1100599
2884109
15876900
3393820
12405360
11244941
8875021
3945987
10958196
13404144
11585841
6902584
6482598
3854299
7817096
3600099
13861988
12305103
3188017
7712391
16343992
11763263
8997143
494239
9383685
12083824
13345549
8693704
11866053
8176439
2700521
12689246
4936841
3666478
7977326
701219
1490389
7704952
4803384
15589210
1795411
1991288
8113105
1770254
5640469
15564851
1195041
5645142
10467002
7149422
11270475
4059825
2224043
2626503
10403963
6352719
6445709
2866100
7628589
9847548
6817623
7062302
15744571
774648
8099977
8721230
9403642
3320783
5776624
9073354
4842183
16340762
8891724
2462959
13241163
4586594
1472974
13455260
16162716
9170489
14404551
15165790
9903272
14945651
15893616
3167061
1663369
7242010
10430722
4041635
2250441
3664534
14225125
10326917
7859607
648423
3931666
13976239
6213061
6166787
14794439
2409895
12892187
5783342
8678210
14056487
6834731
7278964
7696427
16555479
510837
16592215
11190389
4446822
13714617
431741
8206479
12004867
5585545
16469715
1119322
8139177
9792176
3007306
15836470
6201430
2257047
3680303
14446951
5190111
10024870
6235531
8254811
9786753
13530945
7533128
2273938
12230364
13629065
13318850
2363304
5991195
14002283
3194213
1657329
15751197
16364292
6553972
13380453
14374727
15070603
16498609
6387107
4068317
14052084
630417
15153353
2803576
6265116
2879679
16421948
14090346
2766791
14002243
4978419
7882976
16535424
1443922
10769574
15328024
12384194
12658690
10483301
3059422
7676210
4455123
7781171
10855732
13727378
8509938
13741675
10457878
15463814
14978387
6324668
9258312
909917
8829507
14650085
5980931
9164773
2283673
9369395
1464102
7500878
1573732
12882006
5061513
9314336
5955127
6457621
5216485
14730007
4287138
9425556
10535830
13416337
1194165
9894325
15036537
1661503
11740011
12509294
3023193
9635663
10291540
9350225
10999938
3681244
12396599
9143142
14470705
7587747
5572191
11805205
6542352
10273537
6074452
15110907
8988382
314329
6344519
15130658
14527085
4632659
1402734
10546694
12581721
3994088
5570878
9068037
5823613
16321847
15659977
3395683
5402024
12391146
5603069
5632091
1885190
3101416
1115016
9997903
3916145
3881672
3359209
9484489
5032409
7010852
12675448
6941294
8917403
5498018
7474324
1173060
526292
2114568
2114121
13939126
14493281
12400517
6833466
14828107
9251391
11893947
4383146
10034796
10877082
7132464
8456597
8123068
11883759
8336425
1845143
13141579
1311048
15192563
2317267
1122373
14404825
5918776
8669123
2343715
8628426
10688848
10522559
16314464
6694268
2895399
7226039
14007664
14834356
6192263
6477442
8723428
11956877
12731384
9953043
513585
10867820
4249816
820266
807049
2259353
15287056
15261934
11232536
15827115
1241664
4713710
5575073
12818723
13180569
8026992
6285810
8418903
3492228
4945628
14770644
1913269
12171534
15962170
6754863
7088760
6974279
11591810
13343582
4516203
10431836
356751
10292340
5826155
10172113
12181623
13789187
11161927
6290072
12349882
4633413
13850717
2478089
4440261
3479179
10451362
15575801
9279100
14488066
13157196
11977871
15440019
12094188
9897887
9964631
1296427
14033326
11124683
4151742
1517985
7249170
15214191
2128065
7646215
15298478
8065778
9278244
10165664
2869302
11880855
6836283
4501031
3130751
960597
6732923
1392086
8316815
5848909
5162186
13144384
5014099
1221124
2670500
717930
2619048
8573765
14412291
1687732
7048046
4159826
12213366
3416322
7694565
13162871
13202339
10569510
4130195
15764108
421374
16310157
15044125
8069681
2459194
9991709
16511046
8385747
9448126
5585601
8994443
5859588
14276124
9918006
582509
2724192
2943876
14903966
6863885
11519255
13701935
4413856
1866096
4417100
4834079
1425745
2541750
8974884
4493200
8514630
13560697
4560646
1241557
11290718
2681376
2260438
8985946
7720284
13639594
14545288
1424270
1990948
7053497
12150028
15387201
889734
10669598
10277758
12618187
551808
7662702
7146187
8404905
12285711
6274783
15709910
12094154
451481
14217465
13277349
10962149
12081538
14239032
929384
5828588
13108116
3271388
3722007
15780947
15338964
12959553
6256507
9182834
12283168
7583956
8640022
9444070
10018542
4409044
2968698
1704720
12565417
9334592
2398353
8988604
5909230
7820220
8742432
6720563
1358430
6469685
5223827
2461847
3257694
12201421
7111321
2997162
12504862
13078892
6225751
15084195
2529615
9684899
11190131
12581715
7775052
9402840
3062040
10584966
6604076
3418135
3021220
7660669
5570263
3328176
11550220
6171710
6469599
11640741
5502742
14292590
7788830
6759643
14728445
1704028
10241027
3091554
1878593
16364219
3717764
3749164
16390731
7690538
4828261
13506690
6228447
1053067
14088913
3650058
6896386
14280836
7501748
9428212
8956882
6662662
4129661
7738317
5919401
4324806
2639103
8742802
8182948
11978045
8836327
2767388
7687108
16241167
5844024
5177607
1653133
337655
3887752
7936738
7581932
8508551
15823891
15731810
15392141
5703879
14918968
11463962
11106697
10767546
5463140
11436617
2518076
13514269
4749782
11774051
3312387
9110167
9508583
3415264
5575800
5200716
11902536
315543
14449508
3022029
12877539
9094668
11448214
9690082
16409859
7754182
8353033
11060590
11376980
3134552
15811682
6140681
535542
6288049
7794091
14035962
8295509
4878117
8931506
1239606
3671766
16363732
15875307
9853558
4591322
5943342
7296797
4069764
7592807
14777875
6902531
2148986
12043285
7327821
6162753
15509108
12584606
5419339
14906179
10505913
14889558
2313154
8479239
10882206
616761
13105080
5563954
5109378
11273606
2233684
5738911
3026626
15751279
3139985
7811621
9753174
1804770
9507650
2018606
12190019
4814640
1107436
7516863
10140910
10338779
3127790
1207766
2045859
2338105
944890
904575
12220550
11712795
2065633
990746
3460510
10334103
4469390
2783016
13667879
2820490
15432807
4410810
5261750
5486075
4066129
5486033
8288029
4964894
13725346
12170976
12593725
13404739
10427633
1211168
2379201
1281396
5528906
9527040
2074062
12634572
15344579
11671084
8937236
4859105
2278700
10306717
594472
2737098
15932850
8802505
7106260
9107020
1744442
12515206
15431764
1693557
7210224
14711923
16061333
10769149
11910275
9087156
8043163
13224358
12046444
2385943
10638769
1694186
2758928
2427099
5931880
4204669
5942922
10090889
9286103
12229567
9602895
12361409
1645999
8730733
15891711
4483917
7320428
15532785
3733152
4744928
12930549
11223975
14395468
2684775
14166801
7220759
13921890
4160222
15614552
2264951
9838875
8426136
4910025
7397802
7093938
3490335
4100847
999898
5548905
6100793
7734084
1640128
4601985
2748665
14941256
3737185
14064891
12395336
9901439
13562717
13143145
10611530
12460678
15113940
3807098
8040015
10327047
8773794
9635569
1021522
8096094
7762254
2506356
12065901
1301362
12451591
1336181
4070967
5823523
8065149
7696467
4246420
7344736
1634380
1432231
3263896
13635908
13627990
3402572
12921245
10048087
11124024
8063134
10462649
15250442
2177542
3758189
1363881
15075300
9736326
8185196
11840220
3652738
2228711
12743829
10680617
4771742
10231396
5988531
3294291
5945938
13456561
4164166
402007
13903671
2999668
8571740
9298556
15349395
14951652
5609051
14141461
11045980
11824889
5810374
9005815
841346
5179609
12873102
3856382
8507031
9378365
11859049
13157953
2707238
10045499
1427728
15344648
3903270
9184167
9771159
2330413
11322819
9161897
9234634
6073708
13565181
12223472
1196978
10686949
15050420
8587343
14359534
8126491
6650930
10935557
5188202
9640735
9153793
10297290
487381
1112233
521083
6676810
5074279
4706554
13310886
1676220
1258156
7356019
7182418
3333003
1189417
2828725
10319342
2100956
10305361
11873995
8718946
7436593
2136072
5399175
13498825
2193971
8500426
13979501
12392108
8955488
13996403
16482083
7852911
9778110
9322606
4306101
8550889
13989623
8611044
8508514
13855764
6517050
1377583
13397170
2833395
7437596
11730073
11785219
14205122
1086976
5387484
6836832
14207402
1663130
2530164
3447275
10509903
16442699
6338927
7669601
6292495
5403313
3116910
9105167
15731512
1248811
9233635
7893926
2528965
3319828
7160259
7786856
13242603
10404211
13295052
11775351
10291537
15845073
13651639
3244851
9951641
10964567
2048020
7606424
13303509
13424002
16279060
5283748
846025
9096939
8582981
5536429
7148399
15248547
5163866
11900656
7599417
5341303
10764232
9038127
10669897
1383476
9173830
10205599
3231339
8632748
12723815
9446442
4165405
1985939
10445078
16133602
3888703
15077393
13794976
16373796
8011967
14422570
3511587
4254411
762836
8958943
3416893
4448764
16516317
10128191
1559698
1940427
10913295
14719435
1334985
13660989
16007409
12240894
8755091
8731937
10887825
4599233
10348746
12563533
3369223
14901756
4328688
9623114
10612268
15369532
11425919
12205162
10182200
7485036
7580379
6996557
3446367
7497333
5884768
1450104
15628041
1533778
10574050
7972066
5788809
7535246
7144557
13913858
9822742
10357960
5008662
5651213
9598248
7752022
8579346
4092148
8199312
16122259
7078330
9437802
11688525
13501956
14709890
2841619
4222042
6645205
10147715
4342316
4047575
2656619
10894350
2156562
4243116
12675208
6537424
6603853
5925839
5614440
10276696
1698686
705884
3740702
15843721
1095042
2817267
10078229
997828
9508667
7364391
9911292
4171944
8846848
9683122
7992949
12454097
4245909
8960173
11650959
6796843
15624537
9430298
2185425
13862549
5608894
7717784
13903331
15972430
11358226
11850707
16473760
14863403
3450362
8002890
6500101
3743658
14725828
5025116
4143513
7989311
3577647
5027319
12154388
9206534
7819135
2682531
835716
12118823
15142043
4305548
11906187
10153591
14194690
15221699
7406530
6648176
5896208
2309277
2211716
9736262
13052638
3851017
5754059
7789535
4519157
11211682
13412104
5027956
4104575
1230870
1274940
3618380
14965869
4185832
9520555
7490085
10370593
7005941
13280507
4042868
12720417
11435794
6005964
11723416
16356102
7163309
5843738
3398005
2903477
5396932
1984791
15508927
14752261
11749736
15236309
5230406
9836610
10202086
13218951
10553725
1853025
15166139
16336977
7133237
8734096
2205936
966282
3271885
3043167
623479
3100225
12975363
15776010
12398146
7719290
1612375
12721472
15406018
3911545
12203984
11826993
12256904
13102696
7054539
12192588
9310801
14962123
5307613
8152220
10158381
892933
3622949
7932658
10030748
5756399
16309253
3945108
15731121
1752509
6433269
11663026
14317116
6398156
9845024
8716180
1340680
11103817
1577220
5344720
7480241
12692963
1334039
10638042
8772760
10340039
2010623
9918866
1167547
16380294
4859953
13213841
1758517
15166265
10142582
15094194
10974368
9689630
7686306
1031429
3359336
1251294
11711508
1443711
12487266
10602213
8626942
11338543
10260261
928823
10010262
7978348
6419846
15326524
12358038
14828862
6113350
13740218
7262499
15504077
5425603
13919343
6020883
2740776
10433509
7332341
15398289
3716158
15696396
8149562
12059831
7308533
1937392
1053174
12235449
15128317
9718376
7255901
6437222
10474110
12929084
1052312
8587821
5084822
3092911
6076146
13384476
3735769
6136055
14277183
3227976
9985318
1536370
16578684
8300433
14929821
2905854
953113
14756523
11823681
2740323
13198195
9241943
15439985
15170026
2151756
5157539
10849599
15569496
5194857
4684644
16074124
585972
716529
16539271
1827135
9105319
11126757
12295992
16580167
15725659
7578981
15412447
11976542
8143059
800374
13821494
16392755
10289513
7791213
5667707
9036966
5560061
15590443
12623740
835967
10634691
13106495
9800783
3720080
10555449
691101
13278930
8318643
10181777
10256531
7128439
16241222
8161107
10839350
15113176
12203934
9379234
965215
2796853
6347162
3226907
3701362
11409850
469852
5525377
15332345
4092248
13929964
14508835
12071738
10640543
860162
2520197
862644
2248164
635045
3249132
16271630
13647393
1991881
6202076
9341335
16063217
10240730
1887770
10082950
12074887
15715559
10661411
897680
524157
1174684
12586514
4552798
15775787
3557884
11310411
16069660
9747752
10097998
13801164
2458335
15215713
8481054
648194
12765147
7830327
7520226
10335524
1618211
3783281
13651394
7727781
16133722
11070501
8269946
10277869
16371325
6518100
12860907
16488182
15645792
14832002
3481131
4939364
3405701
14610089
718228
13850889
6077952
5775843
9824277
14186464
1382809
1408349
3708069
10723675
8327533
12419511
12332706
7834694
9023001
13777871
10416646
2681859
7132493
9982742
15203547
7852394
10072090
6652464
13432846
2760454
8837561
15388596
9153907
1731573
7372836
9115411
13162124
8718740
15484207
2161044
2852088
3180315
5998671
6564483
9774343
8555866
3910454
2588779
9111869
1781042
16181526
11078445
7166965
958471
8474502
1793927
764228
14805377
15965977
7761656
16005395
1464620
15108640
10811520
4392556
6582768
14602018
2234935
5048622
15279068
6920965
5700558
14241191
12562729
8209595
12368155
2632944
3414679
3068332
4010035
3115396
5453455
1541315
2300175
2279236
16110410
15954512
14212063
1756856
895336
10264173
10806979
7282738
15698424
16572231
4485984
616649
2759776
15023796
3878144
15365128
6218738
2351728
14723427
16156420
11325331
13677690
7700430
5039586
6357062
1437057
5874699
14387684
9901710
15850628
3142358
12023389
5809016
10091685
5831804
2693504
13975079
16411899
2633873
6434530
4725033
9838249
11630650
305381
8887746
11605864
6766847
15606311
3054571
4528491
8286335
11865921
8573956
12399610
8648307
12279839
14559083
5708744
1061771
4198038
12376484
7367470
1652831
6876292
12393679
15129919
9226570
10962034
3579103
9879617
7875461
10167654
1413157
11465710
1390791
11167897
5501309
11480469
9151608
14972847
2631743
4513016
6197690
12088761
11294308
10206414
12271031
1197688
14410141
14441283
12099381
10707697
9991423
6015820
2644825
4085033
5741047
2836000
843601
933840
8322778
14073898
8169352
4841980
14312146
5739610
11353151
12179606
5439109
13873023
4919695
2461805
6549648
12082226
4468183
10572582
11921091
9425094
12312963
5657013
6471463
9924067
13882454
11605533
1259299
16184020
11877287
11374508
11390853
2730106
14245706
9657152
16143813
14253469
5076282
5543616
8204049
15822542
6315424
16011610
7164362
3298600
881294
4785211
3105935
719859
7338306
6476126
3437125
4068622
8688667
12675509
16569133
441117
5764339
4230199
11735036
6656122
11026111
14844257
11122236
6178284
3577160
9942661
2359157
9963517
15066404
9954731
5509630
10633613
8280325
15449199
2258585
3101878
14795756
1807547
10125101
10822282
7561067
15445744
3556707
2396211
9183866
6148441
790257
877395
5643834
3174515
6010330
7030449
3481957
12419443
1319454
1322146
16241469
4292524
10341227
384616
9979978
8823369
4543987
3603072
2491872
6721107
16143968
8060101
5031607
14975786
13687422
4289436
7241603
4244855
6431749
13683638
11068320
4248896
1410450
1378691
12915033
8479827
7769016
10600585
1681416
12527262
11932571
12150015
2460900
4623903
5396654
7103485
4195513
9885398
2732807
12402361
10525970
14477377
8058333
15623682
7121226
13448141
4043399
15001895
3754121
13074210
6768141
3980647
11231405
12559938
7592184
4296684
3393617
15854416
10008276
12175503
10081901
586640
11992771
12126431
7115477
1714886
1488301
8368174
10647855
7499145
14860374
3968793
9778460
6161555
1210371
2528175
15799771
1353969
2002281
1015689
7458354
11355034
380670
15776489
15395726
16336806
9705330
4342028
13980435
13722722
6022783
13916432
6205976
8719662
7008530
1492995
5994017
8793974
14404511
11940903
10215534
4303685
5268689
13874758
8155413
7490495
4031385
14964490
16498973
10083375
12896201
1692117
4703152
6751965
10678167
5549895
13092387
16180631
4968139
16003445
15768060
14557392
15745793
15973466
2339450
7623322
11909507
14324584
5178223
11684329
2378503
5314936
12260730
11378867
8096728
9240587
3111841
2686127
9957614
4384457
2485026
1795061
13119688
14513998
8054140
8852726
12454800
3695785
8740151
6713646
8639683
3215783
6505513
15053400
7337423
4065051
2993426
5680756
13802019
4093620
6762296
1962538
6371399
10473058
1115240
15681047
5974149
5861640
11504685
3751780
13110258
3028716
3670714
3212456
4459185
4802199
682266
1918330
15456895
11260679
10913303
10758426
2948132
4622080
10152776
5514081
2357668
2456098
15469408
13151229
10538011
12534157
10524099
13506982
2581096
4846482
5747054
7758657
3082023
13462381
9937798
11224203
2478641
13879588
502870
8614863
15016697
11646652
7574409
4550457
13381710
6741517
13545477
15026743
12253765
343126
16498577
13027932
7780991
5779261
4629241
4922325
9385540
9838438
11402693
6946703
5396700
8465976
1276957
12333786
12255384
11846669
6123146
6381338
4660969
1918357
16407954
3974388
15996522
4406885
746084
10010849
1672604
15743612
6058268
12025338
1292736
3411650
14647827
2125290
9354164
16221878
12420499
4358095
14015270
12806638
7545019
13523014
15456264
14214100
6829898
3775830
5158956
11698830
12047577
718179
15101645
1977939
896431
13684229
13758910
9479226
12150791
7943541
939536
15870421
4034187
11838307
8204046
10401297
15553851
3691706
16240419
16233171
15052820
15738047
7008692
7954080
14253458
15156340
15383342
1000095
2772189
9138283
14741654
3586608
11139893
16044230
5136731
460873
15637554
16528535
9860761
5497097
3938478
11010155
14369561
7644055
3022521
16550923
15025111
6899291
4254634
7587506
16450616
7021849
14087453
1460332
4208511
12478335
3248539
3822972
15618758
5497084
764764
6885889
8785145
9106063
13320849
10735382
5100772
869020
8407305
5349437
1354325
16435329
9076190
506327
4084114
1911058
15136585
5841240
9818201
548051
10499761
2892587
8851851
12104639
13678880
13752344
11038054
319088
4088108
5917482
10801438
6064310
8655294
4226190
5590749
7571815
511418
4351646
1812805
6863200
6349926
6222303
13296773
3722439
2928845
2476074
8627001
1942794
11214666
6513960
14582116
8277507
16236134
4387307
6104357
12640519
13616348
8044894
6533775
11678314
12749884
15831719
9641710
8892866
7607342
8312803
6996762
11662188
9893745
11719171
4256471
13755571
11708083
3625721
1567343
5396060
5437418
11805933
3869077
9849553
9912139
3150154
14105263
5955746
2660293
8442016
16169982
11018799
10885640
10462542
8913147
15929000
13484353
14263314
11144516
14104413
1884525
2340159
11399387
5085736
13296460
6022898
7015622
15059206
6735815
14648849
6018128
8467457
13306649
14446363
10216384
10678016
6722016
11697580
1326434
7337397
7565742
6119968
15798424
2998176
4503712
11828949
10051150
10684993
3072299
6836824
8227046
3271396
12401470
7393143
10557571
12119057
2180112
6616834
332944
3390422
641323
7489476
7300548
3226197
5389185
11371288
14480934
10110052
15145927
10140164
2172909
1478251
8417764
13138457
13229927
13878168
6266098
15312849
15407406
3979860
10621065
1233315
1561491
12270819
10981747
14314484
9807047
11905224
5588618
737476
11869994
9048967
5805204
6923818
3626299
14785018
9337954
9969642
15091401
8152338
5812494
14991281
8861306
8016831
1106067
11817740
6531958
3676026
3905698
5427717
13329065
7441878
7908316
14885103
16507078
2580854
1672535
6771306
12145996
4271651
11227554
7562551
15140460
15367352
13523588
11613987
9125925
10766751
7000142
4799254
8178957
13205029
14012063
7744933
9993743
12112946
5668082
1226905
2380017
8865541
12493804
6933439
4923395
15947506
2741253
15637606
6905242
6917838
6222448
2370765
15496771
2992564
15665265
16161450
11213999
11651381
7159456
9790850
3197324
7929243
3412843
14378488
15284306
4144335
4985814
14499931
7836124
13622145
7135281
6201571
569399
5268602
1269676
5201532
13937634
2150034
13993780
11189497
6559474
9137939
6706177
9510964
15199855
1805718
11818926
11499222
4011348
3926396
3761599
9090263
14117683
10298756
7405707
2194996
8207983
14849738
2622821
13202768
1646000
6107379
3578757
15497967
10026323
14693456
8870750
3166138
7734133
5015212
6545458
2395965
10751469
1782397
12224978
3216901
13963514
14478909
3108405
5582928
7494415
3291952
8365394
1291851
4989618
15304652
10136460
2404786
1020713
6572286
5410161
15123325
5857962
13559457
7660245
2266655
5321189
10642518
6830310
13470925
4037498
3348353
14529046
12274583
16576252
3451767
11643518
15144207
5298270
13993884
5998107
8292896
3041848
8336621
9171370
8289152
11704458
448048
10021048
11834299
4674856
11136060
2739260
11300165
7702546
7289321
9119866
2507860
9517446
3860668
7174934
2249196
5234733
15188563
6378487
3362011
9340846
16175811
9788489
4963747
4280064
8266323
5593773
4470954
16462765
13901217
1038599
10278814
10360582
1490644
1577390
13526024
8672304
10293118
7689769
1633633
11091113
15214586
1235500
12072775
9137941
2414700
1019572
15492885
13604178
11742174
9250491
9224744
16356293
5418248
12712869
1597725
4128411
3819816
10767576
12066397
6910944
5908813
11208645
7099431
12045774
12559071
8101640
12677030
12445096
15889828
10393543
8767586
4467460
2386696
11744107
11078246
1871579
6847391
6886418
12814329
14483797
7494313
5846775
12919910
10166667
1911362
1065879
4670067
10613660
10731351
6123078
4224248
6181237
10134398
4419499
6781606
5879325
13341670
4699029
5654651
7219128
10011601
7071909
9692079
561321
8541833
2355395
12775058
2004539
3302579
12961872
3613962
10383873
2937928
3905958
12132336
12503672
8090077
13596896
592148
4923973
6129082
1178609
9764237
756625
12486401
5573152
15050175
1788955
7980193
2503139
10738447
6960196
2697464
16504847
3246872
1095485
14646643
8261883
12177119
8564565
3089989
13178909
9667387
5716214
16320388
9968468
7197180
6016153
6665389
9889341
11341861
370544
8816264
11785770
1231796
15125280
6841416
7015255
7696390
9876629
8777677
5467637
10565675
3017752
14514354
929121
8082001
2256375
1381433
5341221
6694790
3432560
4379142
5339592
2179656
3597260
5748652
16280368
7087772
7671443
482093
6477819
6951977
2589619
6837031
6995355
2127005
12944625
14339938
11938242
11969110
8406102
4142575
9117170
13548843
11911552
3083153
5574454
7669030
8526628
6832328
13442456
3491774
15954083
7202917
3100130
3378513
14141426
11573283
14771311
13057001
6947201
3164023
4722913
9154543
6520217
4486076
854800
8207913
13142033
8116527
6247676
12483649
15302312
5513135
8236347
14752963
14444555
12597303
3371985
6922146
14550555
13412963
4264420
15366961
9450673
3040685
9720835
13258585
7192409
6963525
9529569
12110852
12822178
6386045
5873203
9806242
1082498
3622903
1241552
10901390
9114869
10502665
5202421
9420504
16049620
951073
13857533
9278702
8984519
11183388
10384736
10443710
16095923
1451171
5844884
11473408
14414533
14730937
12474939
7694079
2700574
11820813
7946498
11472046
3951939
12235139
2473517
2008852
2241845
9631267
4942495
12348512
10311393
1616219
8950830
9744264
12372801
7742748
2542464
946448
377215
2074151
12653977
5081744
4150511
15747889
1346895
11402939
15050161
14118850
11567175
8295550
11851016
11524496
1690697
4706426
776260
16177117
3544812
10117577
10103849
10249240
6331196
9572740
12756919
3648886
4251854
8783408
7299917
8146347
12987199
9428116
4808611
11320892
1033549
1472024
14112893
9738760
1921788
9086504
8841001
9179689
12153527
6369944
6519357
7818164
12135381
6330750
5097158
7534538
10614894
9573275
9302119
5233799
13448039
6048364
13426080
9006843
3546782
2277003
4669901
1085239
12351156
6351576
11321534
1088951
15373494
1348604
10420853
1845442
773225
5431673
1951550
7211247
4215563
6633985
15715380
12775738
4785795
4864090
12878296
10030344
3975422
6807520
6995900
7017600
11703680
13190662
2609546
1132078
14893220
15754238
8960150
9090826
5242134
3907827
8553193
12245972
5100483
8334851
4197423
6069667
7011173
689409
15328345
2623706
1663406
12104250
4029210
5619353
10932727
9844844
3722237
6004196
14900749
10816570
3682083
11262334
12486339
10885348
9165511
7230513
12978721
14069144
9474622
7856929
7035811
3860352
6822751
7397866
3642966
16540665
7782978
7854418
13735841
10388721
11740627
621046
10527976
6572159
5743473
6112934
2894388
15123745
4020485
2619065
6433711
7901541
15064734
12542597
11001476
6134186
7735297
7010765
3895139
7330113
4074298
659383
1414743
3097356
10530406
3910508
1910400
15403198
6057079
12311120
10788810
5640955
6495942
5398197
14022501
4389218
1960115
13924901
8933793
4192492
15965896
14560371
5930796
9021453
6702038
2375352
2922835
11177737
5487846
16483898
15682498
6720860
1099780
2715766
3532182
15849431
15308124
15793024
2242122
7661176
6109899
15578385
10601700
13067781
3389281
3168948
12244795
3549671
3297768
5994085
4255529
9090622
7027674
4356790
13446513
10587166
4335409
8406726
15227356
5313543
1296241
14281860
15526004
335370
1716367
5237655
9713297
13595747
15447988
16346390
8492300
11289120
3130402
8370108
1249269
12491663
11560489
7224407
10379659
1985171
7236497
6332181
9978833
13876424
11006284
6977843
8421078
9906543
16170246
16380978
6335921
1577016
6137275
5449078
3183381
8940937
13667272
2879169
7844900
1861906
5594143
6266872
13462529
2834928
8896092
4033312
5073814
16108849
3168339
13103794
11909178
2975200
15426061
14278848
13329368
11434194
8273707
3117926
11893179
2693746
4693168
4572426
3888220
13342765
4127321
9505631
7710121
10202508
1837485
4453267
4033623
16093889
6478333
1744343
14575175
6091540
12379614
6148443
4141576
14432785
14124380
8279169
1204566
13545706
10788715
13906909
8127029
8267229
12083328
4763292
4984606
2477629
4358486
12031251
2327349
16302294
1469747
325532
8425486
11400306
11294663
11724698
1444381
7501609
10425111
7119984
7472125
11557899
3576694
8038945
2340211
5470937
4999436
5641834
11102181
1498383
8750534
14777629
320297
2938135
14169410
7502489
357094
15217275
3297413
10768875
13753238
10726121
6165195
16005643
5757704
8239542
16522337
13393246
1925076
3454833
11513327
13484313
15116224
2238556
3782508
2256673
14889158
3172717
11892670
8947318
3053733
5518263
11977442
12188926
1459436
14525785
15285550
1046061
9634978
1821061
1418512
8218485
609064
9308422
4273229
2735808
15953043
16051647
10773879
12017656
6109540
15015172
9961026
3484390
14259320
13340404
5808539
8862835
11256186
16288184
12409386
6966098
6558457
2376987
5763269
14280859
14695193
7992831
382383
14805791
3417494
15536810
6998380
5510890
6682108
1733934
4981446
3808102
3057940
14923308
1648978
7138203
7484801
3896834
3465439
6727196
5811044
13342539
12242534
11738095
12360446
6937531
15530998
16296937
15544547
1680150
1572304
2975960
9801970
13790556
610220
3932636
12018674
11693715
6159650
14523806
7164672
15111949
15470137
13461716
8450672
7498713
7144619
3153979
6252086
1034854
16504214
2650803
10658991
3830321
7655372
715716
14465868
5601850
13810422
8554228
4886465
8060246
10009364
13846798
5127830
15697886
8660545
14431756
12662823
14470340
1001977
11609345
10049895
1613641
10378636
2207068
2560146
1664086
8957723
12101407
12126540
10749563
12138911
11854486
4759258
12120808
952142
4585603
3497403
2881996
653913
4034262
6931633
10214773
15789045
15793090
1999317
13840483
588157
11547246
12188074
1710613
490843
3864262
1052855
16272176
12115180
5745777
11144103
10171750
13718012
12982747
14883112
1000979
9427963
11118436
15285309
6181039
9954090
4529034
4798582
13965912
11668378
918103
13155084
11046416
9698034
8716285
3926930
6760639
2436871
12155084
7923541
4607690
6131625
13552797
2985752
10882470
8786284
11110138
2226378
15310974
12857714
3423999
7310578
3758102
11547176
2928353
2668773
12433152
4892889
5541858
7616561
7238181
8933204
13899793
10525915
1659875
9757850
7489599
6552956
1079892
3704368
4336284
7496774
4527856
15893316
15220819
7382086
1163006
6949703
3807730
3987756
10477415
4035021
3748021
4188177
15238340
1121822
9216241
4846493
6432370
13575120
12052565
16130679
4408235
10741926
2109789
12882155
2774408
12665422
9524816
14457413
2828795
6279026
7059691
7648849
14953157
11700009
9498779
14512188
15533072
14551101
10698277
4199301
4013930
1248479
3995745
5281779
6693768
2851702
3954237
4652385
3118319
1620147
9813719
11483758
2748959
2434715
13802247
12102188
10957356
7141904
9181375
1346117
15455371
2865727
14899558
5210386
5999608
7769975
2432225
11504638
1831582
9528230
9160864
4047801
10402967
12610147
4106529
14915946
7361042
5179133
4004933
8821154
2147059
11839049
15039797
6526193
3577711
14268791
2637689
11720139
6781019
3623911
16236899
13672600
8222855
11835474
3263375
14316017
11707629
3484185
13183099
1341110
11219867
15769285
3533270
3439444
10460819
10280312
16342748
13957042
13330427
2303080
14866451
13586682
1897113
3113291
2028126
15791514
10387338
6117133
4442514
2299986
9197443
1317104
5012683
4278581
5418337
9183809
13182938
15330102
11574518
14273279
375765
11722437
4217695
4040824
12137026
13163486
2859739
6270393
10360546
11595309
7694190
16583793
2820571
15132991
646941
9753340
5450662
7886173
10122319
9886368
12844269
3146600
10799801
11804952
10196475
1436160
2926399
12289594
3323412
8939852
1918692
7477889
776053
3834058
7919069
8018388
8680200
4964137
2589934
16361224
10587491
12560035
2212050
3620810
7589335
1022702
13814695
16309390
8684154
15319405
15586475
3232476
15424600
13533809
14611144
7827728
13234519
1170927
11341981
8673489
13770077
14973435
14959584
3862327
2231338
6318911
1713664
9870902
7272758
3083481
8197590
3383016
6768420
2040887
10265810
4733425
3280244
10981334
9675489
15555124
14309376
7268161
1996545
9443095
13759754
10833566
5426944
8109159
1149261
1919872
13151965
4401299
2700920
11248952
11176471
4599347
4331165
9469548
10378596
13481044
13760295
15767129
10835058
15718958
9092181
16496891
5139868
12637116
11095957
7785838
3900381
9523168
1534240
13248164
5899143
8564014
11610447
12210889
7081453
1239555
3054796
4348500
3100109
11719261
13843132
10491690
4140423
11714515
7052962
9901347
15222745
2326827
2472051
15790040
5442790
16340465
7558706
7983985
3521129
13266260
626780
6953447
1253579
8862323
12627604
15461110
5115162
10905067
1946627
626924
14507518
15319081
13213273
1193422
15602045
3319870
3213218
2395305
3659180
3161410
7684978
11574401
12889599
12656991
3840306
6511749
2668326
459668
10076469
10052962
8162383
471972
1094192
12657549
5072965
12366491
4405234
12951098
6120099
16545805
9172467
16341931
4737359
6525058
5762248
1123970
7095821
10157718
11201782
10580565
2412237
10734777
9147874
12467930
2944355
8695768
4583937
15749209
7951470
13472251
9650197
1781465
13568936
1671226
16340951
14406825
10520190
2997777
10701037
8275276
14317952
8856777
4516767
2412598
4870716
767464
7931039
4384905
12022408
13243577
11939996
11349846
7549137
1800420
2779804
9632620
5520616
15055370
6864100
2129244
1636374
11703567
3321388
8754623
9145523
7045935
16277740
13577726
14952098
6755550
10419467
2682964
880073
3044053
5724098
9187955
1762303
13738680
10052145
9976756
12039163
14397408
11528491
13292107
5974200
4316403
10784111
16012013
12862087
4178934
3049194
4468582
3372317
7408943
4765354
9107905
8926682
2746483
7233161
8337417
6021333
5578632
8644901
8328744
9432210
8501544
3686631
2244861
14662944
11867571
8038283
9617866
11634217
15132441
12664018
5393047
6388865
11477361
11400837
9648734
8631970
3703087
11133918
7485381
5193053
7422497
8164934
15151749
7606308
15397199
4595280
4688093
3055842
13769595
4464222
7570889
6884455
12049412
1761804
4574579
16072685
5975375
8792296
3412555
6483101
13556145
698644
16070343
7671827
6468264
2656344
3956347
10092870
1080505
14762872
4120849
10317512
725318
5039083
14695392
4415137
1943747
3178262
14939227
6390841
11571302
8311982
894870
2410808
9762370
6415445
15741429
11523270
11869078
8398265
9092775
2882787
1880589
9252461
11979043
557672
5530060
4448618
3288124
15746809
9219969
7945162
4655255
9002002
2360403
13048273
1512386
15202733
7539109
9844594
4703624
14398428
16573948
6789709
3033868
3297166
14747454
2387916
15271564
3499476
9985520
6508305
6944114
8108750
4086974
4710088
12141036
7680263
11819709
3794342
3305757
8687930
5400456
13812180
5429467
2612387
9878412
5351870
2399887
3590227
14675221
3425665
1569907
2108016
9963279
12646026
1232291
3468573
10565131
14198934
7118780
3602700
15526346
4009080
16478212
15212657
8969640
10607708
1418411
10129307
1144013
9752933
5590050
10386501
14816801
14409853
515027
2845146
14505637
8499016
9349162
14811879
9927408
16550344
4841981
2373220
11594187
4457469
11927720
2020885
4240151
7840999
11854286
9049006
14874173
1042088
7710928
1845669
576823
7813918
6679501
13632847
12866050
3437457
9373597
4232694
10006632
8073330
12562982
3028697
7384639
11278634
5210400
2099585
16432742
5889215
10686082
7719830
4360779
10838451
11359929
2904597
15288886
15933749
6364958
12403529
7973894
8417930
8039944
7877441
7253272
8103178
10991783
14921891
2917320
9844956
4021605
5710350
12627524
1919300
6348756
16043169
16159046
13691210
14549517
7938476
11310767
15606999
12388865
6689867
12530979
13182774
6019817
14436861
9034141
13154725
1923830
16069138
393138
8021976
5039853
12142520
6209792
11149767
8970242
3011079
11865641
9107493
8829476
12283953
1147601
5803945
7730850
5099819
2874414
12264377
5124029
11259226
13303785
3784832
12265064
8615745
14733739
4779887
11013502
2390262
3640588
15934500
7327454
3853245
13978905
7869290
9368331
14082210
3962093
573097
12191775
11721430
6423422
8273047
2688103
2302879
1254745
1842675
8018415
2277642
13080167
2688067
16252993
10784086
8461717
2010606
5338330
704494
2430377
9393730
11877249
6428719
12091954
2540889
8475449
1896026
13972051
15739437
14058450
15469739
16103610
10979069
3439351
2588354
15125163
13618065
10916365
13457274
2043184
4208301
7710327
14816275
11337138
13201746
11297703
2059509
6194109
993203
9844436
12079375
4831619
7623466
7806146
2864466
2899181
4721346
13371307
5348559
12479627
11293660
8058826
6965847
5958277
13320111
12939353
16372036
6298276
1041258
15572534
4197867
10918964
6329301
7055942
8975725
4788072
838436
3753226
4630810
7098307
14922786
16175408
3972627
9837183
771104
4016128
16495578
10467790
492774
12192336
8256921
9511544
4266831
1809944
2669648
9660727
4740221
12865222
6220742
7342976
16113368
8975761
11678397
11171995
1751926
13991344
14613932
14510418
2009986
12889022
3457530
9606106
3326102
15238741
3166769
2860164
3133052
13330570
5370530
16401529
13440181
2176871
13968009
5293936
1300300
8955367
3749131
4246203
12104232
13137826
1049648
14474070
9174873
11035424
3156489
1308586
10545592
13694644
745948
6769393
13708286
3807041
5821039
8910373
509661
6723334
9907856
11972794
6127431
16411986
12532291
4435915
4816384
15175377
6737145
15334915
15617024
12954218
6333325
13039766
10579438
8552748
2549285
10835511
8580107
7530818
10482868
8567515
4636586
7060334
10496347
8643103
14029687
1974746
1380874
6524779
3406438
5242193
5574459
4607770
13521337
6524925
15405946
14499506
7069371
4457203
11990518
14974082
15932751
7784175
2412929
6551904
13940338
5116267
9962465
6935686
6640556
13387445
9904503
14470391
4984978
5525506
16476866
2862434
2044350
16519245
13790979
5749583
15687926
4908575
8633546
14522286
15251128
5588821
14396947
14545963
13643598
4222744
16142588
5566862
4625223
11048375
11282468
2734206
5221586
1230643
9039764
12662031
8201004
3695952
6746513
10558104
1591807
1861719
5974207
1784166
10025791
11429182
8696278
15936597
12721773
10792738
6608136
874403
915767
12052670
3873990
10180877
1090746
537254
6922894
737159
7722675
5230195
9423917
3496723
12779601
12883121
15806603
9768085
2776291
10971326
12314114
10612501
5171102
1806941
4062200
12509640
3559448
3062223
9710984
15845805
2298017
7724842
4735007
6909624
7804516
15901023
4120405
12091866
7834142
5234931
2607983
9563610
5766560
8973035
7280855
8213361
6021505
3343199
6067344
9517646
366761
11095544
16291269
6774501
14011968
12717709
16225940
6493831
6340457
14046012
12439890
14965259
410865
13537748
8313082
4006295
12966364
14068797
16105601
13424994
3110566
5364179
7309878
4688866
9012484
3396139
6222550
1770995
3437992
13661210
10504441
6916925
11941692
14681760
1715096
6707917
6974056
15450815
7250655
7713060
14363145
7742919
13682077
1007205
4223676
10553852
3211148
4293938
11460248
5626433
13755716
14650274
12400959
3136320
9341468
12328824
8333684
7240338
1377086
13886558
6614170
13175525
2985499
12198786
3486716
9187380
6489031
8957305
1639213
6267518
14560032
1530312
4964718
6459120
8022760
3982605
7553871
13795546
702066
8987527
3120168
5605085
16332484
9330632
10724051
15101931
3045904
8082011
14106518
7038123
14140738
8807536
13672122
1128530
14194224
2862946
4746523
10261180
11232508
7544852
13917804
13712407
6777601
10387425
16590280
15555217
12592358
6016965
5662563
10691924
11807830
15140862
1117775
9789358
2115859
471995
11575024
6688154
8432830
11697438
6103411
11173449
9384025
3651056
7487027
3316392
11639915
1198336
5503103
9076494
14633386
12887085
750909
11977560
7944465
10423585
15685806
975424
1516352
12804269
4864986
7356105
6994810
309883
10445145
12129952
11459801
8434921
12520454
12235021
15928651
7575235
13992067
995472
1068458
16560423
4073209
2528774
1457626
3234597
13163126
4543840
3237401
3322589
10417814
14829178
6735603
12135293
13067324
7108441
6691063
5943022
1482091
1507202
12050159
4005912
15635749
3306084
4233314
6377957
1433999
13648793
9940562
5379729
6137182
1198588
13997477
15822116
7511642
10193242
12427790
3092797
7487025
2297208
4819188
5242592
4703240
12336156
14970884
1500999
3523244
6236816
826460
15705768
9779555
774003
3429720
1934630
10395083
14115594
12168224
15577232
16354847
9278670
11143179
12827429
535056
6198785
14111375
7438095
1846708
9471609
9635464
4890312
8811044
1503796
11962407
8404106
5509763
12134481
13221494
5930922
16250932
8382226
3208177
13786870
6882176
8784860
10119290
2143626
5850744
9184218
14611146
8525062
13158989
16396053
6112164
1901721
2597383
964090
13498003
7312424
12873068
4024425
9841063
13865600
11433900
5511908
9807451
4192829
14792473
14554493
10534352
4227365
11710081
602486
6353188
15238515
3333406
11628761
5904618
10881478
6600466
4854716
13370740
3126644
5126523
1493430
8674749
10963974
16322315
3221371
14856539
11445301
15755858
3964743
8410621
8006036
14249253
2789505
16038025
1332409
9366634
14287958
7461780
14796449
662040
9532842
8228622
6355852
11985400
12269078
10008111
9470717
11906449
16140743
6796180
11216942
11036599
10654076
6781659
5534886
6849759
8546809
5472683
13202189
10557046
6290993
8120620
3656525
3613736
10497791
4468668
15694802
15861500
15716865
8187282
13987123
14541741
6694300
10840477
8464763
12807160
6346509
15814411
12103055
12244034
10036977
4004276
14867046
4055104
13825274
8855862
7594630
13998367
6748797
10562571
3725022
10107526
2581023
16140709
6833493
2333730
6271357
5279511
824319
8915264
2071735
2269586
2150091
9727575
7922710
5176019
12608251
6007334
16155530
8030236
1325080
7148626
16382548
10405995
8025241
10160403
2582889
6602780
5515953
12835569
3347201
3583934
9547996
5226297
13325284
15127021
14449531
9803316
2647564
1419983
3770679
4260767
5488931
12650541
986026
12280970
10515367
3148679
10026664
5803180
7958401
13711697
3011310
16378529
703313
931821
5501237
791020
918131
8776221
323891
1402969
7255316
13104823
1998873
3227444
14341263
7783091
1283483
2540874
6143298
9299328
4459631
8744685
6308776
9890069
9805056
8774434
4644725
6763905
5605328
5918639
5127282
2778949
6186151
8461659
2055731
2214258
9200107
4944008
9908089
13221150
11372091
9191579
2309673
6524884
6735248
11503219
1739887
9444002
4063319
13200460
8156816
9090789
15226187
9860149
5852105
13232507
16303768
8896034
2950586
7441736
4944451
3918440
6912666
12557017
10242394
6941003
5596305
4629341
15519833
9218259
7007152
2064573
15312525
14732864
7505086
9379610
5709352
5194827
9786913
11068227
9327816
758187
4693219
2331533
11313340
9358273
13561960
3372354
1921847
7556956
12544454
14202994
4646561
7898251
3630721
1331302
14982628
4533566
14331193
12765165
10268573
16510322
15720107
6926303
3739133
12536168
4101806
11157361
15699565
11196384
13034550
9989178
3384674
7991571
14481549
8443503
12940988
12412077
14254546
6386958
6442442
5826341
2860666
10685511
2100235
2691331
14044115
11201005
2782292
7209808
12688083
6196587
10929671
8712075
11856683
3547349
2411912
2404356
14650061
14459490
1954654
8205117
4184344
4929174
15567842
11084247
2484263
6900136
2112367
377341
1819159
5424230
8354330
7435410
9349694
14083974
3835392
15545873
5454989
6582033
4161807
1987782
3375002
11241234
5585768
6422240
2727341
12734825
3911890
4212174
15947996
11356140
2907932
13196068
6441160
2588002
10564282
16399142
3615729
16348150
14020795
13085250
7397052
7232886
6944473
3150881
12154518
5584468
5894342
4108641
14753213
13501257
11401834
1331258
6240022
11411645
15954947
12092018
11892307
4034508
8726200
9828614
3069018
15090189
4964381
12235731
4358342
15673032
9525890
9352222
8288443
12301637
16505196
1369186
13325314
5414894
7728012
12717908
7425612
11122022
1089341
1085998
9377512
10807195
2556210
6945176
7100689
11261446
5439650
14858968
10977861
6213890
6290660
14529561
6251935
2056036
6105959
8594141
14587526
6906528
14318073
3968394
14023857
2721196
4990830
11917096
7333009
16180342
5648624
12456598
16482444
6784956
9423902
3811685
7814881
2887080
6135605
4318020
2361923
3432347
1248637
1332779
1080706
11635786
15969308
8677188
12803136
15895726
6131036
12463422
8903023
6280275
5139312
4998684
2480501
2168427
8826406
15982111
9976102
14225508
10608453
15877982
13421242
3885874
14997349
14303066
12261681
2766581
6355335
4233493
10782863
806822
12202550
11336233
6224036
3198914
14521149
5788611
656790
12958766
2705330
10940203
14804197
2529406
4430746
3311011
11836637
9466211
5175456
5039004
6570706
14036807
4629251
12184877
10214115
14695502
6160651
14321216
14046102
5625939
12559777
1295981
7045467
14166848
4240113
3796376
1050061
2722771
16182251
1859346
7432803
7207174
16092904
13951567
11164061
3846056
6317950
1526692
4445835
5322851
3649699
11379906
6091973
5505538
14761679
3259468
10003900
13962343
9180483
11772000
2194648
13417295
4818414
13016864
7605331
2517582
10729025
13198836
10087956
16514520
12753112
15437425
13022835
11224919
12756389
8305788
11503956
6846342
3571095
11556004
6939804
11920937
14022591
16330469
4595824
10540448
955284
852752
5152430
3215948
9266324
4612454
2733940
3555611
15691795
1069889
14838752
661906
13251060
15860787
10537799
3978315
7269432
3848393
8905391
13623296
11444027
7154830
3820066
13974765
10188471
1621542
11694983
1827898
4251957
1467021
5898320
12940184
1408467
8116826
11967699
8239795
11535146
13393122
12510137
6044210
5246354
6424679
16373568
7459858
6160199
772779
4805987
11806475
7931485
6949799
11683160
11564658
8153068
3546345
1801607
10056278
9765977
11318439
4578425
4876509
3301185
10318702
10397750
4301655
7381531
5246790
10642723
5875329
15644181
8114191
5195345
3416768
9512456
3170245
2363591
6938380
995948
3813833
10422072
11657462
14866342
5726549
14347880
8041297
9003888
15755215
14357482
12765801
4817727
2866332
8622629
14242831
15570163
11414601
4423953
16189227
13257542
11482874
502765
14494552
4934775
4297552
9919020
9112449
9109822
2581234
6155883
12337125
9936157
15331361
1865175
11619754
4691300
7231855
16543468
3257088
13730634
8947152
444283
3920528
11951510
16208850
15526056
16225176
1326568
2338848
5672822
4940368
11042746
14763127
2585153
15954104
7326169
8929411
8373692
10961345
6823842
12610529
7863344
3473053
11990907
554529
14763947
10944309
676024
2110268
9488949
7684375
4953319
2205237
15976844
6539965
8882854
13547499
8984599
7555296
5356849
1235065
3970895
1279914
5330059
12428346
5737580
11119834
3439646
3193722
16540166
5855856
9158178
6596868
4006734
773399
14288759
14219141
6616203
658270
6150804
5834650
3378086
771514
6930820
6493313
6465656
9453826
13697197
1492394
14869417
5294042
4440744
2683728
6422806
13348119
6602110
15448897
2604993
10546322
6117406
4345372
1503795
16542954
3979470
6709806
9679717
2645431
7602909
3795764
14430645
4637971
8162919
14662741
11365071
3017493
4471444
12742463
900059
9640318
15792640
8083092
15083952
1999031
8308607
8709971
14788603
9948263
13225995
7063114
8800187
12333346
2660812
4010745
3390906
13777874
16594901
658368
10328899
14447467
925414
4591725
8221394
8372776
7303914
5802649
7343017
14033189
4624015
8289757
16444249
9300433
15700568
16554227
11113334
5850763
5422332
4715413
4670540
14836871
4078837
12255153
7534372
8315357
1085891
13616094
4346773
6018021
8774233
2897621
1480690
5815976
661165
14283940
13142016
6098375
15523813
3145946
3472531
14173575
14180234
9813130
2175170
16235316
2505343
12975072
13244464
3399543
14115634
11141453
7791218
2562299
12481217
6761411
9729766
6820948
6205716
2317860
13819249
7890414
4916540
3626573
1691405
14438189
12665667
9179005
10561063
11332280
2014376
14680702
16498941
2764477
6298847
1792328
3707173
10590065
8190775
6567535
13800733
13166900
10003323
3982700
9212954
10086538
8499957
10576712
12110335
4447339
6398552
8851299
11270622
8919316
9968110
11661099
6480992
4693167
8693568
10423240
8244313
6792014
9827633
588584
6031666
9127621
1059213
13154323
13037175
8884848
1925418
2648895
6632658
3740151
8073517
3831340
12170117
7770862
7537331
14596117
9258318
10777813
7617858
331349
1020582
7745481
12150267
