#Seed 1459137376
#index showed the (transformed) postion of the SNP
#SNP index
6041489
888759
4910606
4096312
14994631
11573231
6937913
2233971
15166600
13608255
7141242
14544357
8039984
7909797
10055408
13163790
11604429
976024
9446872
4690538
4955743
3708141
14387312
6835272
4031534
2730886
8921919
3934289
9846937
11850662
7318707
13611250
801190
1792588
10819830
1143033
6446916
11088696
645548
11606581
16380979
3506202
5977039
8737272
7475825
11084224
1595992
15602629
7868001
5171158
7491121
5636685
9597493
14715265
5081560
6165067
11951432
6999764
5193595
11916045
7449166
4557691
3180296
3017022
15995252
7703386
7419042
6077361
9065310
15527852
12274340
7687118
13221130
12676221
15809077
8854668
4367867
1960599
5822431
6383454
12225579
7583965
10670550
9045150
8927295
5306880
14931908
9217633
9076353
3882780
10517606
10686814
8917403
15202151
5538577
3487090
10280594
2703013
8095849
3883993
15808416
8135081
6939539
3167104
14702125
12690723
3315419
8294370
8290998
1282841
13999879
8565266
4434555
4050336
1679931
13549095
5194142
6601212
12603619
6147450
708930
8087226
15881458
5449006
12899958
580700
13178438
4283716
15015482
6769356
12278267
12273062
14562858
9467161
8374337
3130377
12237644
3806741
1209014
6446630
2446997
8979338
2686507
11491465
4007002
3142786
15116213
12922832
3572726
3330488
7511502
14494018
4982120
7862902
12935919
4296931
3604949
7637180
5148933
2582449
16251205
8172493
4959844
10275343
9608671
8300842
9429171
15007741
16171383
13136053
16273643
5116986
1686805
1774801
4166566
12388737
4534550
9136156
16314049
8082993
4018288
16426412
1594424
16401437
14393198
5447663
9043937
7308462
1880482
2493393
8265422
16192368
4936264
6478498
2700515
16371439
16524296
9315717
10466364
10188321
3536263
1396556
6473104
4460773
10619622
4055723
2655352
11317282
1700504
16125997
14898400
6761411
9682317
10495832
996281
8893526
15328701
4085197
2322086
6565989
10768985
15745859
12652253
4956916
16224256
1317904
11589877
15382061
2447279
14317313
6901866
1389483
2526791
7580229
15701500
8071153
10403729
12520538
1999707
7443571
9905679
10261793
2435943
4507930
12898650
10719143
5999136
9704471
6506559
3162422
1015146
7429887
5914981
13817073
6555819
921815
8246593
11070237
5367609
8094123
16463992
12020676
2804890
6335288
16121111
4857036
15569867
4490821
924907
13983594
1654692
15998469
2502173
11647908
5087011
4271339
14702590
14773353
1714741
13571001
7608968
12954222
13902533
11685271
3102224
15421123
10623806
11559739
7687764
10447163
11875973
2057405
15349673
609553
849256
12147009
13909011
13122464
10580962
4153348
922287
4690543
1655092
5717354
11615903
4318400
4790245
11221593
7521174
3431364
10547305
7175887
1326991
7802814
7741510
2549770
15021580
8544955
4212080
12631769
701173
3763450
5492917
13626616
9616836
9688978
2041185
10557706
12664573
2303525
3840938
9573294
2780365
3462878
15502097
9682108
13283195
10920686
15135199
3762204
10666129
9022079
1185407
8139426
2996793
5138060
10363727
4295281
7405724
7134441
10771152
2803235
1819634
1740812
16092246
15562632
16563594
781232
7686799
10942195
11282531
10229367
10878561
4570682
11729360
14107540
2560467
12727719
8375668
10423858
13768685
4050898
5375609
15542044
1647831
931737
7631946
10631892
3783560
6689613
7580315
7909789
9447818
1182215
7999751
9246224
7643236
12441636
15495569
11201095
10920114
8832732
3136382
9532388
2523468
3885835
15113186
3616134
12375165
1554428
6984107
2134167
14866920
6908961
1099912
5580288
2489001
16275035
11453686
5865783
11978326
620771
16357231
16308572
11076829
8804119
8458218
13023148
13203208
8356468
11218541
11884133
6559444
4053558
7680231
3488673
13739596
14490514
12441851
12682267
13150905
9048805
665708
5685178
13026808
15282283
4738908
14704468
2030637
4050881
15488558
1445593
12847353
12858031
1949726
13546908
8138014
7637639
1217392
1249095
4189395
1539233
6599366
9859566
15487325
9152523
15576077
6063466
3230992
7909119
1393031
1270359
9300612
4036015
12418738
10470881
2598321
2772623
7635238
6764500
11570307
11221634
10204683
14828507
10158579
6181675
6596111
9057136
11312317
1701976
8762424
9495855
8362558
10807861
5743847
5344163
16146898
9381960
15609122
3792132
16424936
11704029
11941829
6513602
461406
9367709
14819885
11799125
14176179
9555306
14258301
11845910
8310736
16459252
4576179
1876952
13101909
6432654
7606219
1169302
9463045
15514879
9153256
4946745
1597173
9071962
2127947
2848569
6936266
1080097
8200180
13198086
4535023
10762115
6411611
13590638
10184183
1320160
12382416
15297892
471965
12724313
6418268
16274042
11131031
4568586
8301929
16590722
4393444
7995372
3588635
11580048
4517487
12287365
8725483
3776429
7911454
8139266
11160754
5523071
10099615
14329909
3370467
11212709
4501364
957306
7427931
3465161
12420301
831552
8167456
4818243
15387455
9965570
8836563
7794479
3108725
9168622
4624670
548861
4221449
9578247
3377199
4063074
9874052
5216324
12070134
12501990
4008721
1827784
1094672
14016699
7426476
16045147
15249470
7470889
15081865
2054418
6499658
310753
4040656
2128814
10621080
9700070
6720850
8022779
13712221
6247113
14637057
8543307
11636826
7110988
9866344
11794802
10311227
5864119
9248930
8808621
8757864
15739554
10929140
9975042
8975631
2013634
4340589
9028858
6539475
4626357
13836161
10438978
6868308
13641607
11807240
4341688
7562764
3700317
1938845
2870760
5694723
2302384
10669612
12057678
2523243
4373627
7477053
11955378
3410443
4978789
10780752
4310762
1130367
7386670
7492499
3270817
1451649
1544870
5100118
16478441
13424078
14267741
11116846
4419685
9884891
5689287
2148680
1678218
9979933
14453311
2836023
14202931
5328241
2701178
16058234
3928342
7145591
8653706
3215738
7744454
8805828
10544840
7334958
16206600
4822120
9703921
576061
11153036
9824347
3628457
9424596
15326154
10049790
11531871
1393401
9134017
5989237
11585491
4324454
3730605
5458960
8001979
4404715
12051052
11538094
3944121
12362049
12315764
12899859
650979
5498415
4764246
3998214
10177132
1284492
3528002
1765328
9081920
10634165
931902
8029693
952305
4218519
12692067
11026337
1849913
2530152
3397904
3280327
16189599
13514351
6503110
8234987
10726444
16001120
850681
9147744
13983425
10768613
4871071
14987789
4201257
14811080
6592953
9372775
10262200
2266019
13637917
682995
1596261
9587326
7506994
1029662
946214
5386087
928889
10339784
8293788
14700205
15508141
3319039
9573857
16250553
15645797
8707149
3577821
12152909
8814659
16549633
1795262
8560750
8712719
6930524
14864815
4793826
8295894
6344360
3690395
2474818
10486755
14453614
7397727
12631763
10110192
2422302
5770527
5825438
1118975
1949980
2957890
864790
12844191
7261250
14027161
3451258
12487014
2646313
11506032
11745030
4669142
15321853
3348317
16475463
8984599
11544480
6259183
3745666
10913696
4294433
4921654
1663260
4141663
15695814
12018167
6829337
3504012
7267970
15482108
1214887
7238207
4873173
1968262
8744945
7708806
3136626
4907044
2277995
6836127
13876169
3150780
11121505
2147613
5266913
16209230
2997392
15398956
11255443
5871283
3341878
3660020
6789873
16330019
1945851
6475385
512307
1985001
2542052
13108878
14826319
9141774
6746039
3550698
1390882
15847277
13177629
4100535
14896956
15116130
15599004
11392421
8895567
7232663
6957541
3753743
485428
10561472
12497026
12007030
9427134
15326576
3230076
15576756
13207672
6185958
12326733
5754158
12231995
14582213
14201704
15884432
4430485
4073906
1816081
5576109
14434640
11605993
3863023
5469895
15724076
11377750
4955542
4208499
16220295
6941779
4724840
4250021
5448390
1921252
8420340
2475046
6223280
16021757
15168044
1071874
13973838
11500291
8560777
968371
15607996
15801374
3419325
13313239
8501136
3984643
2938037
9170063
5936962
980945
9522711
2269309
1935762
12319320
8250854
2522929
14764692
15952357
9717914
6471029
8987958
15701145
13558708
5193039
9383768
9002743
9173464
1139083
8967854
4313959
9350368
2660310
12012495
5269927
4187682
10999462
12991749
10380848
7532874
12540452
7107666
6762478
15760770
1590214
747162
11281904
16375634
5113312
3166118
587281
2014905
10689278
8868507
16420191
14649829
7481584
2467981
1693883
8750901
16389797
9245647
14503909
12304261
2286736
14384235
7653424
8465380
6998088
14514024
4975113
6481527
3222962
10408947
1567759
14008523
14532687
15352111
6816861
16162313
9518577
13190252
2897893
11897629
11462655
11174721
8882465
9489079
15596962
7532973
1019572
11066125
8635415
6536969
6170933
9308404
8195516
634019
15717043
10085385
6819034
2378443
8847323
15313917
5059503
