#Seed 851398116
#index showed the (transformed) postion of the SNP
#SNP index
1789035
669866
14338142
10112597
12300441
4170473
6181515
2905531
3876832
6497103
8921919
6749537
6179689
2970415
9820275
13383544
5683378
13627280
11417400
5123561
3441974
4291038
4015707
6018021
8572276
10288366
3230594
5654175
16453525
7155071
7309267
5138908
891936
12102674
1766842
9664740
8227011
5371278
16413722
1512605
10883830
940736
12524180
9754100
11308936
15513522
15311937
8177903
11476419
10929490
10859018
4882814
2209763
668237
8363458
3902952
3956645
13976247
10883504
9951288
494112
8414874
11876008
4178978
12949069
2443766
2766414
4698665
9347183
16385235
4098250
6831280
1237022
2862220
16495045
12556862
12324597
12424410
14045244
567625
11371213
4712295
6165179
5033202
12658252
1957642
6792800
10396271
1515145
8947606
16507373
7454714
11489952
942194
4742788
11354522
4026681
9396659
2290663
3331779
1422374
7765457
15504171
10566375
10552656
14087240
4234168
1447543
4537017
4938956
7283366
3697245
4837509
5588847
10376136
13995111
13258896
10633196
7097202
12700737
15787117
2061099
12971314
7269316
10835130
1629017
5545816
2130192
1443661
4602223
7339965
14086466
4686144
5905012
3757846
10981706
14969114
10383789
9900902
13992708
431612
8421608
9977941
10623112
778667
8292655
16553961
10562036
9184847
11394105
3625322
3847020
2318028
3708864
12610280
15595068
10150512
5638045
4567298
10058476
10694725
2255873
7245634
5557773
2463885
8893018
15681178
12523908
932724
7673926
12340365
4997489
8708582
13078396
7371057
7380029
6111735
12460757
12234291
1051005
14826282
3859122
9036404
1396776
3562476
5445643
8600996
13962190
7749045
12638571
12433665
14951276
8155185
10097442
3919780
1161957
10394278
15483811
4489971
10731577
7801906
16470535
15607190
6178114
4865417
15869017
14682884
6509120
8945419
6837446
5054566
2927391
8568990
9419195
2936306
2704253
11393162
4337166
8186322
8318862
9689992
8859003
10900472
8638706
8107050
13941109
15332671
11204094
13876398
9940918
7020316
972808
2133772
5153666
7925572
7429828
3526409
12313817
6443303
15864574
15619240
5386112
7512343
14732665
6717039
12485203
9423752
15987857
8614863
16160830
9413658
7162224
9755672
16363203
4316780
15492908
6859086
12954256
8547143
307087
15113783
4208499
5331517
13044354
455559
4632948
7445310
14777224
8640379
1231324
12158360
14115964
13036562
3435908
9511757
5585768
6799864
3777298
8622779
6001525
9124698
6740223
11746984
1736096
9880849
12358162
3744390
4827559
2901195
14412726
7889324
13618284
12346156
7141792
8366529
11051077
10027986
11424840
1742410
9645449
16563846
13581163
6034714
12080889
5944387
12158449
732936
1714586
9725841
13746104
14332937
1449620
4857519
13280671
1296994
8636856
7095988
8203193
14032422
13446491
1319179
3406784
16506076
9579005
8666991
2144141
7641230
7100067
4554825
12399082
13965448
14652996
15669973
10746677
4241733
15766788
15687995
6725970
6030906
8378592
4521134
6955870
12248466
762727
12734960
12540510
11360653
11610147
9796879
7288739
6744651
11453243
1722543
2997248
11275261
4118109
10497595
11232843
7323072
3459341
9536235
1176484
10368992
3150012
16351135
6091665
4530486
12757354
14798312
3254534
9521374
11676986
9303095
10196367
13618641
9020148
10465821
13282459
3533841
1849865
16377194
12130602
6497998
9178613
12882099
10061611
6729440
5006649
5439145
564064
11629722
14183274
1910186
9313579
3925265
10916022
14644912
7630693
3870623
7750602
982174
11063028
1277812
14258026
16490172
3688667
9648455
6442702
5503731
10902196
14800831
14510922
15165153
10562196
6526855
9588887
4366388
369115
10308542
5268033
16218683
12490358
6293492
13850173
7450176
10562571
4203860
7952246
3847960
8938993
14724362
2180868
13976965
15593164
803090
6123344
3850449
8681636
15092173
3443562
2304658
8373542
6714377
7808571
12965774
13688603
2309495
11343072
15300185
15226162
856974
6110549
12149678
4111240
12528158
508049
6525949
3330830
3604243
8764290
10111817
1933739
15914209
14237762
5882098
5835539
13135111
16546117
4727931
3403084
13010779
5307736
6960657
10321452
12830831
3753896
15593132
1992846
13951811
1041194
5628822
11986270
1021744
15580431
3795997
14141429
13780389
6421741
2523468
14704903
10376779
6744568
5745545
5935515
13983568
1097282
4322287
7178718
14757541
14697705
9368483
8814111
6391516
5868803
742458
8832691
9335396
6126447
9887166
14069162
7343093
11231603
12206109
12292815
7968048
2160540
13068389
8841437
6194845
12542564
11180043
1683902
6807229
5329112
8197225
5563983
8083822
14834997
13380748
5676031
4164700
8368705
15114785
6956026
4286967
10345748
4318872
3313384
4193939
6408863
3901740
14363499
4819669
10532048
9767837
3894506
5474786
11810229
1728094
14114931
15815596
5927467
1413377
7376268
6503098
2924915
11736828
12364530
4278297
5873217
8008490
11598268
13016626
13995464
3715376
12519453
4505295
4725312
1199342
12001479
15219641
10963492
4974713
15191217
11199252
14580030
3308520
12515892
13085555
11304537
13997151
599151
7347448
869351
1510293
12766871
13431770
2603086
12043328
2733397
15626874
9067013
14000575
3314960
14411608
1492241
9325384
14462513
12530757
4062802
8936460
4556143
4380426
11368257
10686167
11284179
1142988
2868497
10047528
4781120
751193
7616825
8407323
707254
10220683
8566202
5938719
8532496
3997413
12055130
6342487
5402826
15856297
9134876
9715359
11935099
6570673
8856614
14152808
13899628
10480075
4794721
13089002
10594082
456991
2119053
504233
5518972
5179498
3547463
10669612
3163050
6063423
11306759
4509369
902250
1005892
7923649
2813063
5977039
2714375
12473023
6271222
1088193
9186789
12451729
5294934
4161723
7720685
7761174
7992211
15461961
1043355
1877968
9785800
7156775
12468256
7043800
6382944
13702373
13679041
12526812
7812764
3418405
5787017
10694574
4437643
825662
5121981
10718006
11593625
6897919
1068886
13826924
6595090
2955273
12591378
12582050
6592861
880451
12495036
14687540
9861765
7515737
1853547
8915468
11987129
7001040
7842851
14468860
8438959
11472684
4890253
4477588
4196911
2240494
408681
5765413
11176302
8026634
11574230
360128
7396523
7897404
3163038
703003
9130722
1971985
10674913
3875814
7697029
10105954
12523355
11831980
10615618
9811814
5358698
16448379
5806452
9747794
6948926
10291292
5763115
15553793
6731596
5050073
2931289
6282367
7405038
449935
5321759
4327006
7297555
16301773
9234873
8795288
2915642
11810874
2280197
12712334
7445281
4671058
4675595
2794767
15111956
7537313
11734959
13101959
9912193
15398957
14868628
6708830
10216561
8873665
12377588
7110132
8997529
5897463
1145154
938803
13985002
13166002
7115157
7983984
16570144
8304284
15970615
10094735
1072886
6760115
2840863
7021573
7866157
15440504
2729027
9692490
10869511
11026367
8794108
15569300
8730261
625608
6841165
15332976
7942634
2132558
10135134
6633849
9600383
7449217
899457
6794410
2115686
7563041
15917057
1642512
2747121
3616731
8110508
11647208
3972153
6612972
16199610
2176158
7365403
2614190
4521762
11794508
6030099
9896088
1787398
11051912
6163133
1393453
5117612
6414925
6358913
16010416
3641147
10431376
9810871
12580093
1999481
13637502
4014020
3572983
15882037
11455205
14374457
13282024
7802978
11777787
16060655
12688375
7894785
3763896
5563027
4157156
8984405
4004245
13805218
12488324
7041667
11814562
11088049
11103424
4057588
1666146
15747959
4297781
1124241
3056526
16052671
2022076
9140132
15748200
10744999
5963646
13831194
11239807
12244835
12380623
1202185
9399406
4789288
1931499
2615190
2639699
15921030
12964075
6060954
9358125
3501700
6413454
5401490
13919767
9780596
10022911
777526
10765037
13235490
12913071
15470845
15294626
13850405
2176775
1347527
7409351
15820044
7190704
12139110
11278551
7651900
4799686
3113794
13349976
9345401
2197992
15613235
15240549
7755677
7945450
1892702
1906411
13515475
6672492
8947682
12487827
9943207
13622896
7566836
10419368
11993916
10615455
13015467
2731103
10455187
1050376
10401619
15446505
13222389
6667395
4021571
6417466
2601359
5772799
4715490
965672
6714955
9183070
7886252
8535613
3137946
5624387
13390664
3945387
9062593
8978237
8437257
14195760
4112618
9848627
3438547
6953932
4901871
3179374
14433016
9899548
14474181
16573625
8551129
10609739
9795845
14435654
6437178
604313
15104893
2491349
4803353
3878564
15242063
3632445
3579619
5964508
2970845
9609052
3006984
16303497
2338750
12734109
3822324
4336967
1327530
4929923
11044622
2405106
10187035
14135914
916392
11481728
16094852
6311384
672169
16263534
3888044
9186572
5133858
454681
6592727
1456360
9750037
9220194
15304335
4631668
6523625
3354531
7512093
1024229
2576511
5717642
5353072
14380924
1280849
8427128
8900106
2133713
2043807
3616170
14796012
2798829
8142764
478782
13196727
4181341
7643101
15650981
15336507
7582336
8164890
2717147
3216846
13443242
2143393
10282213
2315985
6947826
11815436
3286146
1355461
2552067
4507723
12024927
10964752
4114466
11789674
10613859
3144255
2323766
12335586
2909613
11437743
1585077
9009011
14384007
6960127
12256662
11695231
16528779
10150358
1078089
1221565
1622513
8304971
11785336
8225521
14244522
4918056
4612738
2723875
1485503
2085981
4642990
8227000
13278140
10755344
4055716
3554096
7709118
1865537
12586210
9754379
9534548
10605627
5459835
12718878
1643235
16357412
12402002
15418829
7375598
6309204
1490790
14910944
11867087
14487721
8727785
11938520
1012073
8967366
3014978
6170468
13083391
15358452
15686950
13114270
6930594
6354757
1395334
8654640
15187091
4425174
14623537
1775028
10199130
16321902
8955604
12714959
5779810
13917591
1867393
7447537
6292842
11387005
12004668
974565
8359623
12572041
16104620
10810985
16143493
5827260
5923064
11801891
8937513
10954964
12473170
12312640
13954699
6007584
6853752
3202263
8837805
7685813
10960797
5821781
7153730
14921471
14464927
726992
4235415
773984
3719748
4161395
7134872
4002076
13135239
10668765
6848594
752492
9596489
13424017
8833455
16051219
11856623
11137272
894742
12255425
15444901
12766847
7554652
13476715
12910424
8259958
7049716
11842025
9640712
15480890
879110
3617039
13381710
15083085
12149070
845082
11447346
4718446
11093803
11139830
11377370
15876561
3963434
15959276
9097687
9549466
6525524
4634751
14605206
11914346
4046994
1891205
13820827
5875901
10888865
14814875
6536797
1612295
810418
6046928
3901822
10842537
945726
1532980
12343123
12201621
8340282
11060065
16386495
3898541
16325282
4188177
858106
745966
16442450
979493
10654233
5239970
6286352
14832923
9664135
14031863
15232134
11434591
14346503
5455030
3617276
5334416
2688501
10023019
15227181
9884615
16190064
14350028
367971
7577684
2818541
1559281
6289952
3058956
9619482
16531013
9902597
11767442
1410450
7315998
5800632
4887526
6937295
10178026
586900
3360538
1005339
2505872
8416943
13729545
9974302
11642752
8595830
8413395
6331842
3651719
8017734
14255077
13160606
14269016
8849933
7937530
2409325
13645145
9956427
7821212
11518827
9377186
14785742
6609723
7739131
4751869
15716230
12516518
15113574
8224310
6564928
1387871
7327316
3410999
5925903
10116732
5854969
1258714
12103784
3909877
6553853
16409951
11690256
7178856
4773566
9271260
14699945
7556425
8510628
9619385
6502159
12453116
3311372
7265452
5101090
7368239
7243287
2149738
7341054
16314983
8485247
9214033
2282983
1474481
5242082
5386563
11422576
11265365
11169758
12827338
15564575
6135886
6914227
11677159
6008285
5763344
10245145
15318321
13844622
2363178
3069906
12038724
5641627
1787832
1881677
12630842
3362362
8945880
3857372
5438133
7658094
6833401
5925382
7473513
3332958
654054
15232594
12878533
597322
4486794
2924772
6381769
9771320
3387938
3302758
11043806
13362609
16565274
12651714
4501010
9656432
5612871
9822231
11495996
14238316
4476846
10888262
8389507
11106369
9898437
1914973
16176701
8056292
15754059
8053560
1009057
10874460
11977246
10595510
2971351
10150373
16262773
8181668
2255770
10270495
1516203
14718497
9273435
8686202
10674601
6563863
14476611
1606156
15682590
7229747
5479297
15902930
9831277
5992722
4696583
15765871
14803920
2324913
7807401
1340551
9867059
9143150
1472413
4718276
2654169
2166706
10112430
8719790
2582766
8828590
602351
13303773
16354730
16335503
7421895
11881550
3639042
11212161
11953168
4422628
10885221
13997953
10566776
5987785
971140
5471508
12689063
6403555
7587945
8922729
10228255
13359497
3399564
10601342
14105917
5512308
3942301
15091824
4419083
15542412
3810961
14901218
14659220
1787927
1242017
9025879
14732125
15109298
11061529
3634554
6786854
16176876
8175094
7108116
2042683
11911910
7352887
8898641
3200923
11684803
8184736
7804399
789227
15795203
6975979
1555662
4243408
4856739
4738402
16336991
9100743
1554127
11266449
2001075
5476623
10110625
6625110
16402858
2336349
5096313
12083323
8638041
13620311
1112788
2367748
3933765
10647628
14401189
13561406
10801479
5238842
10928552
786246
7816217
977592
15891587
2964352
2946962
9886403
8810203
7749431
16570140
9177557
15172274
4618933
7962027
5597852
16116979
5098838
8996297
10987697
9076174
9123534
11392083
14311325
7757318
14713395
11491501
16151606
14763642
5766681
4296785
14068515
7999570
798264
8245204
12104139
8451862
10158946
15186240
13332359
9144209
12064078
12365224
14788990
12927962
8791125
5635208
867473
15274010
10845426
14628306
9945791
10066889
8733237
3744703
10220286
7220920
8220063
14824012
3398602
4483189
5177540
6246594
2428450
9799915
12201846
6104685
6703789
5280792
7363258
12363603
13727702
12356078
3581486
5880603
8835892
5618098
6067706
10752973
5300294
8200641
2301835
16129093
7475084
12809177
8340973
15026560
2091044
1787458
11142744
13243398
9202033
6740171
10963187
1756885
11341601
11762009
10917344
5959967
9626006
821460
12749619
1636957
9427161
12681827
966251
13657538
337548
7606271
508576
4311071
5909524
6603188
1893605
15990886
11816062
2543332
11365203
13631875
15130453
14999073
8982391
12362546
13516983
14888561
1068015
10901392
8594142
14753453
11329969
6690573
4361142
11881475
8635079
11631411
15015328
11175029
1846091
15782330
5728426
15622423
6804895
11316156
1626738
4609360
9253028
4273255
12476097
5238961
2582715
513220
10231484
13931533
13309905
14759082
6926813
1724588
8600872
12664259
3751910
2813931
15782477
10529402
16151797
3968383
15598239
5157950
3171039
7914063
3187333
7595989
16503020
12112842
14217955
9171516
6144565
11862242
871866
4028895
13432593
3732118
6555110
3739242
12338037
12287824
11897034
15654761
3452978
2437812
11543564
2935272
16309408
15658913
16342722
1425072
7101821
11660158
2964080
12103765
9413810
2294163
6660059
4547233
10392795
8312897
9270113
2792002
541376
5160100
6133345
4308853
6526824
1307377
12582729
637942
8361235
1133639
2339384
3219679
9531546
7232593
10810865
9696290
918187
2151135
5928327
14606099
12434421
5393337
2397454
3458345
15053601
15584018
16424776
2798899
5148656
6618246
11017038
6909338
5863172
11162655
12636809
1849384
9152439
14245587
14915224
10847983
11596131
5844481
15007263
11331823
14115036
968843
7395344
964668
4113721
7425394
9686604
2722778
3562516
10072625
3436507
1301818
15902893
15145212
14318400
2833082
7322452
15823092
3599982
2189239
16523848
5431441
12217499
2448984
4156435
11077034
15157454
9158578
6464159
7542310
14354669
10347207
10318379
15016535
11978539
14643838
13660429
9277697
13931304
10312494
11403786
994401
9366829
942931
4274004
8386782
14293137
7729454
7180978
8691505
3068268
3780429
7955178
6627014
6129791
11857897
9680382
663257
8333252
14473336
2686646
15052973
14346316
4636249
5709656
7526163
4709051
6410815
6467896
1191101
9906749
14905017
8809727
13782943
9634781
5392860
3068051
5866831
2824892
16472163
9719073
13952547
6894583
7141766
7908179
11480224
5800156
13632238
7006348
10831148
12975661
14574460
10010381
12644504
15124005
16490649
11081320
9523208
16178725
15088807
9902550
4272616
16165560
3299792
2169019
4846092
5149861
10726698
5716712
16172292
16323677
11534042
799006
705848
14641918
6525771
14651511
4764130
13370013
6072517
10708546
12242106
15151207
10296763
11557211
4973129
10438561
3160725
15655932
11470283
5917423
6222353
5053821
13993373
16286261
1144816
11696097
5543226
6664671
9317710
3780969
15785166
4972593
3614576
5528365
12963078
5341901
8314383
4353051
13292926
3195707
10926392
10792346
5620584
12162458
4051470
11317631
921011
3919129
13445214
9987995
4907215
9622607
12461953
15600822
10317503
14561278
12636625
16223401
13252539
2071414
1974792
13489581
6509724
904669
10073971
13078153
12026433
12139025
3784210
12786056
15900578
6073578
10541154
4520236
10690513
2202697
12670502
7814432
5696420
13883878
3615989
4184231
3858748
3523702
12144290
2387767
3586437
12224296
13854157
16347247
6942779
7791089
3814633
1582086
3174523
12218038
4019798
4266584
6200343
13285567
10264391
10943043
2694500
7034350
2888325
9697912
2047530
3960236
13454589
2982271
3606361
10773597
2205141
2626390
2094587
12758620
7251681
8077382
324866
5872495
2078659
1079231
4335201
1400286
11887693
15593166
9460220
10878576
12682743
15057753
5849686
4535354
13120980
5093695
7358990
16413094
13363066
13471669
12995225
2380417
9939742
3183962
11887268
14984827
12572500
15510123
8653727
14328033
8357348
3188715
10029705
7028913
7746314
12998955
15146939
3620500
3243476
4475228
6348825
8376887
16430805
14823198
5539078
3374341
7075222
9950820
2206428
2379367
6971712
8130483
11539410
15805443
3858093
13677142
11528462
13108111
9037233
660808
12220144
4877533
14068271
3120934
15828960
6228768
3929549
12006650
4744035
6815401
7831650
5214844
8997421
5418898
3481131
16119065
7879949
1896001
11840754
748914
11334369
8489970
1673351
13261245
15823134
7434291
9516074
6160524
5955251
11575755
772450
8130514
11218554
1742700
5361934
15708548
13056922
12846507
1016500
2148649
3822192
928072
15833899
10643773
5982050
9091941
3979656
3864474
15090052
9177909
6991025
13913383
4724338
12409464
6771555
5427897
6962184
5176654
863046
8625597
1520285
15325500
10083403
7927914
4867371
15623402
15077845
989138
13913956
3313282
8750454
968033
4479665
9135245
9964581
4713685
691924
5808113
6021587
8682739
1504135
10482740
14154125
4664698
12777674
16545241
4471755
774345
11925604
13392772
10002321
10766670
494627
11454386
9324551
2435604
7662097
14469628
3663064
5866410
5288237
11724468
7427257
11191964
1946104
6720838
10952173
10372186
11838258
15842359
8444310
3920005
11000763
16475201
7739430
12625571
2744008
9339470
1989703
8254605
3664622
12417956
3386880
6018176
12651290
7306298
13472813
10601856
1307028
3044233
14157181
10670881
8309738
5830576
7613432
9039277
13975963
6954940
11774126
7614363
10678896
15741542
13922666
9235647
6964398
6397499
5014305
2209505
9512366
15002555
4511135
5196395
10704559
9170399
14720461
12798099
2551878
15623173
15773170
3064885
8921211
10699851
5204641
3974435
4963447
14094376
10132335
13741072
4850622
7248500
13840400
16342029
9189096
2652807
671022
8451705
1061460
2952010
12910880
12397332
2239092
11046416
1456444
12504174
12561264
8209611
2334491
9316968
5196012
10403064
15083950
5993725
10178482
6362560
15582792
5318407
10618195
7744262
2601585
2541024
8152267
4038625
10504369
860395
11528748
14302028
9757539
8370601
3219441
931056
9743495
4104932
7990552
11235384
11336778
11296991
7138772
8417944
14929848
8099975
486264
4477295
13519098
12289335
8644073
8289946
3417504
4172031
2565746
7200674
4728977
1198747
10835994
2809169
4322557
15748323
1967892
13764215
16291858
1313858
15959071
15745411
4149242
317058
12539582
6523461
4104217
4727672
4305553
15633316
5985795
5135715
14895480
13918780
9980091
14099293
4519809
1704048
11512035
4713179
11913044
15791350
2207579
15685123
2566960
13053142
2386478
9560733
11950143
15709974
3283873
12270032
3189176
14180021
9501920
14399377
683117
9147108
11590414
15190130
14765526
6639582
8036947
7722396
2502479
1623651
10959529
11478945
11861742
2175947
1534691
965855
7828634
13600151
899570
12939546
6723899
11695589
1055444
7849624
10412354
1414316
3832508
3199271
10891939
4504264
8942335
5813202
8569490
9616414
9355798
16182326
4726932
787434
8995579
14729290
15469976
13865128
13703986
1392970
15102203
4947842
3093799
13715148
2841551
4663004
16263247
394851
14329522
11041324
13161988
11534215
11107477
3626116
945371
2027000
16478277
11491260
11359171
1393659
1942515
2216415
6873396
7617204
12719511
1234436
5470988
10200010
5336203
9913666
8381505
16199730
589215
589675
7118336
11868905
7961928
12521262
8292243
7710086
11051870
6714583
6772226
9606452
1931849
3411447
4733845
6380323
8777986
2332191
14810427
3813690
4933080
2021777
3476754
3086790
3483811
7838454
9717406
15776669
10161554
9911654
1270512
14469392
8592210
15078162
1090122
3343957
3405281
8739902
7636014
4672377
3031487
8018127
9780325
856895
6101827
13537747
11562038
7571086
2414623
845699
1850873
2288058
15536829
4912911
5666822
4956327
7225830
8107789
12155078
1656089
570120
763567
8227395
8168180
10857757
7264832
9679227
12912050
5185875
5625647
8625471
5433574
15767980
6135829
4772893
2483193
14344528
4252081
10886952
11518783
9411895
10885843
10723134
11114841
9220382
16404761
15386485
9562210
10634358
15709948
7421796
15281461
15619079
8861078
15247258
13604648
2890026
10722283
4038409
11049112
10114070
3242565
5125106
14529262
8146724
13675619
12333010
8385798
1361481
972194
4328771
11670489
9677878
4553070
1734849
3977995
8162955
5979287
15514854
9084577
10929322
15315068
12674277
6788037
5297918
11977166
15159063
5403488
8200016
5821219
12318955
14292685
9867387
10518946
8978179
11939523
15783705
2678742
3867910
2863637
3095133
16018567
15388324
8657674
11427700
12735381
13930305
3635949
11558739
15003582
6147679
15167869
15198540
11694420
4749773
5627657
8252196
15982350
5301806
9481983
6697502
3240748
6662605
12450374
15539819
1148110
10265985
4717661
13945276
2265168
8359598
16382304
12713332
11321868
8325633
4930917
5469609
2276881
12190963
12729570
13368885
9575254
13411044
6217892
16258798
15127043
7982612
9949421
1070776
13451154
9256812
5249612
3138273
13369122
10004480
10098036
3844545
10258662
4502115
13181663
1301856
4652679
4195084
14608787
12896201
6855332
8201359
1256833
12738091
8083019
12735485
10254247
12515005
15528115
6110982
9639738
9143874
1328948
12084889
10988125
9015702
6767746
10375796
3285127
16331891
7807569
9724862
6014588
1031690
11925010
11955899
3272318
495638
8338952
10300221
15729113
15825101
10873663
5805882
14214304
13086837
605631
10548714
5644960
8991316
12991702
13360792
6270146
15459355
15377640
5986029
3236912
15425405
14847886
12475385
14577109
2276891
11882390
9537729
5506898
7843838
5936247
405464
5318784
12531046
1494760
7432838
8650996
8460610
10636878
3896217
8367717
3155213
8576462
15766190
12769364
6702348
15351928
3294370
7930741
8594692
10839040
4153516
5828655
10368200
5512526
7320116
7865243
12829563
707707
2830916
1612588
4679693
6450661
8676154
4093510
6759894
5616325
632921
1922761
7576227
6737787
15609497
2417696
8353308
7286429
14378798
5089434
5890835
14855042
7996385
10235152
7256508
2829364
7022288
8806188
817761
15545592
14525125
9562900
12239295
8080886
6760849
2660598
4079208
11745997
7637498
9373642
12457614
6482855
4041973
11375457
459921
12193695
4161195
12473844
5833022
1529946
4548022
3568156
7537550
9087901
10009156
4348227
8151875
8251511
10316800
13437925
6563148
8796003
8267649
3138340
14020619
16559448
10728214
11943395
12046876
4742817
8184940
11318174
14771477
15114179
6728070
8880144
11057580
10917384
11881940
9786377
14001618
10050750
8114242
13565068
11951166
6870828
15936483
1793190
3074766
1815929
3733323
10496350
13627123
8468169
16475965
2344509
850671
11164559
11376638
13240837
2766459
11472345
8607997
7130814
13083431
8353441
8012638
15933645
12581420
14070543
9522179
16197236
3887663
3080034
5849198
7606702
2609666
6842136
6203100
2583072
8829626
10128526
10991592
5382421
1217804
10779931
1798426
4014776
14858951
11539041
12472722
14350954
774024
7785158
12793990
4229749
9594058
4260715
13140440
11468011
2815768
8987560
4108391
13214626
5837081
11615465
14860737
11645929
1738417
1433433
5342107
13366291
12642506
9178583
4309065
9679700
2697455
14483546
11225006
5353450
6369195
9469877
11829738
13632976
14923473
4902747
689938
4527168
11722078
12563704
8710345
13393663
10986166
8388582
4846360
4260147
8733056
584150
2011002
14774156
13937534
8236379
10380174
4994674
3692642
7430701
6145042
1794646
5048555
7110380
8396116
3190480
6688394
8098573
8650591
8620963
2359122
4911802
5160866
16239078
5071525
1381769
3829395
595466
3235215
3263989
2564175
3663960
4369467
15893352
11522055
8304499
3417581
4762199
11404487
2416929
5782074
7592486
13326521
2201131
2976510
2661710
14211693
7037719
3095113
12144398
1389793
9289666
16278382
12260997
1148123
12861893
12222425
3826752
10782165
13385050
15534409
11283135
865219
3556807
6534484
8095557
6987583
14537349
7770348
1836612
7908571
13216726
3079852
7194929
8277016
14623296
8042482
14423377
11984245
13630741
12319285
13067197
13340404
8515425
1099968
6850669
6946666
14347464
14859842
15047618
9671563
12068399
14899783
5933487
8427977
3842130
12804933
7804204
16454768
9675878
10086688
15450394
7750188
8611044
687371
15154709
7574654
8639016
6194229
9163422
2120594
5613011
6988322
2154634
2240177
15440320
1243758
3308508
4085164
4917895
6130517
14777024
708087
9687689
11649726
3989554
10029385
6810310
9351798
2420651
14416378
2449955
13694633
14774903
15887554
9380296
4483902
16293877
579943
11390848
1956984
2534218
11517036
15029972
5792694
11908886
8957317
12659184
12509623
1726577
9819308
12206893
1287393
7030504
7048170
9320677
6092026
3057320
2513274
16397547
1328914
3969359
11801016
14830662
5516674
9589406
10203122
9342566
8429733
8176161
11187894
4705508
4030287
13678841
9527512
8045619
5851835
6666124
2865988
10216621
4711770
13122031
10462131
13663549
4076723
7010419
13032405
5864084
14579289
5987120
15136555
11489401
13811533
13318601
13011528
5548673
15139679
9014926
9441171
4441558
7784342
8390570
1397954
478554
8760086
7435441
15717943
10026769
13666684
16498885
13633037
5643389
16279430
15795715
10163697
6502416
5850672
1252051
12019883
4616219
6926519
11279884
11973203
8881120
9883309
9523030
12639369
4803641
14634004
11868663
15826158
3064093
4764270
9412511
15713588
13410010
9473711
15171082
1888445
11108531
12260650
13532879
16538467
12871427
10003578
11649547
12333992
4564690
16015373
4934328
13672640
2171804
4834952
6590806
10009130
891739
3777129
13483802
2832581
13059893
14983151
2663571
9264226
13161209
3526171
4711693
4769482
7190839
9094685
9674180
10405647
16340143
1625634
3136536
7107580
8931055
6002887
9044889
12131194
13024311
7791218
13184455
1582161
6351063
4526536
10640438
9007809
14391613
13659128
8618549
6313759
7365045
7594007
10879287
4359615
1042427
4787035
8290723
9714020
2623228
6733665
5527853
8270512
9134978
13957676
4114696
13667097
1073298
16058072
4165714
11062300
12507647
16596004
12627186
5280459
14917206
8707159
11870189
7978150
14488515
9688980
14834530
9737758
9312778
1368847
1438532
8433024
9824371
9279197
12938480
10442126
9837678
6962035
2339949
11991398
5868251
10751078
6772330
16388336
13746027
16469335
1721843
10641311
3791080
10296062
5640745
5593042
2089853
846195
13923801
6948500
4842705
9553003
10788873
10033439
5510743
8009230
12203753
1721276
3091840
11249539
949932
10619126
592148
14315192
4063711
13673985
325725
10892436
12631833
4096022
1399540
877287
14895362
9641891
2207934
8486331
4176576
10619518
3411216
1674798
3696282
9850258
8733281
4147604
12813705
15483042
8301400
9190773
14612905
8978107
2112349
5979299
2060662
9756309
5144227
11435328
2007163
624908
2307459
10248227
1912043
4328770
10526101
8894248
9248165
5517957
3964178
5528016
5786758
12462066
15643671
12980963
7250903
13066263
15528826
9098426
10464397
8700230
12251520
15557408
2179789
12575593
12136316
2126536
9695755
10253543
12806657
3140274
15809942
2646193
6135238
8640559
16271862
6879708
5577845
1673508
10460946
11907619
15295963
8711451
11089036
4426280
3982194
15921136
8759120
15817352
1193837
7484154
12786821
6460454
15413706
6184663
11896887
3954099
6733128
3904257
3262011
8806810
1458722
9313717
2630436
5122805
7565594
4091273
16098613
7460025
9756386
13722868
3133957
6667305
9511296
14570042
1594424
10509877
12262261
9151643
2061143
13329741
9345603
15357295
9355740
505761
1053295
14171634
8687315
7635527
8413564
3783933
4136604
5900336
4467108
5817670
13144307
16566901
7417237
5999567
7975294
13377748
7784507
13469336
12216150
13968575
1674842
2725864
6680843
6901055
7064117
2228104
874155
15731006
4721855
9311315
5906754
6728369
5501408
11673914
10476543
2956823
3126156
8179265
10810193
9051648
16088583
4076164
6168747
2740749
15226353
11339332
9508193
2264563
13862208
14418081
14936777
3718353
586729
10194877
1181781
7342799
15121636
15010177
9257736
5360878
5830375
9407789
3955455
8233868
16440126
2837598
15374065
12502707
12030318
12274112
15634500
14912199
7998386
4634248
8678151
9953316
4431469
6490929
995502
5742566
4208989
9231122
530745
14594762
14930632
12640717
12418541
10430085
652383
1061960
5559902
7339995
13922333
15164384
14942465
2615039
8076183
9266898
11410085
3069319
14102255
5287467
12347759
11507598
15249366
13575395
11611927
13563691
8279805
3211284
12171936
13424923
14054824
13300537
2037662
5517210
790072
8814885
796841
14668539
9999712
2468065
5779571
7206143
7088227
15333306
2670263
10559046
5530436
3192200
592482
4720211
6444597
9170457
6678012
5130283
5609182
5336290
4569620
11308551
3111114
10105263
12672111
9365493
13386625
5540806
6159845
15354358
685851
4638133
10819191
2902242
8890845
6177913
2917683
10790715
2295773
4828314
3548260
9840704
1356517
5390174
13407715
15840431
7253432
7083968
1343905
3881011
7862113
14468716
3785792
15759851
10060077
9837739
3910362
3251480
12494408
14016851
11146924
7634243
14145100
12754931
6072713
7380434
2393062
902729
7946532
10800403
12268740
14862695
6045789
15692268
14625644
5538508
8550556
3246563
2403540
11179130
16446039
6009471
15833437
2729869
10006632
12742444
7776061
311016
9227991
13979431
5540895
13181776
14075513
4433050
2335545
15742665
11355620
4440510
914214
523598
1276001
12403096
541737
16239854
13648042
9150183
14820362
15239146
10120493
6302151
7032351
6648463
472956
4215270
7068837
15512057
12462125
9791976
1909617
14218700
473957
5928522
7758831
9013472
2716140
14044884
7826842
1971211
3178309
13781425
13933785
7991599
9988831
4302348
10641661
9863172
3210360
15848072
8102601
15811551
10041892
6784037
470390
10891327
1856845
2364414
4680898
806423
11763615
10200741
15320249
7102513
6244731
9983954
12261392
3794566
2127436
4229237
12822698
3886359
9889854
3138898
10543363
7678954
7906852
9335783
1233666
16489313
6269218
1475837
10682171
12930322
14019306
8445329
8929225
3203351
1619357
6915055
5057075
13863243
7341702
16018269
3989613
16254373
11442914
9460569
11064993
6211429
14035401
3041593
8753270
15867342
12124413
9465847
1389252
1327164
2144162
16135907
12288181
10742519
12682803
4463087
7931032
2908647
2288362
7457105
1164846
13954745
7117312
14706458
10226812
891253
10358564
10559540
7482030
15309690
3845040
10568920
1370080
2443467
10239092
9661443
4155793
15030139
11128355
13998526
4164166
4915232
6505475
313500
8117958
3276268
7332193
10758646
14760203
1906833
11343702
10761929
8749678
10864546
11650613
2262778
4423173
16518873
1832520
9174103
14597737
4164929
8399599
10467763
6893840
3128747
7216610
7785523
651744
815064
3860187
1823031
9435201
13579895
432246
1068849
4565879
11765913
2205876
11556292
1225911
5785864
640296
12597902
802585
8758739
7319734
4190867
3530483
5526235
13328494
8041286
2585796
7865526
1410768
10102356
1812628
492837
5137241
12102695
16278160
9162308
7722704
2181691
14463900
874192
10652377
7649473
6328868
12919723
2845209
8692477
3737853
6111712
4807235
15751915
1091920
5320030
13493191
10001912
15832537
6065182
8754360
1645789
3926014
5326278
10765343
10879156
10050541
3441834
1213958
6867727
5493906
11597345
11675838
11798695
12643290
10343767
712463
8438340
8830292
6779688
10400367
374155
8506925
469684
14536001
15675697
7228786
10158297
11138317
3591441
13893304
12228741
5703879
15520087
1266543
1083272
4744241
774181
7947974
12120039
9424027
5421875
16023212
16412629
8383247
13891691
8340865
14531462
1614442
12189387
2013454
2371905
5743625
7444186
9328511
7919384
5549072
14419350
10064900
12621169
5470542
15502903
7783419
3071273
4218235
1494975
5995804
6252811
1153936
13578063
4243151
9331838
8777726
10094078
1743096
11210636
3709420
15183821
524511
930702
15364438
8110564
6145440
636736
6495597
11607899
1676178
1268934
14890532
9177513
11928673
11107242
10443911
1002793
9362886
1373909
3696992
12902252
9990454
1976926
6077995
8287787
8983953
15488607
11165807
15023932
2529615
760118
16145531
8416883
8331757
15854229
16528161
10741728
9460551
15133801
7206765
10588638
1806261
11831867
1942844
608792
3501528
9381650
1329887
16543516
11340229
10480437
8292973
7754414
16498938
3308314
9555171
593437
3435894
14529796
7132895
2588399
1618819
13816003
15313680
12574015
8205971
15567845
7269280
4669191
14166635
9168278
1434973
6469463
7075012
5456416
6264303
11167181
541642
7722789
15374316
12630556
15267219
10513401
8178412
8294633
5970730
9696364
9121239
3107595
15618048
4674979
5001703
11545392
8738029
11994367
9795060
16462251
13941166
8265211
13845862
10019842
15069661
5985815
9018134
3205997
5309603
4121187
3842220
15437923
8361659
2189646
7047202
10689722
11552547
4283654
3681558
8788367
5018348
13340202
7779289
9857808
11068866
10330293
7646232
1034887
2420675
13102192
7714304
4641583
5937077
5508065
12471248
12017045
8970645
958016
8318604
7067065
9315278
13601055
5341016
5515578
5385180
3620512
1135764
15241929
13510990
4821363
10230983
12845762
6618955
1484062
15811582
11357429
950923
3319284
3136987
8937829
16403415
12918768
10223922
12778974
1629119
2166192
14864587
7963226
11828927
8098503
1399955
11574189
11494230
7476376
13300738
10701902
12696195
9326893
1695434
6770364
10527690
7877823
5364967
3560622
12168269
5337457
16297828
6280867
11439234
8739678
9609452
9341196
12048222
15556383
8040317
4515938
3036707
10874114
9031162
9654087
14669652
1846183
9039469
8687244
8342998
7657889
9358915
12598093
13707029
4435275
6133248
9306842
14419315
10950540
2257838
10963930
5021305
6978708
13415721
6249773
7152812
12903796
3425549
13011592
4558143
10262570
7498039
14931950
6525293
15889470
13639078
12396005
1893084
11430118
15630261
13293641
14018549
1841383
5395427
4293805
589640
3296430
13440304
15009197
1609981
10189066
10394731
5649736
13962227
12192935
1393401
8399705
2341409
14735951
14580743
6162265
13006815
8164942
9074007
842108
2576728
6167483
13250363
16240362
3655062
4598813
14221236
9119390
11025875
3693153
3071837
5346811
7958508
15304092
15489520
11386467
15040861
9364606
5415010
5108982
4707540
7245268
12964994
7878111
9536047
9316698
2466296
12519530
13602299
12004726
597754
7220908
12750194
3261201
8181411
9438785
6797662
13715050
5877394
16006242
13312537
7100122
8412880
9423264
14610542
15254282
6725878
9299984
4132165
3308684
2852959
1284885
14947918
10598970
8816194
3505353
2489140
6088210
6184675
12529470
2835361
575688
12020841
10819110
13978838
5889252
14480558
15104668
2213523
10054374
5166737
12901775
7076722
14180978
15776665
6176630
1944922
11468004
12140889
13304929
6834817
3162534
4948786
8888354
9392939
11799237
4548733
2888004
1260371
16332637
5869805
9801597
1899973
10785524
9161598
5147781
4382728
13210936
7034898
14957833
2937206
13972391
15613294
16394155
3256850
4913494
5147474
11845030
11594915
11389954
14730030
8903801
8125324
6841684
10106728
7569112
4642607
13123814
912618
11809182
8160759
3282963
8015520
6398365
2252107
9224804
16061207
13661712
6028178
11633796
14297221
1723427
11756559
13149341
971075
8946296
1180787
11479560
14535786
5885324
15229457
3217631
8416890
5526778
11944534
13516345
3926930
9095737
12572265
15843411
11363124
8672472
11937799
14555620
7930017
2732684
16140493
5087200
13889594
5233607
753023
10869843
2890987
836304
10839232
4728256
5871303
6036041
10680599
14911207
7080015
13763581
16083412
16106653
9966395
2023365
13445655
9925508
10002790
6317949
11083136
15433063
715605
14577669
11088615
10441331
12568590
11556336
3168713
4179130
11296167
8967339
13759107
2157525
7644449
5171852
4301111
11662593
9037265
15920520
1291980
10957708
8706769
8798481
11874250
12631894
15173312
5635353
5523843
10208475
14211809
14465527
14517597
3969964
14737793
13393415
12447840
2834077
4246079
5741800
4294375
10305772
14308104
6027724
3069312
11469626
12305236
2950937
11491130
1396821
6747168
9614197
6638659
15772818
11561208
7850033
7114650
6567844
14176067
7362087
899694
14620414
6673107
2638990
2340349
663092
11731493
14402228
7223655
1882429
12254237
14662984
4001405
10924329
5545135
8796992
632084
14207308
7221498
13126623
16190944
15710222
13301351
11392714
15493966
12049449
3514696
9941191
9835148
14413362
7426104
9573680
9739570
6103483
3880925
10188318
6481596
3784881
11381192
11978050
1991215
3760695
1367301
2000165
1659059
1063039
1242120
6190629
13677686
3947065
10092512
8402687
11691670
15408117
1789395
13869728
4457050
10414149
14867533
6869514
7297588
15067460
4579315
12148100
12967087
10646721
13822930
8167824
12806803
1570079
12770738
1843990
16049919
9143389
11682926
9136889
6549223
6212715
3947409
10349227
15991609
9851314
1179382
12994513
12871289
6851521
9525972
2776757
12740870
503263
7311893
12043865
2591502
2059416
10091656
9827158
11169428
11145481
3854691
7685040
12055380
1156294
16104866
7852494
13215244
5952787
11059198
7451739
10027606
5666903
2392858
16236231
7177961
3704283
7167798
16371641
15525595
14300609
14892555
10313674
9480795
10293488
12899337
15072614
14600538
15137149
489680
11329856
4681707
8270521
9557525
3963419
12965805
4332843
2541225
7826129
5894342
11830632
5112037
15369532
15887164
5061288
8027878
7865353
12481740
5314109
13678120
6480807
1629909
7874691
4252715
16222949
8155522
15330343
5840134
5582102
15272497
10325258
9692561
10147953
3970574
2566915
15419608
4856383
16574855
12190494
6187339
10570713
3295482
10115933
5568389
4263255
14773945
15253529
15603393
4878074
12100460
15196723
14030769
1624231
16585454
7445473
9540190
14479307
4752156
7856190
8056242
16507169
973760
8347019
13430681
5490939
15804178
2820830
13380698
5505350
14124051
15026347
773216
986353
15288144
11975986
7612135
15221123
2845854
3710773
9364040
13529762
5550064
14168761
4299255
7288786
6523986
5433273
13168001
8721000
10180927
762946
4244953
10531386
15052957
11533597
6454870
5975375
9070373
6486024
7064065
8363329
12268660
6460899
1227285
13695306
10854209
12581598
4925284
7521884
1655081
6513061
11956865
7168864
10788059
2550702
6255422
9363724
11959754
4495776
11378095
14920884
13556978
13368050
10373509
15937990
10189790
7257327
6517715
12032817
12970280
12757924
10356546
15222662
4671923
12704109
15625174
6307137
1038119
7387234
15291452
4155873
2552097
7868429
11288278
1898864
12485422
9862423
3594586
6777931
11155235
6651781
14138982
4942654
3118830
6992760
7969316
6033906
1778920
4648650
9812787
10754487
11727297
5488260
2004895
12743382
2840473
5401522
12225321
4051672
7056130
12706821
11243128
16377376
4423706
9020573
890214
10998620
15548178
7889780
7964232
13659259
6823539
4119385
6036076
4933396
6368752
15648781
1603731
9294493
13190073
1104342
3007872
1202518
4967702
12254911
14714879
4326014
3926564
2369733
5124811
782527
8105225
2721195
3236605
11605948
4158935
9114618
6789597
4575211
15298562
11634653
9193297
9107996
10061344
5648869
5313862
2709753
3496885
9954919
12486578
14869417
2861299
9952539
11712473
1528167
8614150
13515681
16445785
13646175
14921504
15737548
9669748
12522454
1102902
5724044
2421170
14708345
7150264
6271050
11473750
10426303
6206313
4160945
8448167
11298902
14888904
12764669
14747263
15800372
10215291
16142521
1308972
11918486
8781171
5389643
8340677
9493529
9385232
7922099
14100621
9873935
11484556
3199373
15221870
10437374
13495455
15319875
8377266
12687743
7142455
12438767
13792265
1631671
11428201
10068548
15055938
9620320
6287606
16007409
3725892
14595135
13417589
13617248
2337671
6757941
4687269
4408766
3003020
5638267
8979336
3487371
5129448
9297567
9562372
6439726
1854368
7247092
4160280
9938504
8003724
9642686
4917618
9166742
6349299
11790881
16580767
12675448
7219739
6267797
6314487
445298
9306753
11680738
8388441
4771211
3064496
7423946
11912834
5400083
2563829
14751115
5148340
10100924
7976465
7168862
2632103
1181565
736259
10159032
15101869
1903039
6255913
5371184
7379651
15820839
10268457
14305603
15340473
11943618
15958528
13988273
7212680
4109894
6686055
8484980
12263304
6593365
4242570
13428415
608117
9349043
1203840
10924423
4483804
10665754
3319795
4830272
3850354
14047199
1708257
10020014
12849545
15093087
6364785
401235
9154218
2234426
16146988
9970868
10050664
12121774
1994216
5207203
6244696
9280472
8050336
5370355
5302679
16301832
12215685
13641082
8313785
4410414
12737880
6872797
840018
10354905
14955032
3662685
8240656
1678663
717499
16582226
11368814
5602981
11801195
1701212
16235592
863197
16437895
4837194
9940501
7787371
9238933
3298784
3494497
7053711
9396017
14521608
12626356
6167064
6454310
3418242
4547284
11510493
754907
8870600
10437921
13224775
15273151
1628829
6333118
1710542
6302229
11498929
439176
3300716
7656740
10504917
6670370
1685978
1149853
7430025
4374940
11535530
3443411
3449542
7934976
8911838
9576201
4256635
10406390
14179198
15663476
9835417
5803391
1569082
1683014
12326897
4247078
13806485
2005771
11947128
8749737
14986276
4186124
5517273
1577695
7071420
5930871
9544849
9009348
2163504
15540077
14991450
6363708
15662219
15124609
6866552
6380846
4468668
15181134
6272202
1727390
8490174
301201
3664375
12930460
9270442
8387761
9196704
14833503
1243808
9121428
16022605
6382566
3549813
14919781
15092240
7270824
15133173
5656322
5813035
4334637
2997685
3578790
10522400
4187678
1174485
1804021
2668720
10852396
978373
13156940
3368147
9171215
8508502
12668438
8156032
7027939
12708817
11116089
14448771
7327409
13640835
13080380
8432256
701913
13932748
15764211
643651
1332930
2911116
1979813
8417095
8044799
6812252
16377130
9835410
14724593
2980296
1451112
4265232
2249662
1509153
16160834
2272692
3619677
7257157
9283193
1841189
6185561
703143
9581637
5192749
12151438
796374
2920123
16274702
12393944
12276593
9877493
4557031
8157982
8276862
13032323
7922711
10976812
1752245
10558494
3901535
12539469
2737193
9257651
9883440
11074662
9662940
14669435
3397531
2518373
7845530
12381953
5867824
3950000
14548469
16486156
2669539
15971459
7491443
3128068
1442207
11065223
13931474
11504979
13095111
10692679
4943682
861065
15831685
11539363
15094078
1833333
5471983
11073494
2824899
13232943
7802280
11272940
6917166
2325233
5162289
15688579
13302811
6397650
11424935
10728336
3143609
4384655
4345310
11968593
6591944
7892623
6717559
10873197
1112168
12810384
796891
4699252
14974319
10852865
14037554
12422434
16288222
8428111
13990112
8880502
15607840
910625
5883057
3525161
7351729
14907058
11340753
2704876
3496659
5528629
13480034
12209579
15066068
8844967
3684909
8800726
12378726
12670014
4103498
3539516
15787873
16381002
6275710
5308118
8138050
7371719
3313631
13983714
11115993
15214999
16025493
2903365
8736140
16244568
12855181
11870316
3515574
12946960
12707147
12294562
4903583
4044068
618860
7460800
10330558
14137388
12518076
12709728
9931175
6107816
9987134
871892
12412027
8968326
10896222
2542890
9525010
1244748
13458994
13997326
11537885
7430160
4199698
3462701
8377974
7445396
4896469
4927694
8022939
6292994
5577672
10371145
3396131
487153
6359178
659500
10401182
11364844
3922561
16471862
1337689
4086056
10730893
4939549
14996442
12383121
15070182
10699667
5586480
14302310
3018167
1743044
3897505
7582483
14419282
12187401
6106199
6068630
14673648
4292604
10487855
8565295
4063579
11448546
5686135
5229721
10564963
13518540
1460610
13586415
11349314
10045939
15039289
4391154
6986633
2169835
6579619
8906324
2202069
12245138
12846079
12401992
14533710
4599947
5139037
10293436
9382814
6118374
1164905
5533001
15155915
3866923
14137831
6999520
7626404
6800747
1639318
12755677
950414
11191508
5931003
7643455
9055632
11533162
11192583
13630900
2543256
9394393
6299788
2975121
2610468
5816809
10333674
8430454
3193180
9483604
8189716
8600489
8495831
4461340
1745244
5667424
11332335
12201648
13612956
9018633
1739219
11389490
864768
13057866
13956509
6932972
5202871
10519903
4318020
2522385
14431586
4558186
6571818
6245212
16425676
16353216
11544022
3533162
11426228
3195792
11992538
11639896
16559615
10405125
4637359
15227871
12411184
3047542
6945825
12102979
14778115
8603212
7415196
2749337
14999008
11241095
4201747
11687500
2672191
9941909
12661704
3069431
12183704
8994261
7941327
1279079
7549203
9641684
9520226
15015540
4014782
3412851
1420021
5871849
14745047
12275627
11339760
10818352
11872955
7938596
2142500
5373851
5441701
12346061
5866890
5973063
15640499
9300459
2326094
8669773
7093818
10690688
15144002
8858947
7402584
8061924
4567972
9460025
2879892
4918403
1778305
2694227
6877538
2437349
12211735
2812477
5557742
5573645
2128807
371767
3548547
6423002
8785954
1651183
1398882
15933771
14758290
3051021
2757766
10251315
4695240
10974956
2407613
16268410
13155096
15554774
11391688
1609830
2626971
14780194
1870039
10764253
3022737
16041091
1086235
6563312
7853500
6714830
12310086
11567315
4988244
16436901
8752467
6906054
3500902
14334009
8969839
10727368
9684423
11763324
12913615
1714207
9529809
7326760
5332787
8297310
9811006
1219355
7859731
955189
13370079
14979856
10167332
16542674
16487779
987981
5216711
9312292
8882717
4217736
2891056
13161620
1741929
5700479
2606620
13359469
11154495
3812976
12632294
14862425
12332576
8233549
7401611
8970406
1477360
2201710
10559108
8361001
14364945
692255
8069127
1433481
10231216
9756685
3167435
10746453
1210408
8939582
5118853
539715
3621709
6295536
11289120
8355497
1830751
8240505
7682606
7696871
9976707
3460032
15635749
14190850
14528635
11565307
15896799
3626203
303784
6082170
9367750
2015131
6849792
11369749
3853379
8304836
4304584
12391873
16483202
14758986
13705973
11340027
11435117
16186270
12776396
12346028
9665020
11007590
4636001
14160310
2535582
14672694
4260135
8980652
3218127
6751577
9457734
16398004
10344094
9415095
9854900
14607563
8342508
8845086
2827107
14709146
12337035
9710984
7374485
11449384
4111731
8671879
10526113
6781626
7899437
7051923
12481768
740324
4642226
5895771
5910994
2197029
12749139
4402483
5129166
7495834
1647416
4019151
870933
14478821
6443036
15973150
8914440
16081115
5072475
16089843
4120806
6582808
11926240
7592807
1940545
15467537
5828260
4293157
7136377
6460409
12166496
12251860
12856451
11919530
16034861
9753032
3769768
12034463
13594648
6873039
15508801
7485533
2238125
11983455
7321207
10877996
11863882
15113684
11663351
15518796
5453980
7722845
3934552
4368618
14666395
12733737
5688099
4502394
12695881
12570564
6697853
4000571
7019357
6406948
13921188
12026470
9352128
12622589
4225322
16089466
5423131
4562623
15303044
15094239
3201006
8967411
12783464
591008
12143704
474412
4682226
12426602
11844221
12976312
351128
13032690
8958108
575853
4330641
2227778
7145677
16390984
15805011
14264254
12215940
13452774
2931591
5957776
7348784
2684845
4584599
12830701
16167772
4186852
10495274
11933205
11653519
9220594
3361086
12496216
1949538
10601039
13434728
6535598
13597708
7628977
10464936
3665718
9201090
12184626
10062663
11200670
7242045
16122086
5938393
14372707
9520432
699816
556154
3043601
10559222
4224569
1227914
1947544
12211332
9728310
10703962
1927051
4797422
12873202
2639641
8427363
3203128
4296643
15350488
3462105
9767420
8690720
12293037
345445
13799825
8151524
4718733
13296490
4635328
10778355
2664308
14599117
7113526
9063264
2230008
5151816
13519682
1498731
528256
12579722
7470742
15127663
13942220
6297943
5773866
9489597
4563152
3193335
10475962
4445707
1552296
11133578
13963226
14548588
15754247
13380856
6522422
12568296
14602272
15799330
3241408
16585999
4634216
5884023
7556496
1085108
15178562
881024
4368323
14680365
12377171
1268842
6913190
1471956
1481692
9462996
4221988
9493381
3206385
13305313
7805873
15411369
13819553
13284923
13965097
675963
8531342
16534369
9097568
6590313
4348050
14477822
10403139
6902596
5022324
10455552
7282835
1345733
11431879
16454497
4505640
3526562
2032419
16432756
13137721
9066328
4454008
2314598
1268753
13242960
2374594
16315378
13005730
10383748
10677583
2068239
9773854
4324904
8551727
2829454
2307795
5702643
1758549
1673036
10762373
11685315
13602319
10884521
966975
12939353
4451640
14336025
610962
13148094
11580672
5338289
3922993
13098562
12036230
7109989
13909198
11118865
13049539
14003538
2550640
1814436
5500810
3415615
3954008
13882400
3615606
7117878
12801991
1107097
503078
4341229
7499287
3981802
15220868
2935538
12195284
7692897
16121579
9302046
1701131
10930002
14511594
8120786
9916175
10551427
5544859
9133418
15161716
5515071
10753470
5724283
5265486
1943911
2046840
10730017
1852361
15414187
10158934
5106502
4453297
13534719
5761370
3353634
6180193
15082059
7720339
1950036
9441702
2734015
10781347
3750180
6067435
1391802
13225313
6730651
3441763
9874540
14305529
8932023
15889121
9917399
2866056
8623704
5660087
10900575
639729
2128271
9518737
5323755
14830963
1292677
347095
13482105
6565952
9662087
3836801
4214777
16042862
11489767
11696899
5805336
4211972
15604578
4462325
11965472
5862813
4920407
15727220
16341454
3317457
15903577
8935428
3979138
1167799
5137025
7652491
14919832
6329633
6523982
13055325
8643149
6823931
6027092
3690772
7685280
4262100
14521531
10163511
14080727
11613538
15277950
15867159
2447597
13518187
9074849
5533717
15296288
12651654
7635707
3914164
5772386
10094408
6697620
16409859
8586123
10996610
15254464
16564202
13333066
3990596
5578648
10155583
3136227
915237
12892853
9065779
3621306
5491458
966455
15794545
16285668
15456969
9711493
6539943
7500634
1797813
3176277
11311106
14022591
10904229
2785889
1230491
16506189
11651570
6466291
7768563
16272341
9947840
10613138
11584017
13060230
10279965
8628963
9077498
7360875
16333008
674991
5160152
13845521
4086230
9761354
4805528
3657509
1969335
13091584
16472655
1595992
13978411
10557454
4666148
1635263
747325
10512411
3352922
10784543
2416263
7934447
1007470
15739311
12437322
12894707
10308024
12940631
6470730
5947572
10135218
11615130
13981852
8270451
4418383
7287643
2393322
3769384
15370166
4260294
7702804
15900222
9749789
2496471
3269431
9081456
12076469
3881808
3890311
2364766
10271974
10257206
15246579
11992190
1312266
7658976
4370593
12324676
1911979
9681191
7180152
14078592
6414340
15978556
10414106
10771274
2570228
10035830
13308209
4924627
14166166
4223035
8055489
12149892
14240050
3933924
5930801
13530049
5985846
6352782
4527372
13162805
5946560
10575957
5129364
4843602
16508134
16107445
14758583
15803214
6814227
13883996
6819204
2799314
10942262
1703181
5582560
12565218
14552866
4012350
3685682
3650820
1154640
3045525
14730774
10903558
13033448
15886448
1261988
8335099
14004226
11308887
15205944
6079872
14479144
9768522
1757356
7498099
16156946
9584249
5979145
6966235
11061045
5299793
14917033
16085282
14151835
3547513
10341674
1608748
4883818
6141742
12820933
11084237
9800990
6775096
8475916
2641807
8553618
11705169
13649527
6779542
4347302
14129223
5725556
7847294
4868065
11218371
1774308
15499345
11057706
1249500
15803665
3497535
4787578
1319781
14278428
4756580
9604750
15100954
12327826
741976
7600859
11576031
12507347
7608625
16535121
5555368
10254786
14005344
14157700
5854951
13408460
7180349
5864701
3924696
10515551
10074174
7439053
9080712
909565
502401
9490416
1522234
14045846
6360775
10036776
9278812
15713392
7961539
8319108
7095760
13094781
3362594
2805760
11377249
1783271
14670564
7371556
5374094
3273806
5747048
1752889
4103467
16567143
8054013
10580302
13909962
7585600
9593415
16127997
11201534
3267033
6925652
7260328
3755102
16261651
2691210
3492985
10914464
8845728
7044337
5379880
3724585
4957047
717997
1662091
7749096
12754734
9391797
16591439
8997004
4138372
3799465
15392727
903539
9800629
13233488
10275120
13160939
10272013
1149855
3190302
11428341
11275481
16153041
12782772
8207923
13681230
2670076
12178774
10185966
4933117
11117471
3663295
4525134
5117553
16134302
11160838
16165783
7063800
15411430
14735383
4929051
4707165
3839744
13432348
9914355
9279891
2214444
11160928
8551786
5018384
1671250
10174575
15588133
8558849
4019060
6334578
2142461
2047973
3258450
876698
12736776
6114166
5700927
15852496
5377083
6246959
4047558
5158234
13048786
7088668
15068351
2525141
5113093
14096962
3038568
11116707
7414120
11798611
2024292
3507320
4128631
8166594
11808258
11430591
6786667
5082537
827565
3400404
14596945
5108497
15325076
12349801
3560676
11052865
2190793
6182686
15018328
14643534
10756420
10116571
12369105
5409076
9327729
12209508
12869578
4606799
1269419
4364754
4458259
15827680
14739702
1219489
5696056
10686932
1553385
12902616
5451941
11951921
13755281
3133727
12255846
5121101
4358743
13875525
16530712
4065831
14154961
3188405
3703087
15671622
9787455
6591278
551071
6724524
3804249
11796883
10898192
3790285
8616591
1646951
1507486
12971453
7408066
15309118
5694990
12277343
10194692
10264226
9397400
6538730
11006161
3988183
3648108
10872346
15379358
8185666
13109194
16037171
2328105
1865948
3386594
8374318
16112647
6633926
3718473
6090552
14893285
13821047
13864746
10015593
1292436
1669914
3927978
2737974
9877614
13180601
16277661
14536648
15065725
14718921
3647118
7914360
12488745
5631479
13426219
13261177
4338265
11391662
1647269
4058506
10311742
13750952
14246052
7154184
14756210
12390582
2895303
6750862
15997255
15461972
15728454
6501454
12138936
4042452
3111122
5592126
12052670
3328566
10023028
15567408
6944065
10420081
10496065
2071140
9680383
1019649
16413983
12257318
11862166
15890087
5087011
8687939
10477415
2116340
7663129
5328876
2582311
13770749
8482471
16418512
1359399
6241948
2019090
12781998
13044011
12783410
6490418
8665082
11345862
9754807
5899758
14654730
13407292
15874190
1973463
3933396
14109861
5109523
9445630
8346691
7762588
3834419
10050220
2137608
2165734
4987808
2434280
3821349
15527501
14403329
9921606
3201429
3303328
9468627
1035367
7637502
8252245
2002573
9012253
6908513
16270970
7081366
4200645
7120946
12447853
10735775
6145887
1542456
9212738
11904187
13546030
6433349
2378138
4447804
11785310
9027089
7144093
1962190
11558757
13450242
654525
1093526
4938098
9108420
10078713
13105398
3910069
9523283
8139302
925687
2432598
15362414
4171899
1068458
2698028
7967998
8625205
10379427
9511458
1899878
4389714
13595717
7248787
11004260
15637425
932636
2766581
7823592
8483348
13221503
1723774
12297421
15397876
13981786
826174
13028587
5369716
2713783
3834494
13649935
3953989
4086579
8286463
6695917
9101388
14322699
4574222
4353445
9221123
2611966
13963646
4180031
6738417
5387954
2814812
14217381
4845554
7468287
9076156
9303985
3167662
4727712
11503663
10578298
9600165
10433412
15730993
11450487
2548459
10531078
12193255
8016457
8209732
10283183
6965484
3326127
16536604
12127101
14850625
14731588
7533120
10328016
4774547
9341695
855826
9558633
2044079
7616156
9722239
12484080
2604508
8071752
6093464
2216425
7065404
13998672
6031581
1522819
11614802
6222455
6154519
1820943
12372416
6180909
3596210
7853064
8656236
8966111
7359631
10114999
12534930
8550950
15698853
5328712
2915846
2150403
4734682
14934560
8721770
12371611
5233313
13774997
5401707
4838356
7682592
4576320
6791606
10225218
5952895
5901040
3380377
12100126
15203988
10782441
11921609
8270952
4120007
9106343
12290298
6123546
3473226
6911185
8117659
9691349
10544491
10588235
14086419
2519557
7757293
7415732
7489355
12732451
4034262
16097778
6738372
3761470
867514
3202030
13976556
14969327
6922669
3668615
4155672
667454
16514340
4952256
2979092
5561408
9135237
11916646
9686317
7357659
9693543
13389564
15229128
8704003
13602129
10002451
8877422
6313270
14997657
6792056
10986944
12130263
4237549
9712451
2786147
14383308
10622209
10052034
4413681
14973937
12321603
10643521
16008105
8456601
8293982
3624591
1667660
5079073
14210457
5609526
10479929
5420034
3477703
11133797
8052323
5152188
13858431
5055560
8140961
13326966
12431209
3380656
5554163
11343980
5090816
13969098
7128591
13267550
10534439
8448028
4571471
2743298
4450377
10086695
11076607
6708426
3338464
10481249
13324304
9838072
14432081
14518316
5333289
2209907
7919069
3615471
7757097
11494817
8970044
15416331
7080736
3915672
9219741
7752803
12660908
6060661
1984178
1560868
3601243
7721496
7364378
12407633
1654071
5877786
13100397
11308250
6095356
7033224
9418814
5442752
942683
15446177
4341564
835095
14536008
16421187
6597441
631350
9146717
343104
14005862
11473329
16095131
13786832
11847399
1088893
15665452
2894834
14533225
3433026
7788935
5509763
6163886
6200738
12571749
16301901
12743293
2079547
16526151
6382987
13013040
9724444
15572838
2409946
9347519
7176319
15609503
4101968
4400723
1725506
3154818
1398175
7364496
10312057
14724884
4115352
3648389
3446014
10133360
5595869
2129031
8217210
12540520
10168085
8798862
8885766
10778329
4387327
3295210
1335003
15249317
8597532
12795233
7126775
15572476
4768365
10823204
8536183
9876172
1424489
14104389
12282721
6040953
13059280
2562623
3450537
6208427
1810431
5265957
407048
9069739
12022621
3829233
15314306
13257542
8845106
13585185
14553849
13791309
10101359
10839645
6236174
12172500
12080941
13049522
16257705
15590636
2706997
12536798
6457390
3142624
4054984
8933234
1751177
1838631
15744592
12753702
5921761
10963194
6424408
5460888
559578
12319739
11093040
3562530
14296283
10848771
12935503
1840925
15727202
15907502
1421564
3490398
3611867
10765634
10528275
15612507
7109266
2749635
4273208
9921640
4071399
7144484
1051211
4740625
12775108
6949400
15060272
14320620
3270229
3315552
7744338
5581642
3782844
13445150
8236450
2586922
15201609
13138767
2416820
15637271
11241896
3782957
8327616
1296272
14807970
12192423
2549868
9806575
8064505
12128240
5447824
8808790
12914602
5400175
10215797
14399818
7439509
12807790
16312950
8028502
3250969
1699344
4647003
7710117
1596272
14762608
5569003
7764478
11824738
9087156
7767354
2432916
3640877
6388450
10957293
11032213
9226427
1288876
11142960
9317337
11128074
13555915
491368
14700888
12397930
15395544
13753521
16296018
9227450
12965595
8911857
12762975
4254307
12687546
13298093
4125836
764976
2675740
13687749
4131642
3337643
15078553
1396541
1126881
14478274
12161335
1245950
10247963
15720633
13975652
2061812
7318099
6489413
12152135
11677932
1711362
1665913
14169382
16240442
2834092
2538007
11862877
6617208
3482133
13948582
1470761
3656076
968144
8927357
9973257
8921224
3351001
8722482
13888844
16171383
3661540
10252095
11950455
10710149
12133878
7227366
1264654
16475376
14751908
15546619
1770345
15090237
2082073
396796
677944
12944648
9646755
16400291
1536904
8783704
16552525
10182532
12834386
4923327
7610423
15116143
7153391
1669148
6165299
2179028
15395549
9172048
7245620
13893519
5827334
6804043
9763840
14805276
13742050
4565119
8067569
3258757
12467076
1611177
3851304
2347889
11807420
9063287
2095083
807549
8183868
15109778
15212801
2648096
2381197
10305058
2057833
14366687
15706373
11349349
2194910
8851986
4361644
16077583
668654
660627
3251291
457137
12312935
15169535
8806224
12388720
9455158
3340341
8226152
1505417
11559193
13434516
5868061
13616159
1372526
11950409
15056945
670342
14531070
12489979
5369324
10305380
4732202
2878967
12519354
5698103
4806099
7035079
16209603
1549673
11557392
2614022
5498900
3197230
16206021
7862891
14773395
14237140
9353485
15665510
1763012
423216
9248306
16534346
2516290
7599370
5515566
15115700
11453576
2991033
14873588
5643908
10792796
11981751
2631803
8287655
11789187
12421391
2322515
3589512
16368005
6577955
6685619
5043569
11996311
5195088
11187932
13079628
5426548
3797923
3824564
900845
11052830
9730846
2282059
11796794
5996487
4886912
2140722
7642644
12175267
4828238
1120989
3761769
3715024
15169178
8623387
6627411
14991781
8170197
5638202
15049830
10335888
12031995
8591312
572620
16038114
16126669
4116860
6382013
6687117
6259117
9229299
1982093
5407588
8988736
1453697
13409276
6582243
5276116
14320373
4712755
11313283
4717668
15008376
13589284
2661142
8118878
957063
5384431
11466425
4845569
2835873
6158257
10922852
3178743
13534113
7809693
16475184
1177560
15455861
14451148
8968970
2368757
11651332
10726368
7352444
7768384
15517995
1776941
11147956
10488565
8069020
7315641
9476197
1935299
3837686
15802918
8465242
7694587
16558294
12490938
6077615
4354087
9498358
4824643
14570004
7905729
3056688
15224142
4620060
7613251
6413671
7976710
8069517
12356015
14086983
6121971
1895805
6748935
1558744
5010998
15046903
5849826
4132090
15692428
1933628
6852689
6407996
12286482
14513997
12863150
11543106
16361505
816696
14363203
10014447
14890327
3878394
2150741
10918499
7595922
6802069
6160256
8977111
12234404
14463991
3257177
6737719
531247
4075948
4646825
2693726
3421902
6303049
11581295
8960264
11140803
6950666
10885805
3283580
8221181
15308857
8732494
12918482
6702239
7811589
5099949
1480310
15360919
6836360
5584252
15153739
8531848
7301564
8496252
4025682
7216305
2689377
13988286
13307344
15730652
899636
9780753
2035437
12772268
1180143
1646065
11259805
13835578
7220298
3102113
10554866
13204851
14083472
10423196
8990743
9080500
9995087
11522275
14976358
8025603
3573752
1261795
6454236
1583753
1398273
2984393
9520840
548075
11229555
5339666
3507813
4835602
12903680
12409269
12564679
8353943
5674343
948969
13420529
7525563
602794
12108671
14806733
2516308
10139327
11488653
10469693
6243519
16076711
9143612
5658903
11258080
5473525
7081268
12771081
11113291
16346855
9737492
12341891
11626593
5321996
13079919
12497021
11245998
5146214
10524592
8446244
8194836
15691053
3944290
10275521
15359350
5147364
6908567
7175184
6350544
8436939
6840621
6034304
12611689
908522
12860419
10996023
506792
1679023
3913830
1320407
11920155
1617937
12812149
2437034
14664166
6758872
7636394
2223272
3479744
4607359
16078120
2918120
13791350
16501029
13541978
1333674
2631535
9536705
7117940
8561261
15267609
3962716
7772927
15155577
533791
16408780
13697145
8292387
7178405
7304039
4372167
1889803
1608906
2902614
8870126
12911313
12903703
10163489
7652983
5393466
5263932
15105811
8231550
5445710
10286718
6048772
655461
15662199
7822201
4413964
8095686
1959332
7485973
10670373
15090383
1858529
8595180
14494140
3218376
6908389
3087310
12020840
5981615
1221201
2464015
11394897
15317844
2653822
8238361
1999943
8761379
16171105
11257078
1991538
11679944
4356816
14881848
10609092
10526428
7338775
3905746
4216546
4556384
2816310
2426334
7152940
6785529
16334159
1679258
8291260
1116353
12222332
955615
8870891
11388188
15098899
12174630
1263505
7707201
5380746
16325585
11888166
3390615
11414772
5798805
4489812
2862745
16103799
6382912
12447339
4021642
3925591
6913309
2509254
8238734
7709526
8907841
4306649
15286109
7920507
8951118
11838759
11253127
2601584
1333374
13148808
4718703
16483078
4722391
4052474
2352096
11013212
1440996
4855254
9420970
10852775
1480698
7714651
4544654
9016461
13428792
1718630
1488273
16410023
5841761
14673469
11224919
2205957
14364702
11338524
11713661
12884344
14901835
2245447
14283289
4633090
14624480
12785221
6550822
8667784
13171774
9284710
5415595
5437248
9196532
7259266
15731316
8377707
4813790
11562858
15300748
2506589
12108946
6044473
12929672
13051164
7738468
15398647
1515435
5775620
2262639
6925618
4746099
7319954
6252155
11301029
2634204
12648836
4667274
16498316
12252261
12196184
3029466
11095336
10903026
12545021
12247633
1317454
14098336
2219767
8099278
11473053
6757495
2333355
2642714
6359353
13184629
7739109
10849660
3620026
5051106
12290078
8926340
2822617
12707093
11863364
9614116
16006520
7916956
9800637
6274686
12767254
6909700
15229424
7650307
9534421
5174640
12286601
3188531
9618343
16397265
14882299
14598737
3005153
8855662
6800543
6618489
8265516
1016001
6214161
11473780
16061534
7203691
13826920
14465919
1255867
6789646
5588087
14033043
7537901
8897156
9196891
14777768
3154145
11164473
15756063
9146746
6972724
15100478
8677025
12651092
860106
571709
568142
11431124
9244635
6780040
6621018
4445035
4856633
4139631
9304404
3727633
10768373
767181
7516425
8203632
1144614
3832223
8805281
10180395
2399275
825156
7197180
6053915
2588490
12759110
2623026
6117517
13167682
10312215
2098302
1481734
9761208
12710466
2791691
5361484
2815212
16527448
8730003
6189312
13062643
1078535
13248745
12538322
3865132
3374407
979197
963203
13092384
13630204
7006091
1721103
10503359
12105890
16311756
8858178
1815444
8158497
13027025
5959521
10707632
3419668
10265281
13397120
7406098
13512050
12440608
1791205
14861240
14868273
12481519
15005788
12129227
8002854
4882378
14120140
6051663
9850040
1805400
12948710
9137746
1118374
3157056
6379553
6255068
3326820
15021203
4092148
1308175
2957483
15174176
7009903
959873
9920710
12387719
7869763
5461576
11450933
16123711
10672685
1463484
6574373
14853305
16593491
13535734
2525568
16493179
12814354
5193020
15106396
3515507
3701406
4104236
10728835
9492399
6977899
8523990
4367334
7193074
15572498
15018210
16390876
13842606
10516292
3795146
10965578
2455616
1598098
8019169
1295427
16483456
3622218
8128257
6005219
9808890
11707442
8372524
7358438
11311811
8586383
9635998
1792633
8127526
7158870
3865387
14797441
393824
8132893
8859768
11440174
9749701
15211784
13408108
11057669
4070987
15078121
7567383
5033891
13177182
6240597
16531372
1250018
4341423
9266731
15724221
5732138
1009625
9386761
8000380
4797976
3829915
16476866
14997673
10396332
5190426
2629975
508565
7399788
1239033
11741337
5523760
16081087
9968228
13775362
13718264
554377
4768511
11369887
13713447
9500081
8648091
13600660
9250786
6553624
13157070
15855215
15511786
3374185
2750800
11885434
4412304
7740598
16457546
10302307
12507630
14775154
7939119
12485476
5280206
11086892
11475653
1166773
4718675
4245019
11713477
2553970
10251886
557446
13135741
10321692
8456903
8766928
13817725
3183548
4892145
5651444
6406585
2491717
2756091
9163747
3860207
6794194
16523737
12773634
15628273
15025845
2682531
6907602
14825009
15592688
4827563
2207468
10365876
7951976
1634981
4869484
3608408
15078522
7643543
15780727
2994581
1994915
9974227
13119505
4738065
9547330
2653892
12805451
9782730
15369205
7582795
6568720
7792399
9759723
3429768
13799808
9879982
8330178
10586915
11797879
9627363
12145586
1496964
6953943
15355392
8883500
1340766
13282558
10028091
16402205
9018268
5469948
13466709
6173707
10491377
3471503
13716395
4139561
6827412
3112707
12329170
5920015
4170019
4761958
9564723
1110992
9250455
6522248
2337063
15461437
11014308
857597
2932102
8700013
326613
2784155
12613302
14737263
7911511
14390654
14438898
8748151
8973269
13418603
2733123
11324942
8506559
8302819
3940800
7711554
2394556
16152197
9247566
2149848
5501345
2419720
2389113
7173820
6306688
11030572
14862079
14775045
7208999
15181070
3005605
5150461
3583953
15429560
15541454
7493499
5071370
12742721
7834057
14435768
8940459
10591676
8312111
15905846
9483645
14037477
13528530
914608
4742741
12277487
1830925
4623698
13268798
13889473
3384693
15302189
2527613
6586173
2337506
11298542
2837819
7065456
10530816
10178993
16195553
5214725
8848458
5230798
15070001
1059190
7210371
1432719
13332820
1153337
11524672
6963525
15722880
9325041
11807464
13090896
11543711
13022284
1740259
10059726
7636027
12284457
3125192
13489420
16396112
10148423
1188622
9908068
8247967
13921063
15384462
13245624
3856638
9094536
11633572
4397197
11381788
6672788
4007122
964253
13737773
2809814
8088924
10187969
3687046
15164957
11544298
12125606
3486854
5808734
5410260
9160374
14289454
776641
9726606
1809598
3513064
4029204
15269889
11885373
9566875
10178749
8595337
2254573
13669509
14751149
9114245
16175035
822138
12423333
13460004
7008962
10558698
12883523
1102056
4871269
9599275
5529933
10786228
6513385
12514953
13254774
7111999
3515899
15602076
2593846
6618740
2807023
11538245
5804482
16599225
2806819
5279575
5085152
2435000
8748441
15288350
4682072
6235055
1285314
5897355
3595517
13324762
6170197
6605264
10516793
10757886
10936566
5224020
3112530
10981469
7096870
7277999
14127121
13119978
8697392
16042880
9337063
8164934
2483792
3042437
8491525
8941894
10885447
6490968
4452575
10699149
9191911
6960516
13079240
2870928
1119748
5369113
7373080
9883657
16169334
14201301
1221189
15404777
1850516
13028691
1845106
13777874
5035309
5893851
1377497
8087012
1001443
2278982
9447985
16467193
9184848
4685711
3082111
9125382
712892
5131802
5545391
6787320
5867422
9333897
12244736
8423474
16378931
8880776
9789155
7600249
787668
3637989
13258989
9498386
13108002
7628769
4851163
5205850
9181705
2919004
553262
7286107
3203535
8140337
14565032
14367725
7613377
1588465
1378884
2405428
4997048
10184136
16414045
15572508
1057816
8502572
10418775
8204997
11459003
2828516
8905118
5752576
400300
6230065
13850205
6755422
14550248
2888717
982310
4478167
5403949
5191734
3989078
8048680
3649050
15058372
11686015
3422160
6449189
16329974
3385806
10350386
6885255
15055950
15080457
3529112
4862125
12919736
2890981
13036968
15890178
10783205
4880006
2838289
15658375
2721147
1180823
8723939
6963040
5863298
1434816
8111718
14637119
1940677
13912014
3295550
10827894
14988939
7127149
16523472
3061825
10483168
6219259
6253744
3008780
10312304
15058743
10240165
2642465
730404
2190380
3648803
5605760
7733679
15627161
7436869
3978318
8835208
8635002
15729086
12630175
3053628
14340952
14586915
13999204
1558832
14784117
4806409
9771419
5093874
16244092
9509706
5731886
1247321
10580829
15999223
9608074
322272
9239209
11798912
5838511
4020278
5549301
8771367
9559907
10071231
11386526
1172230
10273918
2317833
15563700
10279825
2662981
1022965
5627849
8610368
8457082
7217828
10442226
11720035
2102238
9038502
777741
3356630
8396232
1837260
12643158
11187424
13111258
6616957
9595318
4690784
7760894
6716118
9182576
6845796
16396397
660141
8582474
10374549
6821337
3986061
2088284
4974555
10804508
15320674
8737556
2781311
12475778
3180885
12463164
7253670
15828908
16384528
15339325
4515121
7729526
16323454
9997921
3170719
13415369
1398055
13147684
15749917
8494196
11481825
3213483
7545492
4572822
15857806
5258912
4639227
7154385
6745599
15592035
3613076
6976968
12563137
11724148
14278893
16378437
7031029
7813297
11207479
8747091
5287876
13306109
3151428
10643896
5492477
12643992
5735007
3846780
12543551
3064802
14305157
14821365
11651377
1538967
2086338
8542481
5823000
13715996
13569103
11683999
11366424
2727738
12378867
2942836
10671884
12412111
11272100
581924
13220047
12192531
8970577
4998599
15242023
4657723
10456809
13813921
9004414
8072174
5922274
10671491
5602910
15570562
14546269
2983481
9647229
5832972
6266015
6747863
7103098
11404652
2400313
1749360
13761254
15437101
15413820
7729596
11527516
5563753
7425821
14466395
10555518
11759535
952420
4308289
811027
2617599
12721636
6194726
2809458
13559576
551217
2956077
10798352
2134894
10264436
4491767
11598137
5833677
15063567
1565086
14547633
14729814
10557345
14610967
1606173
3160514
15843725
11727653
957398
16142379
2347253
15804616
2878392
2598521
4365154
14346361
15728175
12670043
2351274
6547211
3856346
15047216
8962664
3207688
15967545
7299824
10038538
8741441
15497898
8735630
15516077
15608193
15589988
6390716
13410378
1505304
15810872
7791191
8383823
7257465
8979552
4665405
8320902
14553310
13323093
1958453
7819888
11160984
5925196
3550734
4968442
5622042
11948600
7029614
12411318
2523423
7005692
8258077
6550411
14114164
1641241
9520900
5209752
10407050
528089
1912257
11904463
4929725
4067708
13460782
9636433
657156
4712855
9178303
1704362
5731205
14836074
7062100
11507163
1154314
6263912
10775368
15293772
8087995
15651197
4191604
10289945
3725607
6371585
4078266
9678406
8178998
1707155
9477810
602478
7617803
12979046
10435975
1153770
14129999
2639498
13866795
8144293
1184102
7446152
9969253
9987530
15858885
6974830
7614117
14424516
891810
428399
12793701
7073589
10086530
7616076
1297992
6986194
15421897
7418665
4980273
2473855
10866200
14031701
7234939
3462857
4380438
1046405
2057638
5166063
12163917
4005053
2397897
15804219
7754085
10186122
3311166
9358973
16266983
2073231
5706668
10151657
4389149
13812753
2767873
15668450
13316481
3747251
10995515
14702382
11477718
15709349
8609535
500867
13720559
2086878
4719882
7827416
8837267
546743
2130718
7767931
16464786
1527025
12525243
5715550
13125321
6581677
3560831
8715664
1556130
8136923
7241603
16267696
572507
10311576
16017274
3830054
13630285
14943606
10423920
14789288
5156111
11023686
13479626
3818713
13689622
16251915
2766692
13312598
15482345
16495506
16123152
6438056
1612874
6711292
14801269
3443782
2588562
12894602
13920347
6744752
11842665
14102628
560382
9329992
10911876
11756910
1637811
6150847
11203481
5507357
5568079
11146976
1868870
9147042
3734533
7473559
642126
6903401
2965212
3201915
11749169
1631128
10419818
5357849
11831302
1896077
15013964
5010667
4349194
11243754
4064571
10276823
1886232
7184861
4318626
1274178
6491353
3866871
15852787
5267877
16371758
6281726
14873999
16449302
10269425
4351340
8742165
8823100
9889667
1053022
8960886
6058147
10628792
4002293
5903346
15124943
2179421
14486278
6340466
5133294
7089320
6060672
3370605
5793624
4867523
2869094
14166871
4581644
5489989
13780705
3107714
12516789
10620329
2725503
8500601
1815695
7544759
13986560
3740821
13043185
8373687
8514007
2034270
3691089
8318684
330947
520161
8939463
12502614
1179709
13833178
10981585
4275672
2235328
14326244
13649322
2135202
6725216
13548310
6496317
12236662
8906704
4842035
3385585
9391186
15369670
14060375
1050764
2844387
7244226
11482233
10400079
15457779
12482334
6247798
3306781
2996553
7255947
6890946
9338357
3542632
6830773
13568846
13715142
10731890
1471496
13186512
4939111
7399742
14586553
9061861
1106235
8571740
2252785
6470747
8073673
16483410
13318230
2228071
16214598
15799949
630417
390475
7191078
2440064
10560849
14433936
16425168
7176929
3689730
6854462
8743297
12438922
7633138
2339311
16469826
13971796
14078600
15216427
6560656
1626932
4711890
15274681
10641478
7162499
14838040
671172
3928541
7134886
4920661
12249921
10304735
13574368
13937200
1916068
6606693
8385665
7148220
10277621
12730866
7301549
11292886
14559710
1216507
6996086
6688265
5356556
8778829
5115273
14633289
4651270
15359233
1989509
10958381
9547196
7958570
4053756
9521162
13814797
12480071
5062277
12295553
1856179
12516767
9362029
13531323
15570729
6409300
1313574
15542374
4684766
10976474
11165302
15276137
11987786
6558471
10609689
6466141
13495180
796854
13998835
9510435
2847760
15594926
5045612
4232154
5275367
4400600
13145766
9389601
8391831
15135377
1598826
10460826
1236745
15516587
1318932
8453945
9388188
1824163
1300303
6410577
5279954
9130884
13881747
13939952
9943481
11093413
5971691
4027235
16240774
11518166
9392769
5648785
12098438
5936803
10168264
9269823
12575670
11052288
15724471
16592606
15374994
1720066
15164664
618383
12620201
11937815
9283842
8756688
8075131
14250567
9774166
7945120
13498216
11201831
1743391
3128198
2610642
14097281
12056248
15088574
2299089
10360898
5452764
9831869
13600845
11885034
2623584
16064270
15908029
14176227
15562006
3118092
16419369
13351960
12856118
3622336
15646758
7542956
9753901
11586451
11194739
10754442
7690045
11956514
14834156
15563160
4749061
1259023
14943590
3872028
3066927
3289613
14228767
10584417
11911539
2479931
13752978
10488326
4781729
6185578
1491350
16462551
15744417
2632720
9921424
11900537
1141807
5957204
9264153
1629695
6583581
4840222
4586194
11787411
6734248
3254898
14508969
4324320
14507798
9281606
9622173
3150851
7691815
9990135
2588465
731342
6744099
7766428
4036059
10853243
6120440
6295503
15360144
930476
9749875
6665188
5817277
7390059
2747351
7994201
12405360
4167589
14328712
2506155
7552066
4682416
5214110
16427591
10809993
15233073
10202750
14962747
3335138
13640784
12680515
12233973
891593
8740323
884718
11599276
5394562
7619530
1960769
7863360
4263248
9524341
784465
4274879
3808956
9523426
8358158
11434982
6871618
2755831
13127940
7806326
7582034
5149272
1119214
2593341
11280261
7018266
3901655
5113192
14300809
2029987
11562796
13798628
5798614
8618228
10325988
15421466
14272551
9197921
9024453
1863738
4574031
14799030
2053462
513878
14009156
3612837
8084993
11814332
16224096
3280293
1627437
16542391
5573011
9752162
15020147
8369862
11916414
14173069
15282394
2130791
1489297
8427785
7461506
11297630
16560216
15470860
6407994
14714298
15366862
12444438
6266097
7159864
380515
16043522
10085483
3097423
10577485
12196066
6678663
8922471
11301211
15430000
9361972
15148980
6086734
11257894
3486759
8241443
12369092
1777351
6793091
13504767
11559435
11797724
4908444
6576197
7950058
7090636
1070737
14179477
8917067
4698350
1081377
4950762
14322816
1482741
1755413
1573732
14023319
14331508
15686220
5163578
5735445
13391432
4343741
3727381
7246019
7448147
3082932
2921621
11064804
10531541
435742
4485203
9041579
395802
7769551
12755201
6160846
14950623
6637936
12613407
10431217
5672538
8595055
9986241
9548717
5023169
5490621
7551503
1516567
9890735
5077543
8286837
439761
16017577
765681
6422208
2677809
8779443
2220877
14113594
7681596
15837340
10862687
14193801
7314037
4778857
12500278
631773
12511388
11481680
6878301
4113680
2541649
6886714
7115162
3653509
9508913
7172232
8097502
12427759
873009
7574901
12423756
4059660
7220524
8743284
2437842
15345850
12544857
1907981
8987736
9448001
5161067
7652794
14810278
2720270
15966937
9552713
15646447
2583252
4033859
3185816
2519668
9491188
6034309
4876534
6005089
9886553
526824
3929662
2985939
9489708
4087382
1735013
14204752
11888069
5276748
1030479
12235731
5383283
14307317
15627179
13460456
2303737
7399273
12271877
3450191
1007367
15830289
418511
14415917
7218538
14148508
14276893
7008726
10540273
14531023
9196080
15506691
13341406
6510803
2754995
1756395
7331989
10494698
3304983
4657554
815568
3352637
6755581
8353159
3113422
14999347
7138457
5799929
7996424
6201047
10598162
3462786
3495000
5809671
370139
1215970
14470140
1759367
16574361
1440829
12412864
12181691
15182678
8441899
14731676
1300831
6592433
1190358
15465004
8579293
3064947
837495
3477436
3004663
12674471
9075593
11648027
466589
12188322
16509909
1953672
442211
3495660
11862639
11124794
7009182
14037668
2512296
1030977
10620251
10775977
14503529
9086425
9516282
13175147
3448127
9307079
11822286
13687483
2412349
15109414
8988098
6665069
10052170
12273493
15193930
829404
8507415
13425285
8033903
13822169
4453439
11491428
4012163
9711336
2380859
5330915
939511
13299581
9482964
11242835
2224953
12595501
11228434
15654569
6133877
8106437
5520410
16310905
16370331
327611
4469133
416191
16299412
13202642
8417926
13442759
12826712
12211779
8453808
3591937
1850078
16194716
7712216
10914878
3964303
8279169
6326895
13777625
9932547
509084
15983108
11596021
5425379
2331447
8820072
12827614
6360185
1435770
14581079
908304
6336913
2760929
6070740
5952842
12905185
9028936
9513665
963108
8744246
7422271
1182872
9142686
1498510
788740
3259622
1892391
7828562
14473790
6408202
3141679
7867268
4180272
4392908
5482241
15392141
13908641
12394638
6055921
6052354
14046582
15227643
12288788
3930145
13494649
752671
6185865
15772859
8013658
951187
5357544
11961476
16585859
15792270
14327595
12106724
10153942
11356080
3392572
15715498
7491316
16137032
2306443
15445428
2947535
7542202
13433813
3087703
12297367
2891778
8818886
2050391
11061264
9817379
10492791
11181159
3609397
1835859
6944253
14146437
12793996
13065002
12252715
8785364
4865401
2966244
8930798
15182117
4180608
5813655
2732402
8054366
8570162
6594099
11503785
1365037
8274576
530996
16434849
1940266
9597146
10053256
9359028
717355
5172042
15427729
4666104
5178581
13456435
9682010
5561223
15278601
10384581
12851367
10254358
11117869
15374776
9365183
9961685
6453874
15482015
4348365
11879661
3611903
8410953
10696538
11551240
10065339
11257773
6109335
9164427
7772553
12724993
13238824
1195531
3959614
6746521
6811139
8157524
3439646
10762604
4482123
11771655
5765344
2831213
5196709
5016018
1908245
1550451
16099486
9820292
2156674
14944123
11127128
13796818
7579110
5087585
8989552
2283418
10478823
5802225
7502303
14901904
10559665
3221271
8525530
7616722
8498982
7282872
15214521
14066692
11694995
899243
5208874
7590694
11071370
11005130
11968996
15720874
15445240
13745193
2112713
5650787
9642965
9665551
16150373
14667150
15406845
10181108
4308889
7719735
7347291
2423536
9852563
1677787
2015322
13747263
11236893
5742464
7503423
14331531
6275995
8044181
5268489
7056408
2438358
15638577
16522102
15295844
9348518
5504143
10756844
2364242
6824798
8243787
5362390
14443078
2605427
15025012
6312504
2558136
5171158
8917671
8195524
16457129
2114666
13373043
4359212
5276051
14621313
6920728
9344913
16138814
3791471
15343607
16328978
4462229
3612514
14928265
15080599
9135280
10638598
10227857
8057867
9234452
14972966
1542150
15595643
4837080
3606317
1789118
14738367
3558909
2680958
10121651
743715
1768892
3325521
7850082
8925633
4164710
1531357
7089408
16172946
5428772
1545081
10968125
14121740
11019388
9587397
7008760
2194966
1043438
8554520
3883359
1728946
6713748
7094998
10194219
6061046
2816916
624585
4521181
13684414
5470999
853939
13359914
6116299
8086185
1025290
9667647
1131634
14292866
5032165
8825052
3390060
3370823
2087681
8524706
1416515
14299119
14337446
16561644
15029740
4968337
9149687
6340824
15816752
1608842
9125082
7096682
6758399
538196
16340705
7005670
1180923
9067766
1246180
8827784
8625136
5804964
8905748
4329179
5267064
8334651
5511244
9180750
2079281
14789815
4041588
3352928
8589050
16173618
2713192
8773729
6511084
6058257
3148998
8228417
14060013
5273306
8194354
3047505
12689246
2693141
16541531
15927165
6414363
15817227
1074305
7527867
5187181
1517309
2130287
7275937
3999450
2850752
14544472
9891043
14138006
6537899
5606053
14922829
6716843
3849041
7589391
10373398
1684004
6502017
14917445
3793744
7443897
15152360
3063381
9026318
4802828
8012861
10251417
354560
10537522
14321014
5103117
2210335
1020528
7998599
6929205
9853098
700980
5059105
3392236
7526521
5785146
12170872
4988927
2649843
10411231
7805921
5101274
11596249
8132841
466257
13221130
12556975
9875643
5851729
14935937
5169885
16596992
14388695
2404142
2054683
15357247
5541590
16082460
2740949
9587164
12123037
3678746
737476
14357321
3363276
8479541
9038241
11032977
7455101
4243071
374492
15056183
7210316
9165789
1985567
16588540
6020005
12667032
10233566
12724030
6950638
4637991
16509201
9123247
1680052
2810810
7514670
5193321
5858557
3797825
10174774
5182266
4908053
9070750
1201466
13511891
1655399
9862254
15156402
8892250
3486927
10111588
1782877
13678002
14401803
13805921
13233965
2680488
10626534
14923715
3648048
14980410
2577674
2987223
9417466
2671334
6809865
10014738
10656896
8374445
11827164
9985594
669217
1205992
10885532
10242852
4516538
434644
8967015
9697044
11636817
14989242
8177323
10650037
2793157
9852990
13680188
16065790
565126
4668580
13400995
9194631
5031562
5333421
13072732
1159667
9956851
13760184
15165967
9372006
4944808
12898297
887828
3487203
2400944
6731923
3445950
8178930
16079029
3662371
1709496
10853883
16347705
12424563
12276621
14857851
8381629
10811730
11899734
13025569
4241505
2597619
11495300
11151246
5926365
8892602
1251460
13157595
1173037
6312717
11181812
4994354
11760671
14493805
2338386
11515665
1575363
4011571
14148992
8357262
3887707
14732751
8110111
8890521
8860763
12528707
10842303
8973764
8459603
12029453
3400306
15353268
14788603
8838147
14285299
11035716
3051266
5154994
1223565
5025659
1452690
2806744
2615618
1801012
13212580
6086309
12464942
11929064
7145096
11218398
5042443
14734441
15428297
16411284
1952065
5042054
12279486
7357751
4901790
681946
7342233
3860288
2848156
5606715
16201836
8619005
4975229
10035574
13938724
8868357
8386990
10260812
7972518
3345827
3104497
6772917
7055224
7093990
5769186
15976600
11799183
10696611
13297605
16576290
16081832
11113151
10000407
9016319
4655624
8545249
2845896
7393410
10643563
16532765
10079177
4642922
8388284
8573758
2289404
7590120
8201148
8540285
9292023
5106805
8698051
1113870
10732240
467392
7804728
4235575
13895066
9242278
10425520
2507619
