#Seed 3109965125
#index showed the (transformed) postion of the SNP
#SNP index
4223397
12198490
12337021
12563704
1222244
11455201
12162231
4670764
2628976
12938491
11109490
14044656
4927305
375329
8518669
8429666
8759433
2773423
4201481
10745429
8954750
7951904
4892440
12452593
5684025
12070881
10613495
6218408
719109
664774
13171323
12215180
1778461
11496654
9361425
10656755
13265307
2175913
3047080
3058902
7282584
5246960
12966163
11997450
11669965
2883934
6792132
11533421
1762450
7267637
12375793
6040587
6210357
8281993
2141001
2643930
12421841
15599726
2790098
4347360
4937878
3712305
10519619
3068887
12015821
10678255
14391819
6187614
11771083
10842314
12576322
4290180
4204694
15144518
3161300
11248714
2813940
1480551
704849
15881346
12611004
5352020
5494852
2933089
4186953
14760068
7841099
1105115
3989071
8314414
680842
1903146
5904954
15559790
2611223
1568891
9638369
13381667
8632104
8447739
3005710
3871344
8844261
8794891
2500665
11614768
9345419
6505592
5164357
7155198
5488931
11388539
14043460
3715488
15432754
15326961
15808095
6209105
3392483
6092052
4537136
14065356
14183106
4833182
13185078
13560382
2199229
8089543
587058
2887294
11974662
9827062
6582588
11198330
12784540
12283953
13308013
13640108
13942861
2598108
7302300
12516054
11316661
2838607
10980463
4069762
10898911
10351297
16247648
6730668
7260583
2341664
15184759
5863524
3516161
13642007
6383689
5114872
2270194
8244048
1654607
5745412
16519074
13421673
14623624
12916636
13141579
6870702
10257867
16120820
7016422
10452145
1017002
11890770
996957
9905815
6361773
9010147
7105837
10942686
5439172
3531269
8229674
9010182
13328315
2625068
5555966
6101424
940023
12494353
13617549
5003478
7477647
2113522
14502646
6603651
9456079
8930430
2102038
12514452
9665419
2368267
3131485
12144238
3759556
9945753
15241956
12202015
8393620
7099856
11327338
7011186
8336301
5677830
8642889
1714174
525410
7069263
10418516
5927671
9209068
7850203
8933800
12624479
10604032
6360623
6120786
2507116
1863303
13893466
10557394
8095208
16077361
1561926
7396212
7732668
6016016
4858890
3332916
8773881
8889925
4357189
2352410
10872896
11003554
4010912
3743658
15471795
4520269
6240878
3129696
8160117
9055447
963774
13833303
8676499
458274
8554005
12548071
698666
1274893
14231380
9816664
16504390
1999248
3229406
15842886
2656923
13352528
4220995
8981420
10047528
12826473
2276772
11545748
14340394
10852755
12288575
4675275
15988951
620183
11490952
7504437
10887803
8416350
5995443
16016036
15901944
10403766
9014271
16464995
14652199
5532830
10588016
9903992
1981533
12911786
4223981
2652828
2697439
8804304
3738910
10053461
12560077
10594120
1411831
6177639
14326191
15602490
6819810
13820387
1831132
323481
16396813
15078917
2841132
7810023
6958571
11172352
10705945
5467212
12194617
8124987
6531516
15976765
5037392
7792984
6553317
8287818
2955851
10479093
12024832
5553013
15173862
12446642
16412709
8849379
9570151
2826954
11147686
15095800
832215
8230293
9305244
2944355
11881340
11823894
8219889
3687315
12643749
3984395
2428450
12561090
10398920
14395488
8597315
7421264
3860976
15265647
3076800
13309751
11540537
2115711
3899330
15619175
9519475
8587498
14206463
9705194
13205708
15994255
12824784
15396137
3010347
10957864
10548321
15073991
2037737
10211838
16346200
6931292
16043425
2026096
12655839
15931197
6976665
9570103
13746177
8504739
7518326
9082251
852895
11830586
16574936
1415520
3498058
15444045
904450
9545213
2553096
12098816
3237804
15254464
13395131
8399569
4680578
16593893
5313660
560820
11582802
16395330
2869980
9510063
4771373
15395577
5944312
12667595
8872411
9616775
11677349
3610395
1428084
5399293
8521409
7943362
863421
474577
1859459
6215041
10102309
12818130
16508088
2074013
11337549
4520771
10196511
9699543
10637321
7038998
14446207
12602303
14585502
9285295
10793450
10712022
1900361
9500028
14492979
8244177
12207664
4994242
10595844
4998340
6798844
13904082
4435003
2534361
15718774
2570262
15974665
8099985
4265174
5319694
13303749
9970746
4042916
10286110
7860099
12821480
9179325
9511528
9912432
9002557
7335936
10842031
4028726
2062663
3462700
2715760
15144098
1129304
10136363
6955195
9071184
13587026
16391534
10161260
11864305
16272232
1130915
784169
15249017
9362945
7837874
1685032
12199983
880073
9326003
14450426
13765558
8874639
11144838
14242994
5384590
10928725
14968795
6280438
7481042
6832055
11811147
6703226
13898051
2542642
6687458
6024086
3281744
16522340
4112216
7650417
6868005
11990922
5306031
1024281
13335773
15378608
13016785
4410996
10921379
15876210
8659169
942812
15523196
6872797
16426417
12684270
1227313
8287651
12997086
10396097
8058212
12357594
9449519
6749907
9473410
10895916
8393242
3344899
8722707
5117146
1515010
10448563
11124077
10249362
5833691
6554000
7987181
8540656
13650237
2712688
6292438
8939038
13754579
7773899
1934145
7121946
12765981
7628035
14884232
4084285
6478252
9198648
6524957
9435252
12000743
2761507
8195748
9605755
10128156
12687524
1357325
5833337
16563900
12496894
13622699
7144977
5524642
11933397
751122
4321800
2001075
4268312
2165291
8595552
13659712
9871449
11521393
13557997
7708251
3746700
11278914
15337250
5505644
12092554
7520671
14978161
4029411
10894350
5859148
12853092
10488892
1344734
2815425
16205835
14759295
4028639
8151875
15806603
2701178
4519815
10597914
14989155
13177747
1480440
12770734
1623328
1765280
16162666
15048324
7542940
8272381
16379252
7499297
9361007
7422910
12338838
7678146
14875489
4991087
596284
11483040
8816306
7455705
4917608
5700167
1235864
12789012
16454823
2804734
5804804
4334215
14794773
4284423
15519950
12469508
1665212
1974216
15322258
3193843
14326737
14429119
845231
7983054
15765172
6935846
5134481
10353003
14779437
15881046
3472461
14410375
10249538
11433935
11211476
2143592
4364275
3083789
2930067
10761170
15720616
12015391
7755170
15562864
8425309
15548262
14684000
8161517
5220045
6008151
4020683
12460208
5468614
4245037
13027468
1243332
16364088
2093183
403857
11597660
15816382
10957816
10264864
11695870
10090327
15053442
7189143
13019897
12258775
8127941
4408954
15238409
4448743
8822290
11669051
9393174
5391341
12482847
16477436
4169269
3491813
7428012
7308077
11149502
3195751
14102009
11223063
5783756
8121280
15186382
4885606
3681866
5581149
9986533
7749472
7428860
7824972
8645348
2966801
1240771
925516
14412604
5291732
13848422
1908063
571937
1431895
8232622
6270962
8927750
5891992
2340843
10674795
5728420
968968
15021950
12779659
9476144
8745112
11080859
3051168
8491298
7971124
567411
15850352
8608467
8613749
10106443
16511445
5155905
9638480
8225294
6688501
15856577
8847172
16517107
5752815
5751784
2954185
3490189
980743
1896273
3610241
4112984
1834382
12610298
4644052
13297819
15682999
8062254
8272908
9102367
16582284
15959146
14546263
11209434
12753815
7351957
12844630
12525433
6993818
3773969
16287257
5149478
9336992
8925678
2683025
10041178
1652213
1335508
10934227
6829301
10584052
1249689
1247346
10364605
4856741
12142003
3156816
13961959
16570039
14253080
8589537
8456521
1106721
11989550
7405038
14211038
8810337
1836612
9951097
14108647
6596932
10441360
10791253
10815613
15773688
16554388
5553177
15069196
1009314
700980
11671979
12176757
4555035
10327853
14539111
812151
13676148
9181435
14094175
6458779
10594853
421231
1281528
8272195
7622049
16096378
3272373
14530895
743821
8711604
10553470
11950225
11265606
8610934
14830963
4658002
9614994
12694008
8196408
8228403
13634303
10006790
10589753
16100998
1275634
3158053
7585128
12125707
8092631
6353149
12908728
2768665
5798909
15148951
15221688
8507275
1028195
15195332
2390251
7644618
15066247
3247839
3895216
4026568
13152027
7280855
4713066
1164296
4444845
12931750
13126344
12444036
14875478
1056275
3298364
9318323
10715008
1800838
15400702
10139658
7263562
6603554
4495921
7004563
7055501
3881317
8761924
13501369
16575105
6582444
2067911
6279763
2473755
9042096
13486169
10683959
2738334
6402115
3433165
16287049
3862727
2532661
7673006
3415404
5620257
1042142
359132
4284974
10342730
2951958
14618635
8998241
8819662
11651205
3852498
2642208
14329176
542517
14961346
9793579
306273
1297617
8411160
13994564
8562788
12927339
2491558
2437007
8946821
3682317
5911209
4400981
12099415
2247156
5678108
8110455
8931436
6503880
13176922
11314713
8756076
6328430
7139854
3480402
10226308
9301990
8966031
2072109
12197098
14479544
11642016
10995705
6246814
13265778
13130397
4694335
8283340
1177560
13882688
8047319
15406962
13140301
5105378
9243282
5177774
16316292
473616
10328402
12223614
13799433
15300970
6459590
14799625
3714474
9835567
8380350
10561055
3751455
2554464
12076889
8872074
3784023
4626666
14881823
3946691
942559
13610676
14595957
3749473
8236111
2896258
6365165
12884025
14428485
7509893
12319451
3216984
5100517
9110131
13219068
4843674
8852329
5183202
12940719
2237349
9988064
8005496
3972491
1466856
14360796
6036070
1724929
7745273
7345707
11037013
4337963
10582633
2888950
11662660
2294791
5134905
15662254
13420528
1807769
13880158
6418583
11060064
10539698
8067347
2236458
3069411
1710262
2721482
12035653
9634136
12892458
1508415
3977346
2262971
8806785
11345175
11126322
3425724
3682345
2318805
14058094
13232738
9005207
4441303
9186613
11816335
11200439
12611436
2219346
6759200
8884645
4796832
1608329
12101290
4267128
4202715
12462018
13783398
9713321
3711321
3633636
7292885
9698164
15820193
2780019
13748318
12289324
1640872
16166467
4714553
11348905
11846742
8750832
5808199
1119195
9162273
10386910
9204500
14613197
14225214
4019670
4537926
490773
12090070
14807063
14841012
8681098
4177143
6391274
4337062
14023032
3847723
6359381
14486499
10009395
5683790
10986481
1050822
6817371
2929570
13256026
13107968
15153739
13134047
12778768
9684769
10712313
1300232
9656299
829813
13865256
5051228
15442168
13805251
7839751
1934780
1428359
9467422
5670339
16395546
16311310
10278392
16434406
2514036
8836914
13884395
9972239
1856732
4454831
11881975
16330680
1023259
12071076
8670883
13932672
645548
6290292
5465517
7625181
13527647
8021978
5636978
6911185
1026290
10921884
12592098
16412629
8912246
7264266
12464314
2633888
1058450
6792785
3467641
11524945
8038561
311072
15555582
14976451
12352587
2784896
15628114
2306836
10157573
1452460
4875776
8917088
11011698
931721
596656
12149474
12107526
8845936
2583770
15780810
3786448
7823501
5829191
6278544
1780607
3569659
3860707
13480945
6754068
16582707
11333814
15791393
8563467
4127193
11732019
6781653
15005868
10141529
1613321
1236567
13105834
12833518
15398250
13464507
6045678
1262689
4450704
5717321
2245143
14068681
15511655
4089875
12230345
7925157
13824123
12388355
11787454
13439676
745942
14849955
9904821
8407475
4325262
12646542
16140293
3091594
3534420
11920580
9992058
6146732
3024761
7287420
10564855
6824483
10027024
4053140
7684301
12914930
14452769
14389431
10084700
9411434
9124893
2796385
1995971
1890872
7846145
6156735
11942279
9107387
11961146
469417
9048833
12676107
7802262
3092304
1801430
3780675
846204
12790883
6353750
3992320
14552187
9099223
4169855
7577773
16478947
12618150
5564032
4446205
7410672
15241938
8722797
5659587
2311672
3020640
6988691
7616156
4590355
14172368
9495517
8355900
15866049
8738992
4878769
3980955
10419252
4391168
8468672
8025156
7100820
10770698
12903957
5922157
11264249
9119884
8359798
7183636
12412850
10999190
13664529
13756619
3945108
1514496
1202894
15040228
3292305
4932775
12448815
13087955
4517096
807191
12391626
15399549
1624885
546111
13513478
4461810
13499827
6165374
12083073
6348786
14513086
13848136
14635573
2072286
13670797
10488815
8669092
9612761
5299403
10654076
7874505
7244921
5587726
15356324
14741719
3853719
8839851
11272564
8073916
7668085
1355520
9606888
12738604
12473855
10769980
1794134
6017279
14043016
1686365
913833
2539899
10506143
2612545
9293568
12539720
12142855
3584947
2878392
3080965
4116151
3194534
10068163
6558138
9429331
3564333
1341077
13599648
7050055
1957883
8517222
8339290
11066322
4097581
9554816
9416590
14541913
5155646
4670967
6021413
9295944
12970955
11918167
12417446
2279783
9985019
12094300
12921075
9465018
1674018
16074102
9837788
9025251
577324
6906850
16074394
11103300
4892032
2949741
16219326
9911705
15783647
15608657
7156103
7461654
12497847
2132376
14789019
6662337
584481
3839788
12653668
5770090
8292260
16308202
15259009
2350056
13914189
5698777
13279694
5423785
3402499
2138350
15500840
8403974
10074056
14559444
16028916
6190118
12336691
10690131
7352841
3688539
1751202
14488698
4457829
16201133
13554666
4098621
12383646
15017005
7603871
14500328
12015829
3346788
14362538
6652142
15041318
5393917
3457530
3967151
7846189
11535743
9395687
751057
1133031
1787867
2954476
10025736
13246503
2723773
3443562
3889410
1482910
1164870
15465291
10573054
6199497
1754297
5364971
3300368
8700583
6696181
14065470
15941176
8025705
12823385
16369058
3945931
1075253
8350734
16352498
8973116
15726945
8354756
16490306
12186980
4859377
2691650
13406707
395302
5463362
13519433
16420072
2343818
15529280
3315222
4147319
9619385
15799408
5773971
2431491
10540282
4378994
12772068
13719475
13216867
8560917
2744542
7095144
799628
14250424
2251175
2888325
12845574
4461137
10858640
2399610
16474066
870255
9773392
10857091
15151377
9442502
374928
12479354
9569384
15171998
15514018
13383710
3487203
2453991
13589781
2906255
3324448
12475623
5869455
14187875
1322462
3465364
11837136
2665907
14279878
10649788
2155139
11481952
3935877
1687211
5591604
5207454
8378025
11327262
11432669
15302723
13378990
13746042
4898356
10484046
3213305
7697673
6927501
1947468
13478132
14418044
14135052
11117177
2354135
4203872
7821675
7251002
13427165
10565089
10889798
14569784
10548920
13307062
7404046
9361629
10157236
14888280
14403439
13815745
13203426
9278113
744887
14364521
2190521
8211938
5899383
2212598
12355377
10269194
12373954
5834359
14561585
6792874
8415771
2740755
9734945
8403106
6022574
15458400
6966810
1115635
10487238
14718845
5779328
15086547
4540901
12530776
7303916
14108789
10680271
15703580
2283119
11945017
6228974
6765384
5097142
10878468
3119617
4156588
4920302
11034100
14261053
9387086
4062753
11996437
13631681
866685
2168795
7189158
3929280
9168975
12299164
15885316
360557
5929844
16276029
6476288
8078690
1132364
6709228
10050984
9468387
4011460
3665197
2510469
2588977
2899702
13048786
4683445
13673970
5854597
2861742
8788722
5516364
15787559
3514783
8034558
1234663
6570584
12373262
7279776
8906696
16567018
6068440
5858218
9652519
2697255
10896022
15444556
16405538
13601558
3711277
14682562
6414318
6912217
10494329
2118736
5192980
11317071
9562348
15819561
1828206
13581581
7153930
3319477
5142523
3393622
1011638
7409063
3866551
16148062
16232379
8766092
4792220
1279832
10271277
15836427
1147955
9254112
12514772
12354941
6145060
11121267
14018639
8893546
8645406
4724873
3900419
16210517
6636805
1273426
14725515
9636038
10574906
8636492
8455064
6932298
4176703
6463170
9172225
8892080
12975305
4004845
1009183
10038666
2556039
7256157
12727579
6101143
14794956
5770202
12332814
10692619
8526614
9690758
7397757
12023340
1498599
4778353
3771165
3076096
8375973
9554632
4575345
3499267
15795715
7342421
10026805
3767572
12069702
13984803
7124405
574984
5232704
3776189
9974680
4243376
1654282
5828409
2300540
12200321
14066353
7453207
8170058
6473571
7070582
6774000
5078366
7692329
1638195
16186494
15373038
12446071
682748
3578706
11378935
10755895
4808407
1336684
7619581
16585752
13072763
5313900
16394120
14740417
4086930
15961774
13425829
3702024
15661727
9445925
15900898
2575329
5484108
445108
6189275
1863459
10251034
8869910
5770415
2495880
471018
7828491
12278065
2617652
5448337
15967876
9124714
15564720
4288295
16400893
6780432
8001534
13132919
4700530
9977941
13949559
2634956
15972097
2914582
11429814
16524909
10422072
8904995
10212861
8083323
9649036
2879115
2489172
4584048
11267292
4124441
10933472
8426479
3824236
4715458
10370298
4497695
4066671
3216485
4504415
1939431
5280753
9729246
12356261
13577141
3711696
6305918
3764405
13952360
7944208
16454408
1440263
13434460
2163411
5404767
10827870
10233083
11006284
1513012
2508914
6140109
12325967
7637383
1684409
9355587
15276565
15429142
8442074
15107453
2107732
6044444
14409352
15322526
1306375
15506462
14707957
13426265
11744855
10400120
12511709
10298464
12242452
13495585
13109045
10400032
12095238
2939266
6110668
4148553
2137784
9468393
11689929
6761924
5269521
15054461
1511950
1475558
5850515
10940587
15834594
16315218
8929696
13065547
5539037
12410595
10607231
6927989
15225687
620653
15212891
3881713
1911970
10874412
3266738
493751
510402
1664643
5167979
2051436
5391324
4910537
9774035
14371355
10513781
3516177
800896
9152778
14209056
11464879
11102410
8150749
13927780
9733499
7396395
7576679
9567594
16278711
13671834
16250400
1120375
8110606
1182118
7838471
8270071
15599386
12318540
1723685
8379699
6555956
6033603
8041310
689736
9867126
13353706
6225539
12173136
10167381
6882429
4086638
7128498
3990048
1514239
6570713
7737225
5744719
3490423
4107274
3342915
2632610
14401741
11878879
16159837
13378587
5529904
13646773
4325261
10506574
3829003
14821363
12044896
9152557
890796
6788471
3791344
990969
14293067
7418021
8287849
5506891
12581849
13069249
16537578
7175485
5893252
14918487
6960657
10592725
10541543
7538795
14392759
12771636
8669253
11554229
13392487
2926073
2561268
520840
3403084
7037015
6211566
7152050
3467952
3126537
4609624
9677639
4747225
2597072
3769466
6768824
8700254
12977720
16207612
4085894
3583292
2437837
351194
7049756
3732118
11574189
5395103
3922886
14267998
9079907
10851914
4279989
4580745
13694370
16397807
2158284
500136
7696221
14643533
8399599
2411842
15814189
2052470
15398868
13974287
760770
11720517
1395424
16389257
926287
14027099
7741467
10885094
13317302
656968
1658250
13091782
12560217
9229743
3393568
9995208
11563680
10843731
6677616
4304386
4711770
4745342
14456378
12552104
2288454
11054602
11466291
2749072
15443028
12525990
11359915
15998843
14131441
12605313
3423847
10084718
10949369
11737032
10221574
12469390
5590832
649871
7848924
3485633
1869635
3504548
13348157
12487693
15229363
6350970
11769450
11168372
2472809
15498183
15784456
13720253
6200544
7991719
1897437
11305510
8493198
14686594
2974120
1018139
6301223
7913995
5227874
1176500
10254831
1824648
3626870
2519241
6668514
3487120
7846881
7621679
2591733
2997526
10838958
15653549
4813250
14596129
12662477
5060043
14915835
8058408
2317168
316295
1009848
5379932
4397071
14254968
13762778
1739013
15608580
1856096
13979012
12333467
3891599
4363138
10341097
12506306
11318111
7527739
11796447
5745575
8036979
7982959
1880198
14985705
10624735
2747277
6644168
12899579
6116664
11699012
13081789
13140093
12615668
628956
447861
1634771
9755484
4566798
5868046
13887627
16292189
16188618
7740409
4521440
10620413
8688389
12359137
3808850
7522396
9597561
16400365
531332
5917838
16409534
12531707
8301841
2789730
8801550
13522963
12212567
12768687
13556803
16353768
8713565
3169880
8415315
1167012
15997639
9293813
4121133
13179172
5454824
11719483
10192457
15403830
15308355
7507014
9469648
15364467
3449485
3416291
5643782
11017304
10268038
12759255
10702363
10270409
12340655
5547343
1363833
4348265
10720752
16207354
9641689
16162626
308162
1412800
5617013
6330529
7805865
11231900
3112530
7719735
16106599
12371409
1751886
2294900
2264108
3204439
13285437
8357295
14676657
4259899
7224577
11844056
14597672
10434481
13359765
10958837
5018140
716231
5099711
1129760
6813990
6247280
3671988
15575881
12484761
12067828
14245297
671516
4630301
15425657
10325388
8622157
12317575
11618341
12854227
10053470
4539749
3763849
10370971
3539863
8369344
5514686
14070648
10303685
1196278
6142697
9050015
9944228
6764173
7729825
1023387
12435716
1849531
9153487
14913679
10162034
15243047
15269479
11237633
10117584
8229265
5931460
14596181
6574182
3565204
14579776
7733236
3729440
13949342
7051191
10277869
4745110
10560633
4671779
1872154
11889278
15277318
3886547
7027514
5271456
13394112
15175580
4143926
2954387
8147383
5509602
16181433
3012985
10726008
2487856
14688501
11086919
10789140
2755706
7706656
10152738
4620532
10218716
13368579
8354209
6711283
1538184
16378078
1188956
9282966
10009957
8577823
1125667
8224931
15219400
15291821
6288361
6214798
10895466
4186124
6534156
14329846
1327351
14000575
6012524
4005583
4670317
1466396
15318248
14774153
7644205
921293
5305255
10031142
12927590
4616906
4955069
2635677
2323759
2495648
13866283
9866521
13477181
4388310
13107382
14547591
5653471
11108426
2371668
431223
14980885
3651027
11078735
8798229
9717459
5638105
2388516
15065783
13399295
2358867
8886732
12726524
3115266
9456392
7594630
4039578
16529167
14754652
7496257
14161595
14957193
13681122
12067343
1638163
2815075
2948132
3145868
1884493
12161861
15096357
12498338
3714357
3403483
1037963
897831
4222758
13675071
1291164
5906537
12863465
3758102
13882486
4229850
13937701
12005190
15638146
8068982
8447847
1706722
6019657
14215323
12817567
6346968
1644879
4368528
7369990
6253470
1362803
5711297
13586415
3355983
14463438
1941394
5029041
9547084
4802422
11774505
11983989
10233219
920203
11660481
6630436
12013001
14959452
9538139
4721346
1424669
7598180
11865970
3874283
3182917
4906113
8830456
9219667
11431273
6478323
7454060
6871097
6763198
4007476
9361232
9063286
10196971
8240141
14243045
11256381
9184574
15526374
4963539
1452074
1408615
354969
9357921
14298898
2271818
498455
11843514
7928958
5748379
8864313
5878132
10836496
3567386
9569248
7776092
7859963
1020155
5749935
11679580
6902846
12069865
9310567
6163530
5664429
13532821
10294376
7722704
13627538
10582969
9711287
9662190
16070721
9828496
835693
6524447
9111302
5195959
4575117
3043120
9054543
4200907
1929144
7303498
1705069
2639316
13393136
4478625
708060
1990719
2531236
4845104
3994276
3502917
3261024
904268
11734815
10483020
16377395
13768508
9430419
7899547
11539913
4027616
7294103
3862410
5019012
7279865
6412545
6713742
11968420
9723053
8199284
15727866
5624401
15597567
14671683
4746560
8512562
10260738
5191087
13934092
12679838
6457083
2107742
13979654
9902008
14535986
11766893
15480915
10069609
886408
10869691
1841000
12329223
11216267
7674676
5711346
1360242
7428042
1366628
12503423
1084525
8817438
3561570
4147772
4287276
11788829
5679959
6557931
15230328
13300252
11352913
16194133
10867403
1623821
9155068
7060437
2992302
4273108
5531404
13725626
6255645
15876352
762759
11438660
5143825
6897157
5914835
10532789
1244961
12359289
4201648
13163342
560066
1311726
12456440
9566340
11647118
14055004
14493722
6895558
10079662
6533862
7251399
12054099
8175988
4615849
6293702
5836320
2383157
12575939
9244590
1227177
6511515
8795483
1546206
12769816
9446270
4480732
9924802
13119092
5368837
16348786
5515973
14599164
9325593
14900212
12139233
12912179
7748027
9815151
6007047
8149012
12132005
8936177
533521
14375610
10563306
15033158
1851597
7171619
4753553
4491637
1172742
10310743
848765
10499538
7773145
2350193
4592764
4381729
15173130
14384735
6956250
7096210
640998
11701406
8920476
5098914
14157181
11489711
3262775
14072257
9361499
15746240
11289012
7720521
3806833
5096356
11815842
14500448
11880862
7263557
6635544
4235745
7324121
3053612
5039440
12125523
15149822
12593364
5903106
16337532
1857395
12070960
3529114
13465714
14048568
6154348
12135844
11013702
15581900
5638543
12613887
12468576
2776298
9115014
2360024
893356
3347045
3807090
13850813
14455520
13583208
8310336
2941627
4786730
2047626
14325243
12063413
14573727
14168592
12705134
15262738
9003039
15772357
12637657
12305714
8180858
12956992
6182154
5097715
6413095
7234428
4781109
9480492
6707299
7373359
11499027
1166488
2718979
7534068
15439753
399152
8265033
8038439
15017132
9261901
3218764
6147627
735535
9551274
9127676
9340388
2181374
9400921
8104837
12359074
11197544
11621166
8808369
16309096
7659027
5377790
16224792
16422653
2634696
16020918
3294819
632955
15378951
1045306
9593195
7352449
9320519
1147984
15943441
4632397
5542504
9793123
8614863
3682001
16350872
4745166
9461333
10855053
3337564
10267607
11247672
3461452
10032741
7677766
13961784
7843516
2814831
3901017
10694405
5436508
7316609
12817078
1953111
8890413
6246124
880300
16209299
9848690
15405582
9440407
5438463
10549644
15691873
6871979
10563057
9321270
11009659
15242477
8109753
13648815
12710193
2591502
7406192
9444989
11522905
7979287
6793766
6196296
7771820
3058528
4295792
1675701
6000192
9375148
2670226
4793826
11310634
12402340
9115891
1640276
14812918
9902775
11018146
11594519
8063461
3554133
6134881
10764234
8033106
16513719
8264072
1592359
10424007
14286248
9811115
14898486
12416805
11408515
5627632
12043259
12138656
9764563
3178111
6792862
12195492
357543
4937365
5797192
11563328
309172
3353052
12041134
1127839
10091124
5829896
328602
13015380
8650996
14677387
12990877
10745675
5452629
11994645
11336726
12682220
15265317
3808102
1234637
11278213
8684700
346237
14997028
1629286
8139207
13099305
7128089
10887438
11296476
523441
4232499
16136052
13310257
5785654
9450626
4223567
15994622
1671319
5189031
10378379
12064468
9392015
13536758
15129136
14066489
14479934
15338037
5195893
4506270
6075080
5999189
13844204
10243630
5672469
8973922
10057745
11172276
10766740
13902143
9705944
4538239
3148970
5897722
711173
4032099
10429495
10619570
16170645
14581515
4608901
9883842
4408420
15634571
4031261
12910648
6887285
13176648
2553975
6308151
3091243
16500042
12045000
6157224
15529661
10550647
1222112
4819272
6327551
6483429
6101224
8947108
10536576
13966619
13098031
13226723
12781135
4171401
7565379
13219243
12827664
1928394
1317830
4398908
12797459
15390142
11707240
11563467
14719073
10059789
4849149
13707113
8956882
1332363
5927467
9268414
2459602
6482269
2413200
13214163
12684978
744222
6826367
3045359
6264000
13051718
1692925
6455118
9822550
4512369
5233834
2047939
12637959
363165
5876877
15336507
14501551
13989629
1265021
6175242
7686768
5039273
13327007
9194534
12480166
4495629
15151923
16185371
6514586
12624873
9835278
5231943
2531498
3766350
7384163
6394010
13194610
16533467
15131853
5496961
10155080
9426881
4575826
8045410
13110658
9617413
9386090
16513547
1326535
11217385
9226684
2729511
7882277
10033029
7719009
15291602
8343388
1698265
14652406
5638659
6517059
6214877
14452008
4768602
15423546
1729317
8168055
16405280
5540634
6127109
1059463
3654796
16073476
14749780
10619808
4504080
9124759
15154699
2457408
4354563
11696616
15230549
8797255
11999213
16378987
2070280
3682958
1687416
14951989
5044394
12341265
15782363
5059847
1303683
11599520
5373776
2313396
11339760
570015
9473673
10463193
15258633
3968152
14091231
2383580
3418105
7103921
9508456
5238063
382383
4067556
8858061
2175509
12497210
6324815
9678923
11855666
4277523
5434103
10460459
11198877
8722249
13127390
1109288
6855594
10038967
5676329
9025699
6468700
12010104
9726262
13805218
7150975
12275581
1106562
6770839
6339765
4059078
5413983
4791549
5042921
1207838
8546344
9768772
3461201
2862375
1202189
11524703
13589941
6438237
14655757
2184249
14002027
16348664
13052002
13367835
13384228
7403354
6453824
13991714
6888334
4330342
3218919
3598677
7227554
9864529
3429469
13734816
14181122
11697992
10044242
1527194
8940671
12331836
8063333
957686
9513870
15141539
4989034
8219243
15379242
11358809
16070794
12705335
14327209
12001051
2446290
16009735
13562632
15701768
14541265
10060799
1965325
11009457
9697135
10774139
4499736
3440035
15304661
10943996
6563047
5636958
2322532
4828756
5679401
4961435
15703273
7487299
7453924
7770862
2279890
11750000
5297407
13515287
11175355
7577864
14528692
5009392
1441977
15730539
15826737
7038665
743981
1821614
10932726
13523643
13797383
12149910
469959
11616869
8725502
12658252
14048694
12159437
15484114
979978
5578755
2849698
11324305
2633567
8154322
9401051
10897721
2831735
12346811
1161943
10444528
14524672
8071053
13775187
4975186
743392
6553226
7944849
10170617
11125226
3923397
3125282
8175292
12147850
6702127
2303525
15100241
11826308
7266775
6587007
15728309
8039944
6758885
700274
6898143
15829707
7833427
11324258
7751821
13291704
16103821
3026106
12119378
9191465
14439630
4408391
1353585
7577041
7791415
11548908
2695016
14237594
13924493
5642796
4855090
11587966
6396595
6774592
13533302
15491659
16077913
14081802
2013248
8407621
14370445
9722682
15656794
1743985
1315604
1066658
1774433
11230948
7655805
1526806
8649600
15973481
2227992
12131856
2163342
14863415
3532531
8809835
6485589
5705308
7417011
9885744
7156772
9878975
3627112
13483585
5324728
9486918
2471271
3460624
14949480
9077162
9174865
12321833
11105028
14032900
5675015
9739422
5375609
15267271
6256479
8111277
3683670
12316934
9332080
8900328
6121879
12017146
11019166
5289725
1356995
670543
13871307
8408068
11445887
16247368
2432648
4872570
12755734
8216493
6842665
4298860
1258139
3682456
11757145
4717566
7143910
15955568
9142900
10496527
7744705
3231605
8741600
12767357
15002265
15032261
5584635
1343618
11681012
14874788
7673795
14024522
14930199
13700128
681545
10761400
5355917
11228798
7340846
5301894
9713237
6177751
8845570
8440864
7161234
4362767
12150914
7332873
10699360
15492416
5556097
8805467
1764258
3222149
14958445
6152612
12138772
8810453
14881579
9461524
9081161
1544522
2128675
4084778
6682690
1678763
9226323
5927663
6538037
16236510
958432
963533
8996426
15337553
6883347
9694904
5321900
2966081
4316258
4401962
5435876
15989233
10334633
12017184
7959649
10282093
15679054
11497740
15596887
4203615
8959407
15510474
13370623
3001221
6433281
8506753
4764471
13687809
5345806
2221438
4548805
5338481
16133722
8916118
7294601
13616753
1997933
8043278
11940254
11496807
15149300
6732750
10933427
4858654
5733763
12756299
585482
10258565
10868996
9201659
11713308
5921551
7500439
12602445
15433509
13862717
7492081
8933448
11140645
10944099
12188175
7628341
8081833
9461392
14359612
13966719
3569798
11601575
4885725
8324427
1784635
3226197
14808811
5344290
2878540
15802251
6473850
8912888
14130532
14812946
5644739
1907010
2538630
15789797
10327032
1114909
3029209
1655721
15801468
13519700
12996364
13907595
1770270
9958795
6153477
14288949
9625084
6651585
12404518
1424606
10497682
7392051
1289769
9440887
4039017
14053190
6621361
5314907
11407496
4766253
9534882
1307201
11463963
15215496
6588786
10041394
1657063
8003028
1922712
7170468
11578630
11914668
8566681
15868926
8152326
2452204
10997009
9993091
9663343
4116817
4534687
5835776
4856437
14439191
16026642
1999901
5808630
8661488
10030444
15144102
12890834
4578047
12291469
9825305
3604074
6399413
4483804
3450557
3533430
10428725
8202354
6651352
11371025
14729788
3141558
10547344
8212696
9225330
13084048
9109498
9743283
5433707
14051272
12809986
4299649
8722962
4831291
4648538
9101968
11870124
12486249
4955890
9325533
9698860
15527760
10633073
10061247
9756899
13711112
12966947
10747472
10694866
14445348
10459169
15388024
1205805
5861506
11974927
3443372
15969417
15965942
5383780
10700447
12303577
2480906
6530141
3343003
3448803
10124897
11427972
12267007
12005454
6512183
7751085
7393571
3200336
2034171
13165838
4950823
8573248
16012939
6880813
9160075
10157729
5701225
2138843
10026360
11067287
10636342
8904413
1512448
8836385
12035596
1742408
10826550
7997141
7737105
13831020
10361706
13175525
6896432
13256238
709454
517126
9982538
1704368
15723239
8289227
2477411
11691544
6955777
777579
16195796
5104010
11346074
7511273
11069728
2312428
9305101
7927910
1355368
12818970
6556462
16345869
9378982
16055491
11609109
12450122
13675534
9014351
10415025
6264052
12722928
3575243
3643566
5162891
2140058
7211556
5779890
1043311
4228367
4304295
9017561
12494224
12151494
5829699
14520441
6245534
1185475
2883508
1278631
10054859
4097712
1969099
3562548
11948529
5609348
1052367
5598264
6470379
13481077
2301313
5497830
8790693
3619511
12391787
11543773
1213638
7714561
11075332
9404454
3346308
1171511
10983337
3143957
12728125
6217579
5092515
10093128
2406030
3206453
1889585
5282941
2605032
2906036
3872453
5358787
4463869
16150388
1132617
2501732
10865512
8419928
1180365
12397510
15743822
11591523
11774016
15391015
4981194
9623387
3814170
8450021
11094571
9432902
7965784
15535931
4363576
15266768
4082974
4859343
6595023
8144013
1393862
2375951
15843128
9112781
16123630
1305759
10976099
12134286
4949889
16412152
11252878
746195
10375245
2426212
3826397
6144711
10000872
10658333
555950
2827068
1285766
5618575
3976696
12183378
1841101
15895970
2378223
11319362
10450326
3106591
825720
3542532
7968765
7896625
15031481
15580012
1543467
5233221
14557026
11562979
4978435
8283080
13522973
5310618
12246245
12338088
8803723
6707616
12852668
11167659
14988903
3656484
1182695
12125448
15618035
992280
4817902
5361828
1583471
9421669
6033664
6042261
3862326
15785973
6087849
7441677
15009129
12707424
7094313
16305462
4529877
12641173
3717502
11795701
372415
9314519
7069693
11278639
791564
16533762
1941834
8354122
4754395
7577044
13455216
1795444
13899759
8813564
10984363
4206670
1437017
4066826
1568974
8918591
4946474
11281732
1541796
2199402
5872643
6510620
1704916
10237550
9903482
14805523
5883449
13578063
4965719
15060790
13174144
12569554
13141191
11962700
5875993
741099
5967720
4046795
2470212
10622209
324067
14737114
10804782
3743405
6991954
10726261
14454723
5442809
7410418
14040187
12144311
3109850
15504003
15606574
16397955
8976645
15285459
9936126
2546513
15611663
3429526
2462371
10473389
9861337
5272837
1561524
5241503
10103000
13173958
10810542
15329667
15252028
2794714
3048359
7629045
12520466
16533184
6507615
14285561
12395727
13543726
13165219
13672609
11874672
6574679
8331372
8312005
5517510
2104371
8180173
6840102
8028573
1208932
10665796
2240326
5182327
5137991
9699450
11083970
11810052
3276940
15160935
9981754
15235149
1864120
10973440
4383947
5361948
2727584
9687748
804010
5260226
7434937
11316273
13618174
13860023
11306908
6002303
10642210
11145550
4047897
10891727
8256058
13977030
2438716
4732661
9993694
7855465
4896792
11434272
9159092
968341
11366651
4501915
5422150
8180596
3885593
10162995
9156836
10812079
14520475
7931855
10936495
8313349
2061724
12079114
8082147
11870018
3078697
11412506
13183206
12571733
9098420
11176007
11013356
11275636
3784881
8015073
10488019
16528642
4267897
5193834
14967495
13410378
8861442
10480950
8614659
13810906
8218485
6917182
13844794
12357551
8798264
12193924
6430360
16456439
2932995
10312550
15380586
6452985
5893666
15261919
3025679
12903011
6921815
653913
15748035
9571397
15051601
4943148
8877371
1484953
10134148
10840522
1277555
12638272
15695988
4239284
6762130
13549562
4799865
9970528
1858391
9429476
10743180
2384728
13522672
9400200
7889995
10906827
14719924
1039777
11770843
6584205
2489277
9211608
4530540
6427222
1298724
11507298
9467732
16127441
14446631
7959740
10383671
12102833
7210778
450102
16281555
4827607
14650274
13412223
5542370
2511798
3218219
6130074
4957937
11595937
11106419
2456102
7602001
15362157
9598149
10982347
2716740
1041801
4924354
8606020
5664587
2680841
1607338
16248808
1810940
7432918
4133241
9980849
11040263
1642383
8884553
994681
11545674
7877121
5228750
824453
12526232
5854675
5334770
3033889
5775710
5536684
11764921
7719739
6703254
12398314
7084662
15433271
8892933
12581746
5066257
15075841
1643200
9146959
11148929
4937276
8241912
4026800
1151937
10135862
7458292
10145287
6159936
996352
10933929
6091774
4382129
4586564
16231453
952815
8889316
6741299
11360687
1748145
7950853
5519317
15981837
9439231
15802997
3417421
5854047
10488827
8236728
11017308
8898251
2760172
14748618
11906932
9990682
6531865
15702541
2034075
7696696
14996093
3097491
16444589
4758263
476829
1029455
1863323
14067054
2762106
10423620
16460006
12486377
10640820
6595984
13893832
12139353
10749827
6055485
1537933
13747370
5817025
7782834
13546252
9204660
11168927
15471343
13679938
6109942
1212859
12407711
13952056
8098902
4357697
6259718
9399909
15978109
8493961
2347651
1241894
10238181
3648188
6883354
16238113
9971844
14707649
7747312
13096472
7120420
6925804
16012273
11756824
3006824
9439783
7368915
3988516
13226273
12261311
13377762
6503646
5741057
15770460
949683
15563723
11630163
9700326
7226952
12475981
9963003
5935551
678792
10187073
8978102
3703615
3040511
2864608
5906989
9337753
4602999
5954051
15178137
5976772
637981
3809603
12703473
10789440
3854756
6056929
5543362
14006655
1472413
6594465
2858259
15683204
1051211
9378161
1738660
13291092
11396888
8490988
9222812
7210746
14050276
7929261
1496463
4976210
2855931
15445139
7801927
1029877
14233174
1495588
4343298
9007487
14126021
11346438
16277617
13399720
12260237
10222042
7031737
13570454
13834674
8879497
14780095
14066453
16488517
13102225
16408018
783168
2733940
2085226
6977749
4473267
730828
2971692
3163994
6299367
3064260
12382705
2170275
2981241
9357516
3431516
15792128
6759886
9443680
11469002
13537039
8850920
13907090
11613967
9089859
9574723
4802112
659367
16197041
8348416
12106066
4816802
3520529
13961684
642194
8897622
12366596
15755311
6404452
2010606
6451612
14958555
983964
4397434
11994915
13400972
10767730
9975716
9963538
8850245
6747083
6902546
9188681
7853716
10980514
9727913
5777856
10780650
14370389
4307892
6297918
11507200
16058797
11732382
13297401
6859407
7965803
15402531
1842494
5830283
10527031
9116401
5417731
2145248
9069960
4837215
3267049
7144484
3860187
5570714
11436414
14996912
14669010
15315022
15478739
9033885
4575261
12951803
2715812
972796
3623078
2021995
15308311
6064697
4629625
8587343
15262253
4638622
7552827
4190532
10134731
3916344
12991403
7248498
12673829
12524380
7372277
11704572
10923491
5235449
11076753
15710701
13700611
4900381
4939111
10641849
6013000
16470927
6105314
13623224
9685500
4311765
3319457
10820554
5745060
7981232
959219
9211023
3796271
3814916
3870508
2625672
3018310
2649650
3548578
6325684
5004746
11504582
12062989
11966991
11652684
6455492
15595951
13401020
5993597
16417501
2158406
2219445
4571199
9777711
16538397
6685705
15239154
6817930
6386978
4183049
13321184
8004730
10993165
3973692
11251052
2470809
10781236
14876334
8846637
6351698
11821891
9323105
5771924
3425549
9057599
12170942
14112091
8452265
8219449
1373171
363085
15016359
4994859
7873585
12125353
13810651
8934420
16146089
1217803
11025725
7010296
8099416
8444760
6999639
7570035
12093260
9363960
3700494
6846180
14324812
7185790
15608949
7518705
10835387
13050807
8496884
5970999
1749133
8299879
4083752
15305207
8817200
14245275
7526923
10227701
3651590
1196222
1405269
10284110
4001087
3978761
8995907
13478606
5588084
10370902
16378691
11530031
3461217
8627709
10016722
7474774
726844
7018174
11134319
8471921
1925392
5033202
522692
12960154
6086587
11812039
2048046
16571074
15734191
13204904
2857884
13427751
11337993
803192
6177450
3781883
10959174
7416409
8036240
4521057
13643381
10852400
8553921
2497219
4533486
8242400
14748189
9308705
11965192
2582247
4785752
902918
13192407
12708537
951664
2409639
13111332
10761177
13430441
14537313
1273383
11477273
11351762
6435545
12126637
6835355
13079896
4027014
6549792
13960940
1200241
14930006
11450487
14289497
13385141
8623101
1192338
10275006
8121255
11471045
8613526
11649546
6581367
2851333
9097129
1141150
15160167
3761073
5681458
2184155
8971590
2104423
13891592
10674469
12426500
3620910
5911162
4119501
13497719
11785939
12555510
14540150
3297219
8632929
2466374
11464665
7304424
6556966
11813324
10045661
7851690
13000864
3693976
11176381
5705357
15762898
3474999
14896069
550598
6578268
14201123
9719938
6224570
16056130
473652
11514902
10752635
624400
13022231
360373
5208718
5511682
7374107
13366614
8687729
6465420
5187075
6153143
1938019
1306618
1317439
8329539
11247703
8385665
10620850
3606241
3126719
3408831
3751834
6485732
16197957
15226740
10871643
936337
10494901
9212728
2010322
10623478
11782359
4342456
1654576
3923550
14462025
8261690
2898147
7382671
11699623
3135029
15149051
7619072
16436802
12576228
1141732
2426170
11389495
9792833
16565965
5831520
12393515
10216555
13104943
15965977
4726299
12362982
4425187
9246747
15575972
6696471
873433
9450161
5509082
4989022
9121892
10509065
2805315
3328541
8714862
2482926
3021333
5426445
9801102
15849695
9676351
5705076
12473329
12202149
8201383
6255602
16222619
10551327
3182654
3250174
15003219
2867108
12106866
12911201
9482718
12449167
6843685
8287629
6454634
4692000
2886712
4310445
13814738
1920329
5526657
15114181
3414345
15151088
9121531
847308
11578173
6353462
9890966
5824972
11444013
6758555
4232643
5521301
1291454
3497495
12754359
4329665
3645235
14994411
16326465
7957599
14286579
9724271
8785006
13552700
571235
4403788
8166921
9378502
3335244
12377204
3858945
8225414
11199842
4685248
11385842
6190130
15694695
9622236
8277016
4078763
8318884
15244301
3021220
16034273
6233096
12887269
10783699
8479453
9973257
10148454
4270663
13696181
12317596
7439739
3407788
11820766
2164054
9392921
1693185
4729044
15436591
3858834
8082751
14488102
1004178
2663619
8108479
7955123
4782595
11519323
4686471
11464868
9681290
6536036
2841987
3733261
5440021
1652363
9018967
11268218
3075987
6293383
6325342
7431247
9422603
3134235
2006948
7322184
14990210
9966163
9605477
9174556
1949325
5237305
4857959
2851286
5628975
10814452
14746045
9306803
11762011
5396678
12572683
10158257
14134508
6817702
1089711
14090563
5499732
11328869
15335448
12975389
3580444
9932581
5861339
4788819
6152423
9860702
4766154
1521786
16125393
15799071
2979444
8578159
8975592
5958412
2208045
12453601
7760892
9742958
4942783
1014364
14352833
7815854
6021598
12414269
639930
461534
13388653
7566517
7110118
10435913
3189137
8289791
14737540
16353843
15709529
6248029
11908126
4485269
7278152
6977301
15756302
3792655
8032925
15412842
393639
10669058
1483131
8429216
6562718
2624982
3130632
6106279
3324321
7113526
9033433
6517358
10829893
14765876
1761998
10941752
8213617
4421642
12916242
12436023
12231862
8000106
4116054
4929860
8317970
7809693
5625290
4501349
6670483
10042884
13027760
1926474
12884956
5120601
10180724
4206127
8308182
3072705
4816066
2051296
6071762
9136487
15077841
1540871
3924554
422445
15977432
9766031
12301419
6026046
9824371
5156472
7194888
12824907
8642590
10613977
10425062
11342717
6747153
4778356
5097630
15227835
8824207
13153333
11086826
12576218
14811078
13683021
3242489
6315400
3732595
14931950
7307160
3675451
16455206
15408784
16251955
6429595
8619886
1555907
11161865
3478408
5101340
