#Seed 3812627777
#index showed the (transformed) postion of the SNP
#SNP index
6918917
14865449
11708971
10212022
2370765
7194471
15627968
3525166
15920345
4993823
3454988
6641341
11392035
7503716
1024731
5147016
13119334
14117009
9551916
16065099
4601558
16142238
14540807
15144028
14034238
7532914
13318492
3973014
13219794
4823724
15971500
15999473
6173994
13723923
12193589
2698284
8330084
8731220
13440170
10913704
4859136
3544984
1496371
10811627
4062530
12338283
9444914
16428517
13856851
2520664
5266598
3810536
9263915
6876154
2764759
11965191
897314
16429033
8700013
9523173
3957730
16093469
1279201
15729611
10052808
6257870
4498244
3863604
6525507
10264477
1086257
9434679
7267783
7609700
2808458
13689836
15171063
8237535
1983947
2541731
10041852
11999262
8445337
12086892
11107743
8352956
11964646
7663250
12208371
1508410
3240366
7526470
5830406
3621147
12156009
13515287
11710401
4055910
1725284
11038544
