#Seed 3689257082
#index showed the (transformed) postion of the SNP
#SNP index
4836405
16243944
7214325
9559531
1172172
1867216
14198079
11635658
13331130
6419706
11325017
577390
5790313
15256624
7215776
631767
16550695
13395507
5763497
1739009
8550507
11932096
13012516
15009253
9928556
12712659
1749161
7099087
14363602
9428438
6104982
9358647
2474384
6798343
6231080
3526721
12150141
8373177
8624218
14520820
11264161
14626467
4351340
5192747
5657845
1216508
7529304
10874033
12371252
11466939
13362024
9030025
8917749
13177104
14618734
8619760
6458694
9587848
10117932
12980913
13640171
14296185
13666475
6841315
10005055
12307356
15108799
9089596
6897506
7124635
8640149
11462078
4556543
14975780
6912161
6604314
13381620
2836552
12461576
5152476
14742557
4259374
8944223
11220126
14170887
3237078
12054176
946926
11537775
444054
16277474
1921639
13778331
15313961
14002197
3110566
4087652
11911343
1868374
814422
4324738
11617507
11075427
7941082
11688719
14579419
13190906
4075775
10318568
2291125
12352113
14484681
3180151
3758708
16332484
11563689
13852606
12599548
13961355
2616953
5819422
13145372
5841410
6962780
4848253
1886494
10088867
11309686
5776099
3990588
9062593
10107462
1314619
8545963
14903158
14972463
10990587
1087724
15923685
9275082
8569167
3415308
998290
8578503
1347982
3245334
1772584
14785728
6831280
16033897
9846558
12169552
2437926
2245772
16590138
6571282
15422994
4848694
9875816
2704427
7260567
5138304
3560176
6792902
13914189
11243118
15094669
9057102
4059397
10477274
5786421
12685916
12598452
16283018
11622135
1234496
931944
13192227
1371233
12026628
2632964
1552405
13284770
3839594
3243558
2577650
2351376
1600131
14353469
11143703
7412211
7876405
11885735
1654737
4486693
13637905
3339293
16474719
8547934
9435108
9815472
9437506
9318955
5981880
4411430
11672114
11377370
703210
10383220
4432101
6888633
11639022
8582023
5431742
1716477
16304849
15561225
12030053
13143475
5393419
6064635
7945708
10954657
15711600
4464890
13300406
8568240
7455141
7534966
12978848
5810716
5351181
14595371
7693978
7493311
2400969
6673006
3305466
6578625
2643358
4056782
706381
4427981
397380
9459716
15580817
5601254
3398301
10695790
2959644
5416679
817363
5258166
10143144
12110783
15097710
7923117
9103979
16249400
4805753
3697314
7374775
9881555
15098535
14885555
8906364
12583765
4274642
8080284
9056014
3404656
833946
7317925
6160446
4785118
13964468
12518213
6322337
10484497
1898319
11324050
5090784
5957068
2371952
14301263
5518972
9831299
3860513
4084319
12707783
5348510
3834058
10359424
7659918
5471333
14638377
2137733
8039225
4629254
5766274
13926665
12459024
11076387
11981046
1988473
9985323
16529606
12115356
11009015
6631144
6286081
14657388
11528297
4880612
11486550
14008789
4209321
1319306
8622696
11473288
15818018
7738536
7397769
10290828
6670147
12998663
15984605
10171425
7048108
1442516
13426979
678147
9502108
2075789
8467453
3385189
14946003
16311547
16068395
6700544
1294944
4624521
1657576
2016665
15992072
15474617
15417782
15400137
6195725
10117956
1700504
14594865
13306840
4149137
12671189
11816789
11347749
7944809
5500918
7740143
758874
9801780
3329654
1139495
5865492
4162639
1669098
4786795
3789041
12014969
10705838
3452066
10600183
14118497
408630
11256641
7280354
2921886
6905454
13651016
8915306
4674406
14994063
12686765
9394274
10100386
6998034
6045712
5290725
6036606
13108142
2244027
15213346
8659601
10133400
7394607
10920987
14258944
7667708
16060587
6136396
15615916
14421694
9791150
5466135
8893061
9901347
8718910
4964173
6708377
496949
11834766
10669026
14216750
6573533
6394661
6836437
620792
8779574
15243749
1795294
8214017
16157625
12759081
6741999
763943
16462590
4973459
14408246
8370470
5384795
8986130
3199603
8536925
4826517
15331129
11060790
1737525
11687928
5224909
2807327
16296300
16329857
3615380
12148993
1679436
15871816
9916430
5686671
7556117
1446867
4670930
8461753
15424284
6204091
5213014
5860641
2782493
15849598
5274929
16129616
3022220
9789739
11903843
9984225
9906862
6391534
5756162
16337192
10494193
9657701
12503573
11595579
5095435
16242514
8199809
2930348
13726533
6350708
11700721
10279382
11060812
7291820
15780071
6431466
13752582
9225069
2179304
15841705
10357527
15881642
10452714
12616025
14769265
7308622
14477205
10232332
404561
10567227
6553972
13713260
3339535
7690456
15389792
2275851
13096765
5546645
15331092
2660439
12576958
4097763
1472043
14395440
7289985
9396943
15029441
11112672
14274736
10512997
10341530
9947203
13909315
1912935
8227496
14431906
14431737
9454061
4880697
5609475
553142
15271039
10370532
5461235
6269450
4351024
4846286
3964948
10500494
9522721
9972715
4484478
10524797
3569200
600704
3079746
12818328
1969635
1718801
7619581
9418414
12433721
2739391
8737186
16423061
977462
5420960
15660695
12664040
5353589
2623991
9303943
630489
13120337
4639610
7914522
4050151
10239092
11784986
6387197
2569458
12771499
1177028
5883675
13729858
8922195
3497419
7718333
13434728
15221766
10188449
10943090
4093651
5427081
5499599
11156635
7089909
5081029
8980095
5808504
3435113
11600947
7887021
1471256
4492493
14433712
12745501
7273050
15297698
6871205
12126498
8298746
3127618
15573355
12759922
3060203
8099372
10572551
16507541
12547607
16483183
11334873
16435450
9242995
5287625
5128447
2451324
2030508
8234365
11188341
15256087
7960680
4857750
12723748
9005279
3905873
15845246
1811551
13909249
9282296
14033541
1759794
15482164
620483
1521311
5691260
11853570
12169162
1230992
9308574
3527212
10903114
16553418
4909424
13695303
2754716
3769888
12416362
9317455
7532399
829933
14184249
1500705
2571967
15818561
15160836
4576927
11549829
12316942
5110172
3035590
8197010
16300477
2219083
8720783
13675899
16482942
12353065
2233820
1507032
3996490
1630576
10069696
2771117
1562236
5592351
1308175
5516982
12595113
8676417
8629449
8063018
13266054
7713639
16346962
505984
2731579
8974492
7559561
12815155
3935809
5340816
7030146
12154525
14416622
9553628
14963931
6079384
7925936
15830654
1493447
4629625
5076037
10103527
7934398
736281
481964
12545831
4829522
12726795
2916118
14305297
12397510
8041926
6746248
11598537
7644317
7603407
16119743
3867262
14062559
11545189
11992538
12657626
3572740
5732345
9775515
14984027
2939110
12601814
12467754
12127851
6427640
10042378
5928784
11822225
9429476
15068199
13010887
2858738
4587644
2301628
4277119
10911505
13107380
9550525
7778643
3830709
6000953
14916184
5813736
10982063
10721354
15406308
9054635
15306553
3057159
15481461
4835404
7221697
11976597
10199279
12274459
14477239
10743422
7006366
9312156
5131237
745550
11085410
12375920
1908171
9489518
16005436
9721538
8441899
10572485
8519823
11715246
8018754
1735168
14131966
11533859
1114754
10631556
11547193
14322361
13278755
9024169
12223783
12250687
10496855
14816595
4956975
14902324
7950724
16029006
10787041
15691408
10850624
9646692
5530530
11697099
3027611
11412506
15582398
9742278
7383336
6182018
8739021
11428534
4430809
6377139
13576414
10300043
4930048
3748303
426075
8206923
517788
13958165
1013138
7820987
9107271
8235206
12058072
11210327
2891426
1028398
1913748
7560970
3470750
13077416
10025163
15572508
9228366
1551972
3446944
9439179
14206290
3259782
10519182
15073134
3778600
1989131
14042149
15978994
5591154
9208489
8088140
1280458
7484868
4707406
8652219
5651877
12395964
3455548
10837902
2907101
9460576
11145304
8962007
11128180
14940062
14144240
11972125
3147288
9860948
15610513
3177141
11996370
5235530
15297107
2874115
8063104
4391193
3308701
1137267
8145669
1769972
8534061
9565946
7083748
4800744
3560830
2387995
8739120
3805160
8362297
5399449
2152126
5989295
1866312
11132710
7073021
6641948
12159926
3810172
7437485
14694217
3346991
15181737
10459104
5420085
11429733
12809002
1192185
12613391
14354503
2522988
13901541
1627305
13475294
11802172
10321091
12266344
4797864
617000
13313632
15971677
4825932
12131559
11572071
16094180
6313259
10330379
14087453
3268329
1251702
10945318
12352882
1982260
11757274
4362172
14077490
12145098
6350076
10531748
10955703
10494675
7308258
15705132
973658
1118942
2593130
12672271
15204285
16006014
7064781
5925472
8665754
6584165
15036268
1620924
16488286
9963684
9570118
9832531
15040022
15717532
8761857
862805
12062847
6823982
9038241
5173765
13575222
7648925
1510125
10103534
2636832
12028130
14901357
7072653
1564967
14719155
2283410
8264159
10069736
9801574
16455360
1213768
3364418
7544507
11438889
9329605
9421502
2547180
8298554
13961097
7666751
9131268
15178902
11296275
16404443
15836460
9347191
5554875
691268
8309498
5843590
14886671
3280739
14253666
5060404
682837
6061695
3389497
11484888
9904712
16340867
881999
12896891
3132746
1830547
1295680
15068826
8182092
9068135
10830724
3727871
15915191
10444399
1704338
13206349
13729545
8868052
16442328
15413706
8067204
6426276
6018017
12890954
7413983
13008319
3552236
2939614
2403460
6834076
8742101
3187726
12884206
10474530
13194891
8819583
2457272
8849819
14237175
9247488
14061673
6680959
5065557
4631001
3821402
8988695
1651087
13883805
7210771
1475121
4859587
10498365
4679035
2952840
911581
16210135
14783645
6552475
4526455
6731347
8398809
9248774
8532477
6098891
4072167
8983972
3200106
15233271
11848248
8838263
3431391
6245754
12014004
2017842
4402936
1292198
1762771
1240980
1349740
14894871
14889982
3977310
11682618
1114909
13041571
12175765
1551423
13479113
3097314
2812518
1167547
3553414
6519649
3847291
10608212
10768189
3295640
2178945
4302875
15345363
10058544
5332363
11470791
13174106
4001819
702607
2135151
8022224
4895451
3221228
1552929
5132458
15896529
10672980
4825608
15460511
4945695
6271390
10711450
8799109
1169190
1733509
3738763
11290238
7054208
6801544
2537037
10692653
4999317
9335248
2001184
10677997
13974763
1601103
12249208
5918901
2556604
4701740
6833396
8438674
5617858
5907429
4815898
15833453
16161354
7414459
14045054
3297295
8807665
14652500
15144676
5631613
9153551
7325004
11215581
15649943
13374798
3638515
7411868
13314860
12886814
5445600
13718681
13722327
8265638
15602849
14393442
7421245
8627526
9631467
14027146
11966218
6985166
1784081
5236838
11255940
3975108
15243677
15919883
13490053
11715998
353816
3387166
8127890
4175141
14402821
15904322
15981327
12735856
2111426
3189022
5313405
2847676
1066450
5712168
3877001
1693442
15403506
10012965
7688015
15584676
4624040
5973639
8867027
7058483
7441815
16511445
7096021
15511349
1684122
12512007
10444005
8609708
9079570
5527048
9019739
11981272
6592887
1901055
2999347
10295539
11662034
16475194
11439257
16130443
8933277
1181779
1610868
2382206
1402737
2148224
11162114
13976070
11769669
14187409
2968260
5832168
10983629
10435995
2210682
10032888
8153505
8296880
5002083
2575308
6127124
4270590
16122485
10278108
12552686
12757209
9679798
15943680
6702315
4435721
12895284
7143675
9196205
9307658
5307124
16423100
11919090
8342380
6631707
12390975
14365630
12674537
12517354
7131088
7614016
10249686
12090675
13317569
1222237
3982809
2762359
12213818
6305662
8846074
11053443
6134230
11609214
7682356
12656773
14095726
2521824
1538922
10592600
13337472
12342605
5861631
8991490
10717721
10040084
1084328
11801355
6116839
3161035
9519002
13987336
15468055
9210048
3621204
5369287
10361900
11681784
3919275
3464617
12216620
9401469
11456156
8968285
13270817
12484606
9341245
13528225
2358860
7964683
15125081
10044494
9458215
10055958
4733739
1678102
11351340
422385
10855990
465296
14992379
4402346
2066708
2081026
14049700
13720887
16135655
15704336
11569693
1004030
1927613
8246926
11684213
15527154
6975559
3581521
8555109
12147355
3572269
2812439
9237693
1016503
16244331
6979209
7537778
8631970
8317346
2807054
13480801
14465340
15767196
11917509
13632891
8878639
7003223
1992888
716573
5829246
16393447
12152051
12656133
11496621
2131158
613104
3833737
10700847
12128891
12306268
8182084
7875496
4242645
8608713
12570682
5245298
2868936
7109266
3045935
7115635
1835261
5023953
845796
840923
7902076
6805127
13012990
15132642
2299013
5934168
5167993
9335978
6196890
14226267
9655696
16191455
7361265
9111517
5959460
16409696
3666091
6420762
5705471
3492247
10624248
9918666
8981457
8685031
4738185
6786587
12113262
14360161
8874949
7386002
6475257
11400014
8879434
9229156
3958889
5102666
405050
10555853
3836955
16256089
11672205
13674321
1809586
10161533
13929056
4032363
13750964
1123092
8848875
16216953
15814695
1729595
11863901
6697053
8064012
12303213
7800832
12330928
10986420
15023657
7179893
8358511
8224470
6214949
7674746
11565148
5472441
14641376
11118901
1750670
16129138
3831650
12705031
3686816
9631267
12815776
16554617
3685707
8307706
11539512
8732692
10798974
13663317
1131338
13165431
2164855
10166262
13864622
3683874
12650470
14402792
1030925
1351335
10395065
10030711
4179312
5532515
15893470
3500426
1482555
2410022
15295058
1272009
9255350
8007990
11310965
3594568
1035697
10507388
661047
10592682
13681571
7301549
327072
5457507
9131639
12929319
6692866
15277583
8703223
15359510
16460334
5913565
6169838
14768448
13781480
11694218
7233709
1700089
1773762
1757827
5576088
1637578
1600066
489473
1241325
11362345
9515194
5694560
8242437
5860034
9529435
6004782
9367346
13885161
5703147
15567706
12141587
3455956
10716920
3613443
3379454
7823098
9091308
10929671
2805194
15818527
12385542
1316396
3647605
5776037
2814675
7059389
13359217
9758343
12070782
3980633
11092344
15755507
13070157
11985681
4737003
3545895
12916394
15865205
6004563
9536690
6327551
7616631
2161611
7421468
13440098
10426369
13352430
13169717
5484911
3242637
8481256
5267597
5200301
12613953
10041628
13158747
1339523
5239814
7638350
5642066
7186771
8328744
3460313
4770000
16592726
14571364
2592779
15880308
16278589
9327231
8030238
1995715
6918636
4341026
1219588
2832094
3595157
7695069
15910906
6068760
15715312
1637199
9721638
3244446
6199223
6147471
3393709
1683902
13907268
11995022
13428796
6419846
928793
5584824
7137622
3726214
7828567
12184390
1606120
4183044
1051996
7456167
1031134
2393675
15327101
13970011
2475144
506263
3481109
8686508
4966208
6461566
14356453
15342889
13197757
12558507
5823730
11665240
13683869
8039613
12840964
5326574
3738887
11479116
5530487
7769931
12593305
2340852
9880779
11900552
3105590
4209083
5821877
3786039
3948204
15763318
14513880
14385879
6504439
14531758
3412094
3803160
1096852
13548588
15179165
2466266
1777125
1959698
10736990
520205
7000266
12013752
16521488
2141568
9302064
1011139
4142973
8652196
10941375
2767150
5362632
9751728
5205813
1049755
3010131
8219772
8744477
13479390
16547224
13146061
1982816
14060909
918103
6535895
13488809
10173864
4775438
15623654
9329353
8995101
6724276
645561
10072895
8999024
2352562
4838272
1254298
13418632
10347171
14097812
6449337
5256889
11572361
12321619
8584978
9525696
1915360
1190407
3591956
8739935
8320145
9085388
1294340
5564344
3417036
12202581
13247941
4876926
6502820
16120158
7107629
1812965
10566315
13285576
10220407
10892518
1220972
13267702
13416233
15832488
16288888
13709211
10130773
1890050
6996849
11972810
9026448
6660059
13791368
10441376
5094671
11410800
2372897
15490322
1445815
3103163
14134280
10628011
14866623
3702035
2377320
7121908
4714244
5895027
5174309
9265217
12058122
13183095
11841346
1976223
11647246
7048997
4183975
3921229
16168540
1577347
9196194
8086178
6218408
1562044
10720946
2520329
5349152
14102316
10669862
3905270
5675276
13607825
5807863
9658655
12508091
9093562
9385573
9404673
8267449
15205291
13671561
4602231
6489581
3001319
6974974
8212849
5516305
1496724
14159690
376571
4245037
2838963
9971920
10769115
964990
14520852
12916842
7634239
13827198
12658884
13059478
3363676
2299987
15581435
1194165
3457747
13579286
2660270
1124881
11095825
6676367
10227032
5866852
11843257
10951933
2868618
13921133
6043751
10423989
12329943
8107421
10582381
10883147
818982
412041
2144410
3826069
6430596
11772362
12564379
15914994
12137756
12996033
12785321
6608756
1229093
14710232
5139603
9823320
4900161
6765375
15024592
4474443
8502317
4743222
5689827
3349116
5327181
2385367
14523451
2934336
11070306
13464147
7902444
14418129
7380859
14470324
7131986
10794738
13287277
15967222
11357836
9309621
2738542
6497614
8049724
3559409
12560124
7398421
12935382
9791810
3499826
10462235
8940100
8378504
14183916
5186504
8540638
14333577
6140114
14342234
15574722
7449166
8633177
6820262
16270586
15410610
3741041
15488959
8291167
5274765
2371203
4081148
3329537
3087727
6571080
1983461
6090168
1288467
3946209
6078492
10984601
10328671
5364991
15425106
14435949
5151519
16468094
4514187
13282065
14940799
5002127
5242592
14296317
6125869
11005918
15108734
9203640
12450651
445797
3326820
6710911
16257387
7393149
1322802
4344622
15074796
11827572
6933976
2340901
9073768
8639896
3194831
7974061
10578761
16081248
3514393
15149167
7426022
753655
6744387
3736340
12057370
1614557
6139378
945497
16392409
14692031
15495182
15285223
15505235
12272109
1654464
2674607
6429590
587011
14939490
8914321
14070919
9619415
6063352
5926372
5992286
6729422
9738985
14399499
15787780
7407285
14602049
3797761
1619758
13697520
4111240
11563609
14200265
14915361
8371870
5624963
3884080
4791742
12155726
1470173
849343
5081489
14241060
393873
12022233
3214640
580917
12392998
8466996
3848858
14588966
5691559
1539592
2430763
15479616
1299954
10376736
12516545
5787693
6570151
9439717
12403971
13275587
16471708
10062128
6744816
15963691
3658849
9541729
9046048
4939832
4458653
12069702
5002888
8453963
16070569
9895278
5522666
4344099
12230080
3036534
895977
13446783
13011658
10066010
5270370
10406507
4436691
12183223
5559063
6989962
5410038
11971652
15858602
7175364
13126938
9913992
2803265
10312550
14445653
8073888
4652364
1978502
4737812
5530808
14437846
7563975
1608748
14372677
11413803
2931827
7422144
13247745
12586334
12295879
12144691
7026761
9596267
7674559
7247913
5172044
8081153
572520
2479241
13718133
3239735
4474417
13668569
3278093
727692
6294494
6457079
3866001
12104137
14339938
7422182
9547354
4465928
7671083
4435847
1326109
3666296
11314584
10669892
3005865
3591139
8550383
10728207
16054604
3114184
14391244
7151116
8775610
13721294
12623714
10219109
5282637
9248806
4347459
14763130
6452003
10735294
14245317
9090455
7395926
10479675
13988987
9835408
7986771
4085839
5513736
12259645
12404518
6398652
10308619
8300509
1732052
5306931
2866056
13939199
5799194
15406828
1182035
14401212
6951333
4660220
1518306
4148263
9170960
13428893
4966912
11914039
13456316
5506781
12654559
7712678
647245
9036221
10164906
8725334
585508
4283254
2835910
4102832
6141943
12876752
7903580
7666442
5483855
5585392
8940649
10809312
13722992
491687
2760164
5881288
10237886
11506879
1227309
2519488
428644
15031590
15923186
14489989
2612049
1974965
6074878
3954578
11678729
7569266
8311140
9869219
6296733
15919024
13953088
2496934
11741954
15158186
1945332
15611297
3788330
3787519
6754664
7086129
12074494
12233731
4653552
3623193
10890460
6953539
13044001
16352724
9228530
5000400
12964286
918897
4180577
3918097
12286787
16324680
5952728
12165750
3652397
3708184
12243355
12679224
6250017
16523359
15921856
8666008
10875473
5381447
2637861
7875319
16034300
14977968
1997710
9783935
7560976
1825777
9980257
8014874
8347678
3541023
16490428
2423021
1877480
11984826
15007358
6010905
7198328
12875274
13689272
4710088
14191615
13992802
5978059
7757729
2363547
10437751
2781409
16132472
5822469
10626367
12312222
9139709
15062218
901740
16328972
805329
6743680
786599
2075502
3578123
8605896
9172048
6226878
2829818
2231005
13387388
3485351
15054912
12497299
16529979
10760550
9942344
5151905
8246765
2236251
12153424
3576826
15086497
10844533
15357130
3199779
9720536
5618276
15982724
15919912
849256
13407972
8141328
10550214
7656818
9688948
14488587
1393981
7601911
7676121
15116475
10458826
9327298
2333656
8096124
7184493
4724091
8302006
15624557
3051815
1113522
16175845
1855653
3651124
1111891
10853701
3799796
8758706
10264400
11458543
3760733
7220435
10057291
10212127
11846633
2037048
3289524
15350862
1260828
14642656
3501770
8760723
15607270
3294975
6018138
11755679
11001240
6610145
15540198
8365585
901373
16343920
16032894
7261534
5828775
12899489
1114161
3966396
10634861
1889941
3291764
4367460
5460809
990361
5699510
14524839
2755995
9443699
16473062
6071013
9605705
15376972
315134
4794401
8061452
12658000
8085272
7468848
1959187
1422642
11596777
1846435
13926299
8715998
6468427
9938321
10564601
6221095
15590218
12729344
812953
15625412
16377384
14650591
713940
14777090
16207285
1605859
8677162
12645131
3032650
1550825
7895860
12361501
6933058
8143812
14161084
887181
4806811
6424257
13415293
10518778
8901783
13989551
4769083
8924888
7790634
11150846
14779120
13297401
7630632
6114498
10754511
2592615
13316724
7439053
5647750
11884012
6363108
12681626
4517239
13073626
3928678
14355025
8451889
2156771
10354306
11445074
630887
10609595
13354721
14544894
6164839
1522194
14396063
1606317
12103608
1012336
15292213
3618191
4639859
16200789
13895146
6763161
7124153
11021327
10882184
8833455
8068947
15076707
14321423
12377092
3600831
9052966
1098896
4647160
14183121
11380222
5414949
4709707
7105932
11174161
1101385
6811127
1005807
5079757
8872267
12257721
9225982
7971094
16191854
15924225
12124142
13692132
12145164
9164365
11483066
682074
9006714
8369975
15875775
3474489
9044005
10839483
2788425
6762070
7811222
6616203
13401348
7404071
15441218
3912477
6320150
13025777
2459551
11830129
5086606
1164981
4828453
4946198
2842759
8136189
16506944
12876837
9157529
14797899
13286522
10706856
12701759
4394952
6304837
8227379
14078224
12023997
6600869
3038244
2698207
10571464
12020680
1867456
6336353
1838455
4106088
376942
3995545
708917
8870600
6249229
8886763
5941846
16350649
3407654
13517620
5786844
5774700
3937970
11863643
913149
4997215
4982114
6897180
341638
6280757
10863549
13738578
12541243
7978095
8242332
8071716
4124191
8580579
9965671
5538857
15595553
7504304
7897243
7453186
2972697
2700574
2322631
14016337
3103342
3442278
11136656
8215136
14792855
14069076
2903047
6128178
2872263
7032553
9224835
10725583
14462598
10045720
7155344
9303914
1011783
1739362
406629
10723646
13569885
4434523
10846171
15715126
12081832
7445238
5559902
9702032
15732159
2296931
15115386
15793182
13961303
10804945
3148825
13879295
1188317
7451520
3096890
9200926
13207478
11722614
9479844
1207038
12434802
8026649
1450949
5002793
10888651
4389587
10652600
13804848
5638020
4072046
12183665
15765903
9752720
9376921
2360434
12283793
12889698
1983659
11333861
15457813
9913045
9546742
358891
12447278
6777641
9700908
16401896
10350336
8629922
8228219
10666984
8614688
2840686
14461528
5052353
15351067
9623025
13348336
5747935
7518027
12886418
4498726
7031313
6300713
14944475
3374636
9456518
2137842
9750496
9295110
2961601
16453164
10467162
14963303
3766085
11775462
15749838
1189924
4274839
8345163
8131515
9544424
4284706
16372533
10500497
2100336
6248577
626466
14023788
9428212
12574917
8864916
11985052
4705562
14356718
11113064
3248270
14053208
8759353
5845890
15720160
2034841
12897440
9549894
3991299
2693420
5248688
8258959
2542193
12494044
11897145
8100565
10467277
6560352
9915517
4174576
16249197
15648828
1911263
11757918
13693743
9422258
7873585
5403189
6007223
6726562
677653
5163774
3971057
13905248
15037156
13301351
6051415
7522662
5253651
13467839
1824052
15237095
13656527
9406553
12668477
16152277
15607219
13357452
11030117
5226356
9826434
2058478
4489597
10204784
16419779
7849119
3848392
3181216
7751651
5027456
7998176
1668734
8413367
3343847
10237280
12440471
6031581
1081334
12405749
14471338
13325616
9343135
15116026
3900506
1988258
4039052
16011306
3937050
7436013
13700589
2180464
15210006
11881340
15125813
16453013
2390469
14395497
13069698
8053070
7970021
12934541
16233950
15349889
14553679
10083157
12185627
8267639
6029969
1910581
3709713
15758007
13907163
16046871
14801225
5107104
4133491
5406840
1534305
3252959
1850721
16495875
6045191
14229488
735393
10307058
1484520
14239312
7510910
15652182
8022089
5981799
3604276
8391182
11602030
2611063
1358992
6379196
1198499
8106863
14364057
12028783
15294618
14119820
1323571
12753378
4568995
531692
16027482
2071395
13185456
15036390
15520107
1416781
4750099
11377725
8649686
11258508
10859779
16415907
14348851
1063565
9692300
9397640
6023644
4177756
6590955
9379913
6309485
10206127
2824801
3108252
8636724
5515342
4898624
14373621
7626307
3001540
5434578
7367632
7918219
1981024
520047
9934239
6254295
12377357
1535262
4566681
14178039
6660402
10908550
12268199
1077613
15768837
11807251
9369383
6664484
845660
2780856
6502061
10452791
5351128
8024080
2460745
6560949
953530
5314414
10079769
1441212
1620148
12796934
14308081
6841167
3681953
5793786
3396373
15209496
12946102
1216726
6114509
10370914
14387203
15697342
13369449
6004764
3261009
16445446
7148968
15112314
6445909
14154829
8834673
16597348
13959574
6441266
7043761
12447948
9770653
7389440
15140301
14915788
2434716
8095667
16502659
13743928
15401994
13609059
8145059
14754274
2250094
5896753
14517182
8024391
8181316
16512965
3679592
8544216
7890734
1827666
2478397
2700068
15862356
5522211
3603229
5858975
8688101
12846573
8756209
7396863
9803677
6950519
4400981
15030220
4793935
5838703
12399574
3786980
11285039
11427972
5795777
14971202
729050
13201132
9854835
7176934
12643563
9569214
3601997
10684457
11636727
6621818
4684600
11977166
5619339
8381155
7971527
6252086
8362459
12916699
5978639
7220030
15093672
9092276
7782048
2121599
4912131
8193431
8983015
4449153
14792967
16465328
6794315
6058316
10422980
3007502
4432535
6708684
14538314
9026753
6503696
16401164
11664506
16000212
7633512
13986738
11277814
7358612
1971214
9765713
10833020
5289356
4767594
9425452
7772035
1599455
6758242
10857997
1176484
9401417
14721319
9882629
6042437
11681012
15979624
7333176
11258230
10598644
2283119
1266645
2262617
2120155
3249667
5577149
13387548
10796283
15229582
12131418
12285657
8501741
2391042
5662817
5585591
10509966
2813452
12668844
6785764
3938485
8529046
15461099
5804765
7091045
2244030
7416960
15366836
7006469
6833019
3467831
4361993
13427213
9094740
11487852
7676809
2378021
13522886
3489415
10389347
5660704
13446803
1050796
15506122
2840027
1904449
12654740
9097175
11279284
15028847
9525624
3931306
11505423
5240469
5133161
3700560
10196030
8127547
10790903
10418004
6311908
1425018
13988971
3534041
15089788
14256440
8347019
8250506
8759511
554740
1523205
8665268
595099
8767720
10437771
3533661
10803518
6190401
6565858
12010549
12217517
5340126
7602143
14286694
6747116
12340432
15154324
4808706
5817127
14161262
3368682
13063127
13305313
12439890
15539166
15371891
14941479
13888621
3244025
8027387
13733348
6450756
5073548
9086187
10858973
12564613
4595114
8153995
5445736
16577647
14379698
11043002
3686268
6817449
14434963
7944849
10469955
14294853
3234105
9390995
11580579
5349526
8070491
11216602
15064305
10206864
8212095
2513650
7421984
15660600
12773047
5031607
1407640
647223
1770167
4308543
2848320
2176044
1077522
5804178
9604265
8946879
15510195
5843924
9378150
3542006
13558463
1092903
8770426
8875070
9286242
4704761
12317922
3295820
12137446
1462440
10520613
4801988
15760912
6234360
10233609
952815
6562037
14607498
11621210
12183493
3425102
15861007
12825762
4019202
1454466
16554703
14496816
8356019
5402994
13387359
8940726
6303947
2039822
15714967
3274120
12918584
10466651
8518125
11184808
2306066
8241388
10365303
14006405
9236063
16187896
10605519
8192221
1604779
3532324
15858717
5712772
758121
5664037
13944636
9183171
9832888
388852
12764694
9614110
8317023
8601857
6174883
14983863
12002911
931302
11401161
4609025
4370866
7679608
10536124
12802783
3327023
10486755
7423861
6601832
5789686
7342118
4125610
6977001
2606011
12992583
10063599
12674148
12755249
14597742
6833614
3971048
9631088
15250416
3359768
4436331
4262267
3954152
5301865
16067780
8250648
14532263
3039514
9250755
13067716
8554254
5104839
10494477
4989947
2239972
7946974
6838964
6998360
4820463
10737059
9499584
1768899
12249417
5653756
4322487
3331033
7192675
1271413
7184851
10759736
4198060
12575005
15792564
15191538
12721175
5787508
15811229
5487665
13103411
7979469
7469991
15764353
5712848
4633655
2203137
13840931
7450170
14096356
9442142
7166779
14265303
10031912
5425535
8754045
5610633
1826187
1911575
7914745
11629140
15121960
1274381
14113554
13979271
14559287
15450235
7045402
14221574
6004209
10446198
6503900
3947819
11484895
2884582
6885492
12517018
568922
1947383
10103579
15766040
11105730
4884363
13156783
9325622
13729279
5809738
4449294
619451
2432140
12249836
8833279
2871439
8619553
13575429
1466442
4063291
10779054
10221405
9938209
12660983
15663551
10339495
2285101
7782525
1433749
12790426
9664669
8807536
3332735
14578561
2004727
2800914
15006842
9887750
11706843
10435814
6439272
12990690
5683588
13017311
15402525
2591919
14648922
16503330
10302160
12534925
8239297
2223513
5818866
6215744
4917744
4060790
15159065
14803213
5607914
11831174
1034657
11964193
8318028
3998790
16296267
6591031
12545193
12114113
5105808
6168767
16149833
4060050
5255198
3085955
1749973
13592312
13324360
11392116
3283898
2595468
3910687
7301390
3056879
3443173
11441180
9264153
2234303
11994753
966031
3955597
8547467
11776242
12620126
10490400
11581064
5954594
4993788
1152367
6019889
10214336
2497475
12756896
8947674
8589538
4436522
11644289
15915593
8665479
14110311
15112193
11143106
1967949
2291394
12657829
3034213
9142706
14189093
16521203
7512663
13355818
16548134
1372100
3174009
5711767
759434
11142516
7370144
1417011
2498056
10544721
12859590
12513755
5564774
790442
2924527
2491427
8802341
9369595
13965782
4182652
9535434
4606449
6589881
910930
14694865
2327663
5810090
14075697
10542444
3180296
1414138
5886244
1141658
7777273
8088577
9785074
346307
1561524
12641550
7290373
8110413
1630644
7731824
16299242
12214050
4016058
10653567
6030932
15111808
16490195
14794914
10181141
10460972
606551
11921369
14648167
3523811
13929105
11279122
1080285
14522170
16384397
3043465
10394447
2944930
7282718
6843516
10210962
11370783
12156072
11678594
8359994
8821274
4958590
5187931
6270383
10153172
1510199
1410991
6878584
6367979
788129
9399862
15940946
12166160
16476051
8772872
9739937
12669241
10380671
6122408
14697236
13512789
7035977
7123865
11148144
13279124
8358702
9476436
9371471
2477041
1525826
3733925
3742178
5175786
5976902
5621423
10101049
9568321
13673660
5512526
973537
481829
14661480
9596130
6345441
12090342
8975494
9558636
6598193
8936346
1560425
11831696
11335056
10608970
8656607
1742148
13995111
16071189
4999436
4265645
12007573
11965012
995872
1261084
11393399
7134893
15133396
12627728
13919477
5280661
10553173
10196501
13037431
10635215
1761711
14831376
13001481
12507901
13399709
16144940
6513106
8339615
5121644
2556562
7486317
919656
10799662
10293611
16105649
1574550
10576054
7280086
15933952
14940538
11675806
11046967
12552318
13200979
12930828
12770120
12794134
8125156
6454192
15706852
9557747
5899654
8031346
4616130
4750452
8185087
12414724
12207029
7405922
1210682
6005277
11586540
8653442
1879915
3832720
6015044
6836006
5475065
2837285
4453110
3952288
2520637
3778530
5504785
10327500
15327623
12357583
8186467
6190899
8661701
9419232
5254335
11844117
14238618
7668907
908871
6940328
16324422
14944423
12472863
7821707
15010417
6050960
10860639
2238751
14566113
3550358
11418679
10928601
2896145
9399066
13739820
16105125
8509183
9624277
8819972
13363851
3235310
4390894
15922466
529962
5744467
7879131
12094925
9008809
9259448
6686373
8152207
12911266
8063297
9139287
10663705
4747343
12187607
5980108
5926290
6557766
3382663
5369385
325398
4456621
11547213
5572414
10894194
15483151
4679758
2010550
9769130
6862530
14084810
5678901
7498281
9105526
4491228
5358497
8110252
7544938
15391253
13259621
15964595
15956084
5612327
3940003
762300
14050188
15209565
10243810
6344144
7734964
12455658
7758710
16076013
10236823
10312404
3077918
14173509
16306247
7660526
3424428
16531749
4824035
3152046
15543134
1036774
5116595
2215268
9991424
15372034
3698572
15239710
10362258
11830143
10265369
1466680
5323227
6298765
9160242
3589298
5745041
2607787
13388159
12031362
3540927
6125726
10088173
2184439
13897900
6567776
8482211
14903830
12091409
8099034
2305592
16549905
12889107
14165655
9381782
4246404
13637777
1885872
3989892
11769377
615163
1778511
3310252
550129
1396075
16469869
2438479
12446600
6779023
8259270
9643219
10556498
3655222
6547970
5836463
13133301
7373137
2696387
751305
13371971
1544723
13591959
10656321
11421536
1001709
10778023
2368194
13921113
10686814
8992436
8947959
7003473
3281466
11294191
14297771
7079283
12184415
10853475
5840406
5993285
533333
4036077
7087379
10233055
4898963
1958129
1393457
10693926
1423126
7994951
12261279
13827127
4713956
6283931
881728
4339053
10135219
4739756
5080032
16015110
4768663
10553494
2609996
14021610
14559513
16035138
2533197
9235653
10350991
16550743
15158867
1345839
504849
6819415
6462858
9094149
10178320
3864444
753045
13126224
10178714
2355074
3267282
16198012
15848339
12983675
14326412
9804474
9572638
10696463
849385
12291756
5102632
11607780
16119356
12300706
1654124
14466991
7103553
12569848
6565898
4996347
9026638
15186261
1123153
16025394
3789911
10688886
3305237
5789172
7103276
14859750
3288279
13185588
12315115
11128601
2910513
5126129
16067157
5060188
7877394
14388386
15797654
7672290
1260403
8697148
4721989
15124431
11562017
9722757
10003453
9890272
3737094
4133450
11799038
5643670
10836154
2650195
12775497
14128298
14999347
7031218
12881077
6652358
3151553
5468105
10209755
8070366
3233702
6551828
14168977
8076899
10660878
3685818
6766592
10301571
10770176
12779488
3084328
14811334
16073476
1723057
2007997
9801787
5268781
2374767
994787
14289497
5685705
12736692
14790949
7514585
2737237
2813063
7282945
6361569
1571886
10731911
3867456
1873120
6759911
15851670
10864239
8805434
11487861
5567152
9664867
9219667
4480418
9686359
9500881
6644196
3848062
7658415
2255188
16199384
715285
7184344
12970255
9694047
11318615
7177041
10008515
7537497
14752591
1497930
1900307
12434773
6326698
6836387
10587069
15613292
10524305
10718797
14833115
15100884
10383649
13721728
11659271
6513821
8290264
11967012
5888896
10646096
11893227
2559694
12093007
2542705
1295802
5713944
13247670
3582632
8759392
16536881
9741733
3739306
13873081
11235757
9231823
10925353
7990760
14006274
667490
3164735
13130714
14996231
12618975
2766176
5751173
536490
14473154
11266003
3793475
1126201
1502570
12277683
13507664
10305896
15471795
8770728
3035889
15540419
13412918
4065230
4023592
4193049
534784
11855520
15883965
13180592
16133155
4552126
9953172
16552472
10856239
11998132
12659184
10306729
12902942
614028
1161580
4043997
13541647
1842548
10001947
719114
341128
987554
8630642
8806886
3053688
12519980
9831974
14867365
2733517
5156525
435102
1558105
9879955
1071611
2008884
3789606
13060118
5219731
7565360
4049371
15958306
14953098
10587823
6218510
3945945
2258429
1797524
14612499
14859956
10357121
1707708
3583039
14366538
6536495
4562013
11540412
3047147
6877614
3168980
13517012
1740272
14986371
3556703
10822574
7101791
3595785
9372446
2954730
14371152
10125862
10028725
12372425
12027897
10133425
4366962
8601631
12983640
12272355
4098850
5661116
6923368
6759134
6929205
4125962
8544127
12884024
3681843
14734199
7401731
15474454
14859362
5283143
9953668
11048674
7113835
13381304
13768866
9377018
4750969
1597179
12964484
2987090
10270957
12834585
12260357
12353073
6044426
7197821
1376244
16545112
7307956
12197820
2759948
12251214
10122584
4153543
9973547
571954
2063114
14037076
8987770
11386164
4652279
5500708
9861798
5811979
1961946
2080404
7914393
4081057
6282377
11654623
4798461
1333926
16016532
5320292
14152227
15543574
2243579
7931435
10276583
14875039
3312472
15302858
15086252
5069241
10191628
6007225
9724188
3584844
2665068
8814787
2364998
10269570
10780212
8724530
2741378
11329793
8095696
13673322
9121206
7813114
2673514
10770819
3096818
13778845
6232625
16392178
9526918
8239975
4506447
7090914
1570096
8558604
10536576
8315307
4388544
11365607
13172429
15540851
9318245
3797712
10072333
9283125
6958457
15420584
14580080
7134417
13949983
3935594
12219751
6949613
9137524
4758968
16123356
16439711
10230414
14662570
6074675
10179196
9102843
6850443
4916655
6281439
11452461
3519190
6419341
14863817
5429178
621306
13743105
11257064
2396428
3548520
5891787
4899040
1158188
9289616
1049648
5488482
5453980
2008194
3827179
14362832
3103398
8603634
6051862
11232992
8432356
5781428
4666644
9148687
9041759
11230742
5260380
5557882
8308747
890208
10051261
10590795
3855635
8913520
15133003
2639103
8359506
1044331
5634247
5952642
422218
16489075
7066517
12556338
5638211
9017421
13491550
6520024
9272404
6418373
9434153
7891059
2774284
13597358
4332633
2534581
4875248
3425270
8359844
10056278
12164642
4021606
12215294
13433321
2363178
2371482
2451010
2210251
9690191
8244439
1044972
937904
8317060
14371456
7143433
9902884
12110568
2125947
13849905
11739627
12221310
3014392
9221013
3590796
9633048
7304726
10608809
15079013
5069643
5244579
2323269
3654769
814042
4012915
11331742
408816
4950761
5540158
11202001
7394643
9309359
3937464
12569719
4780923
8936166
12902779
9003985
6161799
13534072
6750137
5543905
12132202
10077799
10733841
5328593
6274370
7574679
12555026
2727815
11257291
11724973
1781694
5612773
885133
11739177
14047068
12606682
12344564
13534866
1103425
11079096
4796061
8742696
8437320
8136743
9190663
9923931
15678134
9973534
9297367
13692900
13002596
6098763
9030171
6473929
5760912
9802499
1557703
387330
9411247
2983046
7313746
7657897
6044593
3406926
3635591
2704051
12859573
4320860
4337853
16461590
9915758
8734159
7004887
9694030
742627
13828782
5864935
16295837
1681399
16253681
11722857
1694085
3231905
13037382
5238485
8742884
1339879
13219814
437652
16390136
15478768
10627383
12391787
7419344
11330487
10025071
10464018
10447837
8900980
15833955
4667392
3202277
9651064
13641264
3843696
12925370
16448661
5275388
11514974
7726533
8801230
10235849
8216055
13669193
9098304
13280432
2510330
1804460
10851487
16180077
886844
9899109
7929227
11576740
15409840
381514
2412061
14565439
1256553
13597754
8600420
14227429
1544667
4235599
13910165
12427863
3804249
10655517
6286462
4213083
6598153
8965008
11683455
16337879
2663714
2105133
2470585
10008093
12196659
9877103
14564973
12174981
2047507
3922274
11025421
2898217
15318778
5107109
5989878
1826413
9546610
12808809
11829182
12943500
1800746
3347022
5673900
12174216
6225578
4768235
3879689
14553136
6610861
12324904
3199077
11663246
7544471
1519837
4448874
8104142
5437724
5268761
3648417
5146162
8971088
16067522
3205663
5984619
15730062
9135654
7688442
5394146
11446202
14585656
3777916
1659206
6352747
2506067
11983109
10416415
4018615
14148377
12767445
1885568
7130486
13351795
7972603
5560855
15350396
1838955
5569778
5380638
13835915
12431345
7525676
4987601
15172869
6160174
10415360
8557918
3866287
5248786
15888364
13909233
12025529
8399737
2429602
15713744
2911998
9956743
2954369
7059996
11290961
10191399
4838632
5269255
2681619
15075034
3755645
12547037
706452
7045282
12516283
9130904
13345601
15608843
594036
10094704
13080177
9651044
1784946
14844109
13328740
8617644
5574614
2119588
11109837
11458603
7158790
6801602
5434715
14073809
894600
2908458
14014902
3413576
10561873
10375344
10408858
5481526
6702283
1496291
11091404
1392045
16239712
15896542
5934214
5452112
8661495
12959938
8243266
14333361
16000903
3590915
13607458
1889638
7020659
9189074
8378140
5264035
8964357
8869477
4720518
11811242
6581631
12295050
8954667
1410801
5876863
12338249
13927909
6569351
4795606
16275236
12265219
14422339
14899061
6749231
4354320
2526932
15449468
14538226
9038436
8230285
704767
8431770
3889377
1404148
8391872
13283474
1135323
4792716
1223478
712235
10100119
5653353
10493243
13631876
1041308
6837972
10319615
12828140
14897293
16329760
6633942
14855865
13946499
13189987
1483108
14830405
3244083
2153448
12824976
13112697
15662591
316782
14277585
5770609
12995336
14141675
1901724
7135057
15680691
6554858
6109641
9821509
7890391
12428347
7320116
13659524
8580391
11961230
9437118
12829805
7406867
9026251
9435213
12721631
12962397
10061629
11495964
9404151
11461683
9700940
4587502
1579270
1312507
9604115
3147954
4072165
3691051
3069765
12862243
5682859
2061369
4022293
6149898
8768713
6943466
12784093
3570430
12451402
5979232
13408398
5591306
13461958
12372307
7104776
10664070
5661263
5482073
2422953
6165120
5432933
13633177
725294
12147613
11460945
5725374
15447011
15138776
5499820
14066778
6939801
9621515
3362159
5230590
15287797
7621199
9306117
3429686
3306862
7031787
14853383
16113238
14985601
3529303
7384433
13413262
3810254
4597104
12141303
10273537
15176978
5023836
4976263
6877101
11707607
13543869
9575956
10870108
13338058
7229493
12562146
13087764
9447650
13494419
13171859
9070832
373786
16503500
14439048
6631235
6869854
11068084
9757238
8434709
13713291
14436919
13456898
14006144
5229946
3428589
1939222
12292894
16558424
6842238
10890529
14311477
1268707
6704573
8039780
623906
8357666
2255543
6979752
16096825
5906653
13599984
16418335
1794869
11081958
4475514
9709971
11718649
6479094
15092851
11872734
1003706
13285174
5961120
7638420
9457666
9434449
10223623
3815833
4038372
9547246
4014100
8199088
15123482
15768994
381617
6244793
6573428
6614170
6582576
7753448
11878655
3783382
7045537
11060200
10289513
5151240
14401827
2819520
3781205
12168322
9818361
9673031
16363463
6084686
7867435
337342
8713138
4362888
9133187
3526071
781595
5183601
3433928
10154308
10154714
13092902
10912798
3638114
9406358
7455320
5098526
10541197
1331970
16563767
5403218
14116400
10052340
11527510
1004637
14719838
4532666
1896012
15378624
7732565
16158659
1594718
5319683
425074
12666573
16066927
1120475
11039854
3017315
3778678
10605946
9647275
3695867
9355645
565526
7752754
15398412
1081248
1638945
9055494
7757318
8966915
15207830
5850205
11031047
15701379
7995800
2553959
15418693
6094626
1629800
9546991
15849161
5667051
14237601
4033885
12185726
4904566
4857437
3053448
9576322
9058147
4862668
8842331
10663844
11299070
7937636
8572301
15396456
1219241
2956869
10864731
1551273
7509303
2226437
13966359
11824316
5620389
7608968
1429399
2713783
10394731
4258605
6598618
5948305
8458114
7068229
8822991
4565647
7169427
12012021
3103589
6292202
1856006
10090909
7597182
8932488
13894112
636234
7908992
12661856
8128952
1236571
849426
7790988
8678034
14450996
12584583
6367752
14489706
7050572
14723570
5031879
9082488
10965099
14117009
14029305
8100457
4438812
15788849
957313
15993698
3685562
10239505
14279845
6953251
12567512
10746416
5095036
15186604
9360365
391829
13323353
16075799
11607980
11682784
10938511
2362493
814091
13649671
7740866
12379503
9182917
4392512
3537003
10969643
6429557
10337751
9431593
8708535
6747906
12347871
3565383
2829327
6122819
8404372
16570090
11349846
1674746
11161890
2828869
325318
849104
4102981
904955
15091495
1991086
16481757
11599270
13848799
8552586
4178622
12408152
12190963
11737821
14868688
8687433
10654129
8864260
8631202
2250729
11656001
15421140
6687119
6716520
11576450
8006193
3100518
4866305
697665
7357755
15317600
6654054
9496786
1902875
8451862
3453866
7843788
7275972
5668093
14682397
15379563
5334639
15686259
15140981
13609474
13579755
10449289
2662596
5750697
7451306
836181
12351142
7515136
15747004
8300583
13833855
14763177
16107484
13117969
2452951
3086307
16229969
15181270
13119473
8048311
10130052
6330814
6347134
9212280
9631857
15473622
3275117
15897554
11204562
11626910
601503
2550348
15276148
531456
5457735
2564446
4676133
4474944
1985140
6082227
10990126
8574167
10826482
9319644
9900727
16322794
15863502
1302228
7978959
3739280
2762834
13120769
13680833
14017213
15502247
4030804
2146882
6544216
6711825
10323069
8716792
10489323
10954354
13891777
12563998
10818688
10689735
5623094
15134822
15388901
5953181
8311525
15629848
4361927
12760890
3782742
10787850
11954927
15591453
2185193
11061942
9089622
15967639
15529874
5883965
15814911
10171725
1843876
15438053
1299208
16491671
580955
6993186
7819427
12537789
2634977
11471477
5592749
11282223
11401448
10018491
13575044
15719192
16127875
5180866
9051744
8053538
13327886
8142978
9513288
3881720
12971135
6245350
7537384
6995900
9973121
5136640
8297410
12913267
15260051
15509629
6548700
3990552
759699
13346444
12651682
15806116
10266273
1821192
2969392
4049688
13048038
3401511
4193871
6907595
7185051
12648230
9350816
6585775
4368612
4774807
9217466
11426161
13146324
8919015
2609573
11435012
5344615
10252434
13707012
8349856
7567013
3677894
12206843
12114678
6324543
4416349
12108631
9999754
6890097
9980437
15474640
4187138
15884063
4638395
11354927
1243006
5455376
3837686
5358389
2264338
6718669
5455491
5042857
2395251
10132904
16443202
5942785
7620103
7148751
7198622
2187888
12012544
10001828
11209465
6974376
2226102
16194715
12365866
937221
12019158
4145513
11611943
15402421
13341406
13962343
15463901
14035784
14458242
12311228
2016093
15567431
2539942
892574
11893947
5784224
15931697
1126241
8383042
16519465
4230893
12665001
13226625
15715426
7516722
10807172
12164615
13740596
10666624
9945111
6676890
8454306
8032495
6986571
3357222
5234361
10314719
5394567
2722771
13629264
14824834
16166157
2017838
6649090
9649861
5317937
14940852
8790724
9002193
14395531
12176562
14891658
3492662
16047473
4426023
10142525
10145857
11773170
8882252
16235274
1708068
14589292
7601856
11405689
3796975
6094891
2424451
14449782
9411537
10914267
6702238
15302013
449866
4096556
4719211
8963666
2927723
9749839
10715957
12253047
5041273
9559395
5689888
5528318
13106509
7833863
2992933
4110030
5538858
5502404
4707338
16294281
7762584
3904676
16562677
14091983
9805161
15990523
12323329
9472159
15741185
11117056
14462025
6819087
12845294
3400765
16194193
14790298
9041136
12058605
13386505
12491926
12574772
1462193
15146022
7196054
15950321
3078354
9074633
13749676
13150777
16562634
16348150
6046224
496988
10318256
2264204
7841282
11084899
15827368
3446268
658500
6870663
3625212
13284013
5239144
12412077
3317355
7183433
4804473
3345210
7536563
4120380
11803228
9732934
5650816
3789380
2751116
6214859
8115802
5852957
2348649
3739067
14040444
2282238
755512
10585820
13559376
15869819
16398004
4623838
8184459
11963253
7693282
10191088
13102339
9286177
12967087
4169287
2438781
593327
5140980
2918523
899181
6272998
15143777
10242160
4604489
7918242
5805121
3517872
5516981
2809909
1534569
10989630
14743636
4130867
2702498
11659376
9575544
3976546
16405663
6378361
12378851
6804282
7300018
11149739
15330543
9946460
1542367
3908978
3609293
1582087
6501818
1362998
3060965
8067768
12854607
7684978
4214146
10852406
7444365
10347950
2680909
7042490
9222274
2181207
11095103
10366226
1075955
2047488
3410789
4490920
12182781
11603351
610934
4008334
3421862
12290086
7083445
12250442
8447941
14692938
4136165
1623763
16057067
8037236
9326145
13624161
10340341
1084054
2226364
15420341
14558720
15206421
15175478
1994370
7328628
5051422
9781098
15275656
9710183
3500758
7236733
6698973
11064801
1034326
1525354
2903322
7392812
6910728
14834653
7928655
967641
10922743
16060655
2700164
5242907
7602979
12199517
2914428
3220971
3456283
3728356
7515169
4211629
4480102
3864687
8325862
12580147
11472751
8927604
991109
15133477
3117979
7437815
9609676
10272398
11081434
3289895
16276292
3632413
11674933
14402403
15329083
11141557
2540097
7456467
9299607
1761715
3676388
11720580
9013267
5927922
9916993
5345342
13181849
12024927
10697661
9659511
4447161
5964366
9296893
12358019
1266036
12072573
6489731
6641753
8772760
5685316
6461514
7038921
952574
4254745
4769069
4132332
14966324
1754740
5662519
9535544
13499148
16121614
5610483
1575062
5177637
10425644
15909289
7702842
4380116
8035780
4949772
3978385
1079680
5840945
6100899
13437597
16407663
3808051
3748831
6200205
14602854
935295
14241206
16292189
11308829
10359852
2592233
5085476
2060068
4212977
4363857
12502614
15571844
16260621
12677530
3003520
9790455
9731356
10592065
764810
11739848
1363537
12044040
3097823
16543667
10992191
3602588
10143864
900172
12328865
5544971
7043387
12210179
15052817
2597375
9169686
3780056
3104869
8860055
14115425
6257482
12245632
14020119
4860552
7426050
6597485
5583518
10158198
3466495
7324745
11970569
9865495
5732452
6758355
12910141
1106013
8871268
2049020
10287522
7377260
11697569
318170
2374020
3991780
14402283
7174211
9873607
4681585
5221084
15727752
13149728
7920944
2125176
13071814
7299367
2756807
15285550
5468812
5467127
12380071
2451733
7079907
13910825
10299824
13230510
1252824
12145894
4961695
7716108
13385261
13113084
2506797
15136370
6942736
8766198
9369681
12743913
10354355
5393435
627955
10551578
10574008
15878774
2306425
13331703
4948832
16209551
3162239
2243241
4722913
13987800
16518307
3313705
4787609
12028867
15283850
10024225
10033166
8144737
12708827
14119305
3739180
7553895
5683875
15904281
6127128
10563753
1800242
3888175
10219853
7497333
14162082
10670993
13814138
2567063
6864915
12595925
4265212
2527903
6172451
4703983
3354471
2473407
10224816
9742383
6292456
12409386
10931200
13345570
6263172
12260037
14792900
8549898
4487377
12243639
2824778
4203393
13608255
7792495
13823959
10607434
12598456
3379069
9481709
2547913
3420898
9336294
2336948
15943655
16451617
11309535
1111217
4294031
9627716
12020048
8876128
5901295
16009941
2863435
2332746
5054769
10385984
15866556
15770336
10787421
15507663
2328124
7495867
3845607
12812257
7238480
13372893
5743483
7985393
13685630
2801790
982514
16397855
10637343
10628461
10532784
5867800
3816227
6625122
11276661
7278846
14255649
14443860
1168969
5268954
11270611
8027625
1096700
4598493
14712799
1427974
6217329
6410687
9103214
16399178
8972055
1595338
16507177
10873879
8035648
13411003
5937236
13261151
12650992
14543449
9462243
14177452
339450
16420344
1834571
8602025
11816679
1444000
12657551
5447560
7707475
9890830
11125498
4915830
4511051
9557794
995044
7836092
8078487
15703046
859051
10509866
3650055
11663651
541536
10294324
13852190
12449436
15954744
2818860
16401570
10725669
11379909
12124321
11918005
2820551
10796678
7057058
14970636
8807395
6602428
11588654
8109944
1788005
2081272
5839869
3648803
16274089
12367671
14460871
3480246
10271158
2802425
12602386
1864034
12856216
13721347
14387162
9818461
14465968
10350492
15943618
13693863
1640942
8153787
9889912
5052334
15766368
3994833
3260656
13945147
9895067
1128467
10475094
16101826
15404777
16127405
1855503
1766176
744212
14073874
2804021
3578790
10581819
15510950
5740486
375220
11946800
3296730
597170
10642295
623358
1166512
4415519
16585965
7669912
9588660
4892970
2832106
13142036
6863261
1068941
15212771
16183630
7742850
9305329
12033096
11430979
11983680
6585982
8807388
5142250
2045778
11943183
7176474
4553801
13173418
2488986
4889582
12804357
6956099
9884443
8904379
442761
11162192
6848498
8978865
1242237
14416512
15638867
6091912
5674712
10644509
7492352
8054680
8817691
8227265
12308662
15283765
12240016
6718838
12530497
11914860
14948606
11449446
5008963
3817321
3583929
6054043
4102377
3361857
2705999
4386162
5454876
2302384
4729035
14364468
3223373
2492408
13844496
2533661
8060540
14844467
3686431
5247477
5197503
15288170
9778389
7138366
15754555
3679907
14342158
7753927
6727950
2491148
2246707
13738661
13780742
4154004
7649050
12792350
4974741
5126912
4806379
6581555
12733269
12321836
1397005
9278966
8884646
12159720
3877661
15565997
11440632
13781731
9717663
3982724
6333072
4964305
8969266
4466864
11465429
500336
9880987
10520865
15017130
15916832
9458953
8846201
12839863
13487330
3223437
11539363
11290236
11610415
5110092
14821736
1965986
2183552
14415153
11994196
15887848
11860419
3067981
4686767
5002937
3562530
8209388
3187126
11928883
12913729
568678
1694530
2034808
1078867
6913851
5989229
6630150
3848324
11905975
11497391
9561875
9307037
8368871
11450548
8548655
16197417
802181
11710401
8891587
11655275
13316541
15609121
11912354
7669151
11935853
2438827
12961732
9624034
5882572
10061715
8269369
1899170
12995490
1560686
13464597
7703997
14830457
12244350
13983219
4818428
13556507
11133683
5106652
5205759
5422330
4609453
2107156
7884014
16185018
930469
15616318
3745908
7715493
12335041
3818531
12066351
1744532
1090509
15093127
13114578
16158897
2858439
4463658
5534136
4097776
2644232
15379820
3981511
11941318
8389645
13751420
16037008
1795085
12488354
15875044
3359585
16517035
9108545
11696887
4211293
893085
6203299
4832023
5106657
7132032
4893716
3300342
1716162
5208763
3225665
9371074
3415556
5821400
3180455
11821411
731275
6689262
15347444
7602411
5028402
701531
4914932
12751201
4604398
1768769
8893688
6354196
12037268
11119094
10270924
523501
14461608
11414601
3292660
6028218
14699324
14768680
16426554
12883769
4533670
9552791
13466421
9083480
3297818
12294108
6365443
2613756
5531692
4721585
7910068
5053126
12933154
10911149
11658904
4680540
1309850
14607104
4132193
13407251
7540443
8509876
4163733
13797316
1761121
10730612
594845
1219380
10161604
16405387
7530391
10267646
6482518
16149949
3128583
12194730
5823635
10411697
12693656
1471317
3168458
1378849
10253131
13464507
7236211
6298815
13214794
14424286
856987
10023321
8084956
12203063
10865512
9545477
16124739
6285841
13951856
1172277
10570751
11657004
6981721
12655839
8286021
10952312
684158
8275853
3311011
4906791
13884879
1967837
13764220
12599278
9669127
2070373
8366736
1367743
10476028
13785910
4967419
1103025
13348952
15477033
5362605
3149149
1944653
2760334
583638
12197615
6575421
6433272
12809177
16293701
10027289
7989371
5860908
6051160
14334009
9698555
11082589
10325878
6285245
9385849
8813764
3161649
12507420
15286628
5921928
12501937
13918378
2705372
1227223
10640762
11331685
3641931
6015265
8068603
5488724
12707699
3231272
3297005
2692066
5217177
12222138
4396871
1878837
4250942
1768203
13381633
3356658
5285286
915983
16557057
1485503
14917244
13546587
14465868
1212184
6490399
15288509
12875420
12980309
6737680
5773678
4058871
3430168
3975911
13737610
10127860
4362507
16435067
15631627
10049225
685002
10802714
9821432
12237122
6332015
12405770
7501235
5301894
14767225
6257990
5822676
12112240
10891390
1542534
10812535
11081349
3437107
10616190
8031641
472407
12356066
10133814
14758161
7884813
3782410
5729531
6706004
4619230
6916930
15646366
15920520
7441633
11056902
8874787
7295713
4395896
2621774
5294328
11593546
1960690
9325130
558315
11341904
14311802
10912304
7709750
11357125
4131511
10603289
14096028
12267112
5685319
8305598
1218698
5628954
6259853
13978525
14399923
7510819
8810711
12874904
11161177
6030010
7817814
5297124
5888370
14743611
12619791
10877011
6033900
8484136
10338222
12111826
15730967
14719267
3038145
7663129
12420974
6062724
1851844
5591878
1203561
7795279
14352969
7761837
1772255
14979025
16143750
5206980
12252226
11902305
10071879
13095439
542479
9307596
3074282
2040453
7704075
6365236
3461332
15073682
12706731
412309
4439028
14532055
5873920
4416447
561151
10372126
3864883
13478806
5292247
13996285
6309748
5656670
15933692
16519653
16575739
15401468
5335125
14920483
6887199
3740968
3321103
3210930
2308406
5618617
6858829
2933956
12776687
5904291
6142958
15023812
4919775
14884459
12458097
13787511
10097189
16529340
7184627
9636327
6023461
4122904
15168987
9907521
14631059
12332517
1723221
16195660
3255767
16442797
6342487
15482383
603230
4950280
9556485
10854366
1493625
7179361
12772317
8812588
668038
7618104
9628708
2110947
8633425
2973111
11222343
13311368
15536570
3444937
9048730
2347348
3585746
2442405
2046947
16115061
868207
360882
5775471
13884025
2577383
3457526
11401164
8297603
8157985
8928404
14359612
1890510
1274270
955500
14122036
15372608
4999687
10042018
11457572
15345625
1088319
7147434
976157
1849758
4434101
4414475
4582864
4524244
7911021
15268544
4844999
8270493
11311491
10512760
14059300
4060458
6346802
3471879
6984348
2683994
13126437
6341144
9413762
15878433
4274222
4293162
11611588
9611295
9117327
10069991
4350110
15968022
10843529
4046795
1218424
4186026
5016870
11439234
6178721
2104200
12558963
6372925
10163572
3810017
1074280
11138365
3263133
7108661
6058031
8776774
11146505
6518635
12708964
7665531
7519415
15250599
10196600
1109552
10673877
9826030
9736760
8342505
1733470
5235885
13753283
6340651
5558147
16032314
3799799
8390000
2333258
5779261
14028597
11349288
3531089
6933398
11759248
829487
435887
7278383
9426688
13384904
1843282
12093941
5025439
1081235
10822664
2313462
9386722
3311862
15319327
1081545
8653245
13483684
14061147
1609346
5466086
16317056
8141011
753909
8467444
11286009
12142708
5259319
449935
14026290
9136832
5196035
15517083
13250920
9744361
867127
12622801
5820043
2643963
874968
14184342
3974597
7119404
2207612
311179
12425428
8001865
12854273
8630195
11661591
7613507
13149209
4111093
1828513
9729319
14714305
8185446
4174370
6731800
13007884
11354381
10176038
4455381
2388622
8460662
7760128
8511249
2799440
6752651
2107422
9690258
9914461
2530805
8091857
14866451
682327
15617389
9420834
15714472
4042171
15514900
10609730
3163337
10503190
14948874
4767257
6701788
6680513
10499918
15604541
12249668
653836
4040996
3673759
12626435
12963320
9611633
2484399
1015977
2801263
5642487
14095347
10502240
1939578
9109625
10389732
14356907
9470683
6782564
5844460
10620191
10024454
11912978
13597723
8003243
9728101
6156976
10667979
11434486
14329710
11974500
4309416
11118789
7975314
6592607
12192977
15783489
15439283
16478311
7087057
9598211
9393446
6906331
15898157
14616526
7391239
13617820
11698046
12553395
2395483
5409389
8745354
15893486
11796447
13581209
3059786
1280088
9573841
13371711
8764183
16049411
9838152
3678553
2578475
12631207
8422868
7632795
5221834
1005426
3682443
9680274
6414754
1927247
2120959
749232
14926742
9784400
1420772
3889379
1511068
3811353
3707127
694327
10882313
15233187
15361164
960526
9385821
2500955
9040131
15374955
7644078
4159431
703736
507815
375393
11832852
6475133
2789328
5981104
3545641
3981205
8672930
12562157
11536672
340249
13265682
1970373
8861420
3698395
10744053
11751434
11324902
12023558
12553721
13247309
8691431
2852088
2891569
2448286
11398861
3985797
336452
5867759
1498383
9754968
338590
1168440
6913294
5190274
7472254
14678399
7691525
14868895
3690223
1775371
9980133
12409653
880674
9361089
751325
11504924
5081379
12140759
16266181
13579717
13811063
16220728
1814725
8249100
11290852
4445031
723412
11953471
3538811
4375027
4024132
2639169
14451530
14555146
16031738
11587897
15582667
4094990
6737588
4864310
13529508
7042147
7154120
3110886
2966530
10067403
12948560
11640503
7376388
4747242
11464837
8376783
3898389
13467918
9389390
637191
3797274
4643246
13360541
6466376
11503750
9746644
1956096
9897633
567481
10577338
339344
7741087
2497565
15290048
3921176
5659544
5467212
7170426
9464156
12002263
11881497
1889173
8246091
3619900
755516
6955789
3016006
8171436
1199318
9192999
13032812
3867266
1265635
7751169
10106934
9806685
9838028
15646922
12457438
4296046
1874525
11845787
2580945
6912296
11178495
6029564
16515237
1905492
13095931
9239171
3931925
11578565
12499127
11272702
6513602
13702372
6869515
1082006
11097556
9165511
9927606
14406479
14357813
5146376
12539426
12751174
11911303
6413427
15794330
12931391
5407034
4911071
8302437
10886699
16313856
1025724
15092494
12328824
6863162
9727426
12478922
4714472
16008279
9706361
6585587
9055548
3865117
1874113
3756837
10128069
7843422
1930694
8468354
6868504
2814050
12122511
8921947
10604746
1449557
2406752
10941816
7000430
12570421
8155557
6776351
4979931
6007584
9989654
11596896
461119
4806131
2975096
1684593
13127360
2342818
10699540
14234927
11507583
10899882
13863202
13950824
8257795
8768301
13758891
1390722
3345649
5944891
2888118
15188217
16545521
15382335
9855198
8731258
14357443
7806775
4202138
4437860
1895521
9202591
7973505
11988767
14227340
9066235
16373569
3622290
5954032
744369
11607335
3276816
5882022
9292138
12649992
7012368
1847819
14876536
15530071
2078188
5230153
7311368
4580548
14082853
2845452
3658283
7544316
9926636
11535827
3328902
11450650
3045500
1072739
6923786
12347769
534645
6594405
325079
9296286
14644439
1145528
16145457
9026542
15094559
2904717
3818652
11303771
2547472
6468700
10130890
3762776
7638974
6008395
7370360
16197642
2734815
9998022
11594446
13614900
4172481
9444322
6594360
13269727
16201588
9126223
6416269
4411385
13181273
1212981
7060381
10416823
12463153
9761449
579500
2683118
9216694
10010811
6035103
15413396
14217465
5016055
2570014
1466238
6417408
3075314
5029753
5718647
10380730
13899182
15061806
11248416
9368164
7468410
5279006
16225031
3054671
8965272
15040777
7650425
4719661
10520988
16453962
10781264
12081343
9957614
13287581
15990995
12256930
4473001
15808551
14156188
13341838
7353495
9051277
9705660
15450746
4975641
4382748
2277559
15259202
8945221
15517650
1867114
4678885
5481775
9960351
10583816
16446242
4364247
6394748
2876497
5754606
10387363
5261813
15555295
4882015
1951013
14248657
3597260
12310833
14790872
4094609
6904489
9392971
12810687
11827778
11382232
4769172
5764664
11828927
7297694
12248733
7320168
6387017
9193228
6393253
10245078
14249285
2593184
774039
13273463
13686582
11018108
12237750
8659670
12825098
16550391
5574521
5579597
9820262
9729590
13654766
2433666
5979493
15430332
2939860
11447382
16545785
6603473
9907345
4750690
11599954
12910564
9730013
3929158
6117432
16140758
11497271
8232028
9269620
1892385
15470044
5147364
4652332
7103866
6983477
1321433
15848605
15459548
4475966
13481350
454580
4454033
3338830
1573974
3259480
5968683
7378179
13178253
10569642
3746768
6985994
5388742
3580770
2484705
15900869
2415032
7019450
702206
13012872
15813345
13895706
5240443
9722623
4574156
9262103
3808654
13907916
7460521
13118235
4867508
12566665
9665419
10936323
5793324
13388734
6035619
3476654
7535385
1292242
7329835
8246827
3177556
8277788
754396
8406322
13967438
2258576
8242590
3446182
8841869
12742725
1873660
2917683
1746271
5375072
446617
9992500
7781919
9826539
2181930
5172491
3727735
8762015
2622381
9140756
3423435
8758142
12276102
13997999
9435588
5656878
15516841
14131337
714333
14351746
14547796
6729629
12899737
15919157
10361804
8302501
15185690
4932287
685406
8140945
16429811
9376831
15526729
9233344
2214877
4856551
6952224
5805041
4467556
7599086
9678235
16443318
14797565
6562278
9313664
9412653
13431464
4380601
12610953
633392
16431152
1784665
8726986
2725069
14303452
9273218
8099782
942728
9406696
14397777
11897403
7426650
2409530
6332181
9063184
8204855
12906666
3461944
11966891
1772586
14301236
14361981
9020861
13956217
7056105
15901712
15638845
11839105
2514981
11679212
12238668
12520808
12188712
7514275
12409678
1709035
6535160
13240290
15830248
13148424
11492521
15801158
15422571
12987464
606276
16131295
9672234
13120289
5257252
15943240
4242997
1790731
7851969
5437319
14777021
2413256
11384320
7116928
6380125
10254667
7118533
6913559
13000913
12420652
6849056
13572338
2484333
6639550
11491853
1255263
2297746
10494293
5005637
2970550
3133186
4744003
14884951
1448601
8173461
7498515
9227275
8963211
6089044
14321984
15186796
3497225
3691228
10137969
12192395
5322833
11955639
15149911
13997560
4058221
15320858
6007589
7045141
12525227
7135348
6403304
13698790
3843280
10237330
6238790
12085863
6219939
6017945
6455734
780600
6811882
5531356
2313750
13463480
15215542
14129048
1648502
13457024
6444159
3539955
13850199
8130207
11605944
9175899
6088696
15295330
5063931
6364958
16062419
3923948
934618
5584381
669709
10061071
12296749
4902035
15501013
15595052
5865496
1259184
12646002
9905269
12182208
6284479
10187795
9466109
4058816
6779636
15021445
4014409
3821245
10753617
5204674
1745815
8122762
15723279
9945099
12687742
14845306
16271971
3849089
14489625
13979630
12793363
1707034
4436823
12259702
13911612
16464453
8395167
12245180
6177618
11285805
465515
3234170
10170619
6324914
8677912
1242993
1992520
6977451
10717491
13127154
2035837
16569227
12219452
2295986
1155016
9932936
10284667
1829987
10132335
2583252
14142036
13292364
14803087
13318877
14939510
14887521
3724405
13880560
10875767
14447015
6787447
13885952
10251118
8592682
11655774
6912396
2071540
9690659
5627088
977064
14120214
3445131
1341927
5210056
9811690
8757838
1925539
10201823
6155420
13081449
551370
5685985
13602141
6508403
12033431
15597011
3748382
11227571
10162852
12527851
13053087
13984810
11746908
2582345
11541767
1914932
12654924
13761763
905008
2292914
14377756
14175594
12290999
14121017
11253505
14445558
16405278
9231874
9238765
10180998
1734619
3629499
4902180
3697154
10372926
3426118
2580201
4701047
10759417
3191837
3969808
1156398
13609730
14299646
8597751
6425017
14271667
7854989
10649083
1285991
4782112
2802752
10294933
16472324
13054864
8328060
2425751
8367979
9590709
2960607
11914903
2429846
12646412
3856189
14461153
4100011
6400831
8901666
7322036
10849587
7620535
1421709
5707054
4536007
723962
1291274
12088567
6475004
9562887
14391188
1498480
3452823
3940282
16573187
10035782
4417596
11060938
9213554
3852685
1699175
5673391
6796997
5634576
4021766
7188405
13971204
6072007
5584219
8617736
15983456
5701891
6324960
4912078
1873490
14006503
1074030
11250655
14609042
4204309
15807629
2573174
349560
15565707
1653738
2703177
6254576
4497242
6033977
1006787
1435871
6619245
799271
570486
4760421
7090557
14585191
4567057
10507146
5412977
4560711
4293087
6078816
8037474
404222
13786365
10600106
6059987
4068615
15661504
14934728
16391102
16283948
5177722
6469481
12238098
10519173
4449290
12419100
3384857
4879451
302062
12099285
6477400
14234384
1571316
5235656
9135546
16373112
5984864
13030700
2900686
7534136
1192582
10709780
10007099
10431828
5387474
14361674
3733322
5885964
14430446
3758759
5528562
14644047
4897222
4758263
1510026
9442326
2055263
3703578
7977492
9743282
5360383
14546826
15676456
7534267
15071804
3209958
10275475
12136293
8616486
15724206
1699925
10629854
7918071
972732
12196421
7163821
15700073
10372757
12025190
14630613
822663
10384355
616204
3630694
8431416
5925612
2491182
10235732
11466856
6162201
3368324
7103328
16561241
10763661
15795346
9325650
9457796
11646295
3704186
6247747
3279099
11857018
6508101
6924816
5935390
14359035
3820988
12389183
11481565
8757837
7288453
679263
16331466
3259156
15065285
2736117
8940285
14405609
4922975
11910454
15725218
11534913
1751089
2575192
15729198
10506648
1364895
10025904
1695138
13919176
2659445
7176617
16091595
10440054
8889717
13936033
4278723
5805660
14046476
6770263
12980799
9467886
2088110
4034860
3958121
13953304
4664606
2876751
14799470
16067026
5113028
9136334
5483536
1599748
5172299
13138618
11911396
3812794
16556045
7252814
13625595
12199796
1110940
15913899
8630896
13994798
10905649
638317
8968582
6127541
8608295
2889924
3783624
14053367
13572184
15908657
9070840
9277766
7239404
4050303
9085121
9976263
10066986
4743821
10616602
12970952
7433240
13531540
1640436
9256020
774634
11095326
6330791
6799223
10107796
5007412
12807131
831248
14822314
4709367
4153516
10843803
13337573
15161811
10485102
10149563
1738864
6602892
3810580
9594918
14943695
10225023
2551310
6573962
6933228
2322107
7500791
9483377
4497468
11566345
5836343
7719471
858852
12841085
8685762
13004053
7778665
11981117
12942851
12522116
14364087
12177584
9238847
2810156
7179275
12873669
8572703
4413152
15864168
3689605
5953830
11284857
3361791
11585879
15665033
3068574
12555487
12900570
5091937
417052
7212704
4260458
12167407
8835240
2678169
8741461
7347479
2902629
10140910
15371716
16403172
1593377
9359950
13821103
9685376
828529
9194171
15331028
1053677
7526182
13564578
708317
11500303
1797813
6440983
12781998
10529800
14223541
13649456
8060101
13397845
6528441
8020774
8122807
4842509
13512984
8196072
14122846
933840
5427005
10927033
12395727
8400009
7305625
14930858
6679084
3297646
9847342
13305392
13273849
1807052
3752562
9692832
4153634
11977556
10618509
2370571
1806312
11901452
8101888
7737743
13754922
2650857
4784584
6711666
715605
13376794
7812378
5379453
7027393
7654739
302665
6039581
11311978
15838084
6503114
2030139
10372761
2434421
5246952
4189483
14261214
402973
16251040
6401951
10640829
7022794
2203784
2876407
15329625
14112545
5638585
4061588
10002811
7175739
13912405
569844
5754275
12142509
3387961
1888758
11424164
718423
2088582
13517473
5131083
2166405
840956
968343
11548090
16135307
10555059
15377138
4155085
2325589
10684712
13010885
10538040
9013668
11606986
5436678
12596090
8152549
3103393
9175238
12617055
5438676
1962221
7170309
2338322
10180916
11145943
1681646
8683807
13380239
5095533
9837801
10387399
10909617
12150925
11358556
3935219
15408247
2608703
14421364
2026701
672302
4310690
10638322
2042123
3250469
14380969
2027723
12957795
14442028
2039211
16141251
4926056
15377896
1181229
13424923
1487141
6228820
15105289
3975033
1492317
12334415
2099181
3271245
496783
7607132
8110547
5649430
12846507
12966404
15575650
2339450
10036950
8072239
796269
4254901
15467095
5816763
3468492
14677702
6157427
8538319
10331558
13841350
8168954
972773
8551779
5990079
14258026
12064051
5129322
10643731
8654803
9927333
15708440
4323716
10793328
10139449
3040482
3550763
15391962
10081682
2152797
7535380
4751796
12728359
7118486
12389481
3489353
1880600
9112424
13434460
8870735
9719081
2675700
2143393
15273080
15616586
13871566
5006005
2443908
15509108
1165707
13984718
9386029
5305454
3794293
2063319
895450
4209606
4725172
9892597
16503922
13978995
2551271
15765751
4516386
3603195
8382799
14027119
5449942
11990670
1880334
3775164
11454929
13787146
7170460
4364591
10740700
1759874
10810527
4673889
2594578
2293234
12129618
8190657
8878908
4203444
15973227
14105471
6602650
15255294
13029097
14272245
16334194
3555602
5372542
7631447
5213256
6466141
2222679
7640379
9939179
3435537
10872526
5178245
9684767
5584510
9001236
4287138
6328998
15594484
16490315
15899003
7559412
12388262
11803342
4944739
7193717
1284505
10388684
8557468
7347310
11606569
3795184
10026059
13637484
11538583
11053983
8904268
5736290
9900433
14644952
9679235
7946155
5058074
10043675
16049806
3880877
11900753
11159404
3792171
6751488
9799062
916576
8975163
3284900
10052864
4688943
870646
15122592
9311683
9135151
13644921
9448996
13240058
15037982
5382453
9469140
582872
1516815
12835520
12950227
3375712
13038583
4957706
15748095
13716277
5807969
8820057
5891254
3553153
5110321
15247849
353460
2665179
1228164
15841634
1457215
9673748
3049865
11016763
7544036
3602684
3285109
1710532
7582686
2341802
4075394
15118458
2822159
2352553
9430940
14256070
15286109
9478691
5803849
5194481
798790
12778167
9372847
3939636
3358444
8152300
4391810
7170136
7703663
3526273
5010478
12749957
4439015
9616122
12793006
9128105
610860
6766996
6076251
16521760
6391628
5216864
2557625
5813345
16089689
1797503
15146771
4464753
14399900
3416695
6508305
1162389
5800333
13266581
14586915
1148239
15140126
5273698
7767103
6694382
1806838
8740431
4101279
6113105
4663869
15975311
10741222
10427435
6598742
1371422
7702928
850142
12332561
4562109
1597851
5400624
1179433
9947573
7311450
9636928
5027238
10090461
5588266
9394881
10991474
7698169
6537973
4207281
858819
11177362
8591508
11432256
12546859
15704697
16319775
4664756
5054997
14253664
1169536
6446168
5018186
6321109
15828443
16374104
6521854
4270279
10144249
12165813
6460748
752399
3655274
15429130
3543177
10768639
16171383
10543374
7422205
5192694
13073839
4433876
7431441
11894231
3708259
13023071
14602301
1293738
12118631
8291603
13796757
7721050
11515593
7250961
4579394
12111096
1630862
7303262
9293629
15201762
13127952
6281418
5391239
11887861
11328171
6352142
945264
16310845
7280273
1214166
337588
14528481
14121207
2885283
12949045
15999432
2271339
3150472
4383662
12629615
7574901
10401621
4076825
4322296
10769118
1475964
15139615
8791207
9827335
14716392
3521206
3317034
12876039
15311390
9541068
9265993
594362
1693214
2867706
13374963
13905699
11355878
6039643
10427717
16371421
16126267
9969541
10556016
15789664
5046792
15071754
12665508
7915958
4424106
10257530
1403423
9463231
3225899
4070549
12891408
387725
8610276
15573867
3613927
8734381
15681047
11581424
9960738
12256652
8171429
2077335
976791
1542249
1489521
16325969
680454
15093553
1715059
2021519
12119024
9842678
9078010
12401052
6659556
14484038
9892025
2283503
10956538
7581496
7897482
15309870
15709269
11133214
14565420
5300212
9015462
2234198
2072015
2489281
14146131
1245093
16440348
7378621
7791025
940826
3650499
2396975
6302879
11865176
14422570
2564463
14610519
12603938
2486099
13609190
12718683
2151674
14034307
6540493
9809748
13136185
1990948
12879200
4247853
8576783
6099581
1053896
7678959
1836554
5060373
8928080
1233126
14048926
2420017
1083538
4244371
16050582
13114957
6059933
9978666
4935606
7972857
2349095
9023762
5488583
10484696
9280172
4743828
9058830
6502841
15216078
12480003
1054826
4529770
7699602
4517096
4470542
12720563
10036461
6455833
12324226
14215729
12179295
15099469
8305412
6340279
6988834
664932
14713881
2539872
12310498
12107308
3022594
11386051
7515106
5118553
3731775
9413645
737752
13347801
15530840
14957645
3439444
5472209
13550555
9164234
13839590
5395892
15533897
9561025
3484145
7387172
12212949
14351471
8900570
4617606
4021119
3160726
7870567
5429213
15167986
10470798
7482112
5329015
1209257
1000598
2385987
11997592
3567345
7767491
2510758
2117877
15022487
15887817
5277003
12958315
740517
5530317
4812959
546616
8565387
15378621
11253433
8612522
2727498
4196212
13942325
5990232
4476757
11245564
6309845
4735788
4821721
16502490
9598302
3582210
10947745
13417359
6035470
8771145
8844205
758810
12121774
13077868
4789388
5933144
3662239
14986084
6739929
10089029
6660120
5090772
9293466
7795688
8360985
14866347
300679
12489051
11218185
3857465
5444331
6174976
5910210
13619392
16285663
10396721
12244165
527080
10444907
8953450
5097318
4588340
9962107
1608409
5873217
2994187
11392421
7523069
7429415
13914856
15952065
6309801
6450451
2478621
1380165
6492053
6564813
6856210
11011229
8907888
8496217
3391407
5781635
5803499
11065780
6524574
11076111
3119689
1243401
3510029
2799193
3729472
12251412
5822726
16341657
9596136
13932783
7463341
5028814
10212984
16481659
6587396
11027685
8073766
10277232
1818192
15580000
5165501
5182414
13393952
12725734
9793669
2773937
11933683
6978956
2975395
9801524
6416824
6340517
8636738
5288197
7138780
4550924
5183062
15756427
8485743
15368696
11730311
12234248
5911063
9740694
3907734
2463948
849446
11710254
7938692
15525201
6025211
14548234
2543970
5765642
2731432
16232422
5195647
8533657
2240668
811523
14201682
3842665
8617956
7418970
9336548
11646770
8950243
10849525
12217628
15192662
10288399
10066200
2155680
3598729
4955170
14356859
10984444
6436060
13212145
8695768
15019830
3530161
7525558
11259430
15310057
10852404
10378384
9896643
8155125
6735335
7105107
6595671
9162744
5196903
763666
6464125
4338767
4873395
11249399
5486376
2489120
5086358
3775186
12720411
10810158
13976891
12466401
8810084
12589804
11784994
13763721
10408503
11833487
2851208
11783128
2659447
14553692
1326257
7209791
7471874
2993706
10978498
14740036
4107627
4321130
8428176
12068717
15760549
10759514
6527629
16285610
15714790
7372572
6495215
12547990
7366053
2652828
755233
2387284
15740617
9109831
7858764
7934562
3242439
16281628
2431408
9037628
9047651
14408982
3086348
13952261
6442232
2709649
2998034
5271864
13354647
12113841
5374525
14836683
4708409
7783965
871682
4029022
12124548
3624174
16201651
8995366
6238992
8590080
7057713
5600547
16399694
1235771
10725107
7920686
13993367
3864130
1018697
5162549
14363094
2652690
6244091
2981585
10579932
12871799
11433637
10526963
14812976
1714219
10943119
4531149
2300533
3015378
14708835
7873115
1126619
14346784
441027
1228133
16166022
4710904
4560675
1624244
15205755
5547190
5333594
909952
12233889
13892831
7215053
6257965
15850193
5997558
9011994
10444217
1292095
11813641
9042352
430439
7554292
12810096
7216864
16375874
12989432
5848994
14360524
13672543
3101751
5487391
10236996
6141823
10087497
4240636
14603770
4639558
16498633
12202550
10946735
15627370
635415
7978190
2706266
3689135
2174814
7710375
5360340
6021909
3132935
15321438
3626602
10535429
3352808
14448858
5684309
12449068
9736814
8057979
1293295
3818980
11378867
16022086
15894623
10857021
14312990
14313370
3835865
5677389
11553362
4168660
13565021
12273671
9681757
2455806
3813165
10271974
3992025
15435437
5036906
2373905
10742410
7541575
6273763
11639633
2673404
4742768
5445710
12352920
443050
3487805
6001039
15638891
13815224
13327228
7980871
2542906
14102574
11289222
16326163
11306656
7320657
12459795
8314678
11753333
6130739
989496
10572340
3222876
10564004
16525128
11621692
9314123
6522422
9499542
602937
2206636
8716626
4094351
15311309
15146354
13694537
14770161
2122804
6097473
10015168
11655352
2346101
9832511
2725563
2313846
9406184
6434374
2996097
11197440
9117522
13681691
9163534
11362964
16164504
15153205
12145057
9046742
809083
13704893
11831205
13946778
8353761
4763482
16233512
9129681
8743090
13185380
5601840
4156810
2676809
14893015
11900529
1985428
16177597
3472530
6222448
9146907
2946318
4080996
1666845
10272182
12835486
5784057
3578106
4233087
9996529
4962038
659004
12598237
5633695
7844005
14195760
12876503
12395667
11921034
16059523
4951233
16292098
12113537
14184928
1544833
5254840
15457440
4252427
5915101
347755
15156164
2124947
15583149
15726626
12931167
8618657
5970479
11207954
5164605
11342406
7502682
11069784
2457657
2836369
6894504
15281821
3152917
7559688
15643504
6471034
6413644
2719978
1887664
5421332
5928491
13590126
5747924
14713030
12565351
2184536
3365591
6603138
7808364
6033724
16149379
5743409
3403705
6708777
12395324
2618810
4222169
878371
12121348
9719073
12172347
14143898
3989907
16461732
4528372
8238416
3439776
9269434
16207354
3097160
5463844
12786207
5008908
7165324
10827758
9437030
8568871
3141750
8754469
4078378
2836886
11092166
1529810
7557250
3429488
5843084
7510182
15451912
10681150
8140961
11293610
7755799
2521119
11680428
7432838
13023326
16062809
6722454
6478252
6999954
15159434
13262225
10850202
11099714
2007284
15676282
5917680
7592731
3612014
6442974
11234826
11981541
2295254
9454615
2078430
461398
8675615
422169
6967044
13553866
5137855
5656980
8882651
12032893
3734915
10647053
4697536
11698762
7174796
6916528
12059623
11829826
5138294
15151327
11001485
12964534
6460487
15227806
3004953
6748371
9974309
4789374
2409325
5773539
8020208
10518224
5133412
10950082
12645788
13664939
10109909
8494665
12719144
804079
8721794
13111968
7760166
8016141
9154077
960329
11402986
15778355
4413551
4173441
6527998
5392841
5272997
2526022
12400717
5675578
7302886
4541992
9767749
7899804
11241101
14735951
14916052
953135
1622206
6871422
10775048
13240551
1543164
15229013
4288094
6006172
2054718
8254919
10785666
7900362
11848543
1068946
10929844
11603667
12234404
9809999
8320347
2289826
9029420
6374265
6988522
1188546
8986478
5889798
1162951
2859899
13906961
8236630
10367708
14957339
8657571
13837569
6795181
2454841
9908534
6490391
13472617
14396180
4848293
8164995
6909629
9943290
4031772
3173446
12172797
6657347
6354271
5803907
11912029
11983768
15007773
7774046
4020485
2385620
8533677
7197386
3123261
13995445
9105280
5372489
9030905
12162028
14162620
1065748
12650195
14652580
7989679
15773567
16404206
8477861
956762
13479748
10595837
12109267
6906140
1555765
8794339
10459125
5980625
5893733
2091732
300528
7185708
8274761
14781006
9095897
380814
8700395
15828850
16247415
3894211
14575490
9381423
490074
6405846
10855266
12125629
10562759
6389910
15845306
2952155
1765293
8034626
6465142
15012016
5326584
9642530
7057032
10502979
1622334
2358673
3630671
8922044
13095474
8956733
13424540
13990878
5740299
9649211
11069150
13782423
7515691
12627386
6449107
4135754
1343764
9968594
14138387
1843990
11191836
14779785
8594038
1822768
6051325
6411243
13400474
13092344
15917086
11601272
8291613
4878385
7153317
9066497
2975172
10607410
7140167
7071090
8051276
7114967
1141808
8853437
5944189
8941243
9436952
6829493
11261383
15019489
3165633
14566468
8307875
5236390
14901435
9126896
8762167
13699982
1972005
9185859
13418531
7241030
10533203
2491349
1349008
15141043
4625640
1648578
6774663
12452672
9865578
549235
16508379
5443409
9981177
5662378
16144312
5802722
4463836
8788813
7890505
4523235
13896292
7547104
1721854
10947475
2883443
5938816
2521524
2954886
10580295
4728487
15119178
10973308
7063469
10713229
10349090
8171611
696161
10140104
10101381
14152838
4039525
5802552
2318695
11215869
11195845
3580255
2573929
8185716
5681485
4059825
4450551
16367863
9387650
1988696
9440995
8645838
2651377
5743598
6800030
10308359
4000432
15800811
4057502
11084297
8061332
8923458
1487727
1652980
2820465
16021221
5247298
12345260
4538427
518330
13530565
8182555
14837723
1951802
13793578
13752327
1579980
15028514
14713948
10166307
6775700
5547145
4039483
8417814
15684174
15298256
13857667
917219
11539719
12285639
11301753
6463555
11689737
13799372
9141723
12401920
5401072
10082116
12858884
7291696
2603660
13309444
15549488
15198740
14802691
12154725
14511486
1813593
16060164
12697609
13823162
915414
10886462
9146717
4400323
7024170
14381447
3330999
13846774
2550199
11520422
14398260
15440277
12020665
14670114
7916582
15964706
10861896
4179578
16506919
9015306
15292364
4023786
8189608
15262072
13538035
1667196
11427978
9679795
5994772
1240485
16235968
7805870
2893529
837534
15481851
9084631
9953313
4182903
10459428
2483381
8114221
8182979
7116454
7492361
15700018
14797144
8381001
13625754
4579437
14394383
7732169
4814962
10989381
3347194
16563594
6594034
4822215
10257351
11818497
10073156
9180619
1224198
9991202
12572805
8820026
11235615
16510933
6026903
3150336
6713247
2595523
14455315
4823756
12287157
14201754
14243483
2475028
10188881
7596199
16552201
14136558
13494649
1347056
6205716
5275560
1499035
3991490
9833554
8657507
2167960
15652714
9164560
3528621
14518133
4693995
3411130
9717144
13401996
6240924
2438893
13779098
6703403
5507834
7248615
2605772
3100646
7430025
15317961
14779437
13931744
4345558
1725718
11476993
1921622
2593106
6831460
4391790
9255002
8422422
14017517
1495354
7916728
7869350
16079893
1136525
2776228
10750391
13868210
1963812
2057675
8300750
10225747
3003302
5855690
14401254
9665685
16376096
9415730
6485951
7158156
8944389
2603154
15882587
15539554
8873179
9414019
13575049
10514185
2094568
4096195
1536718
9474366
10975956
5517495
3817116
439597
14338601
9594418
13905724
16338094
13099258
4299505
8423303
3574337
3148679
10274242
4206973
5371889
3642938
5387355
2189408
13873220
11931338
13005827
11746797
14352683
5101332
8571154
4581205
11894196
880252
6948104
5268949
7183526
3405653
10601856
14390308
5005773
16173289
2073839
10094117
13658700
10633348
11492284
7318460
3443902
1834845
520623
438672
11845087
3693548
9391050
7193103
3261496
1016685
3638481
8318729
7483748
6820947
622716
9187103
15175377
11082948
15661521
9156570
1690564
8039730
11621668
15813394
2737405
8981954
2016805
5133220
860032
16217154
4575336
5785321
4529219
1772151
3031675
13983571
4493567
5707779
7030700
12446094
13446168
10032103
6142956
7675804
2266763
9615833
8823053
15954276
15304230
1079106
388004
4042557
2899669
13587343
11925363
7583386
8011312
5845439
9049911
10782436
7633993
15528116
7070903
5808339
11220910
16596052
4393833
699625
13633545
9446717
1221280
10415108
406757
5200632
13221276
7108773
3089980
7794077
7649155
13004211
4953735
14029015
10783007
7669965
11248368
5157318
7845685
5461130
5729168
15875966
16577567
11024527
15294116
5318566
3599186
1338507
7934990
12287365
1449113
15289433
16313269
7729311
13791285
832499
15583881
8804383
12652253
12239385
2166958
1692813
3065386
2122212
7806255
9827972
8723632
6539932
10301127
9223988
5660811
7737886
13976166
13571421
1460344
10416738
6479469
14677083
10656588
2390860
14008945
13577408
14646643
8184434
15561610
3767471
6696464
2535021
7614295
16140590
12704769
1034463
3156982
11751604
6854834
8603349
643622
10917888
6426627
5345941
13227301
15528133
359985
10900740
10521666
13122042
15199607
8776344
16271024
1148665
8348687
5950763
15981490
1556542
7153750
2264110
4903794
8301910
8997246
15427365
10249338
1424900
1441893
1607493
7201638
5629290
7576227
9389801
7905214
1189758
8892626
10291882
16287828
13760767
1307954
4141524
3475502
11790285
6478576
11934704
15460350
8564274
14752550
15215684
5956917
15690993
11326274
13614612
9158688
1989760
8404904
6117174
4814640
14118780
11115092
6972213
8311489
6948779
15814829
12122166
15236263
741627
557422
16230966
8949948
12880294
1994072
15322349
