#Seed 1839321556
#index showed the (transformed) postion of the SNP
#SNP index
5101284
11197543
7201379
16427612
8998141
1497409
8040652
1410510
980577
9409653
15649441
10469530
14849670
9644771
1781152
847694
10778432
5612498
7440329
10385832
4424437
9308625
10887571
15137703
11788935
326322
15214684
4970688
15049396
9662127
16539434
2772189
10012811
11980928
14137217
3535818
7151155
10357527
14098400
2524848
14363566
4374144
1764171
12653038
11148936
2785140
6190953
16150874
11337694
2395709
2054343
2915935
5597053
13338044
3739463
4059006
8729009
16241787
9111787
8600094
1335287
12054099
1077659
674830
13666456
10083177
7959360
6366880
9297299
819857
1638388
8127933
5977528
3882085
1668381
8396963
4718761
5821444
2433303
15961898
8633896
5289992
10523959
4492854
986683
9395947
4582779
2362627
12116206
6391241
4676921
6706177
10066672
9490575
10561814
939514
3819138
11738949
8606712
4740541
