#Seed 1670516196
#index showed the (transformed) postion of the SNP
#SNP index
5441909
13209300
9085082
3756225
8093460
8836444
6296965
4079239
3461185
6554480
5167752
11937017
1487147
15228218
7460048
7814274
6368262
4512668
11960200
8964191
15610542
1203753
11503020
6639124
1538032
6891181
12139249
7413314
5672113
12774889
5514351
12338599
3748941
2881996
8872083
2532808
3804545
8117013
2500675
7255484
9688635
2693105
12801394
4757653
1748769
1546318
14858938
10403715
7560709
8771088
2705989
11620408
7848754
1923337
10488822
6168767
10783252
5411139
13306145
5662288
6389341
4047668
2429328
6186570
13578812
8679498
2453763
4008928
11472359
13247035
11990943
12240133
12786396
13505354
6423414
10690750
2248844
16326154
14234478
7927911
3200954
8097975
15403990
1270222
13481821
9231874
4585815
1984685
16496374
12036108
13815821
13466345
8424840
9148378
6782366
10970044
12495189
13439172
8838389
676137
5369291
9428523
5234883
7858406
14859842
10047499
12513424
16373992
1420101
6007510
1758416
12669241
12088839
7592184
981353
1502562
13008044
6900729
11482009
13481357
13123814
4244910
16560387
15637076
10746222
4521732
12399082
3442530
11016807
6910599
7894667
10899548
440819
10717922
4081342
15805471
12157721
7473754
12874644
2735585
9431045
5905221
5771265
14034836
2961395
11123289
2653858
10068631
7076247
5768523
522779
8184261
5351880
3504069
3150942
13076843
3794954
4704558
4406701
6461963
5676917
14068513
8614373
684791
13085555
7881626
10410494
7843994
4700955
6870828
2819199
901491
9018945
12787786
7078800
9386348
10130587
15775109
8745875
6351395
4744438
8755714
4572074
1765663
9865301
14788525
13572753
2499516
15612444
8004388
16212546
10049466
13970809
13167874
3816296
12106280
3611129
5918013
10619201
10529313
6180658
16172275
8665762
16418324
2500209
905271
7948955
7519828
1584337
6228310
1438030
7463519
7495993
2934054
11692692
3447913
9605167
15494597
4557031
6807391
5645699
8459631
1384854
14284077
977375
6737986
2510589
2557073
3369034
3526805
9038802
6715253
8592516
14319667
15524414
7497416
13656184
14632555
15006183
5203397
16076628
9131422
4772140
3545638
3976155
12651504
2530454
2002449
6157070
13554404
9019423
15856481
1305753
13691900
6996347
13184786
16366317
1438631
6367717
11151729
3156117
4530345
1078244
4904590
15221315
9564305
3728356
3252609
5906746
14030268
9128420
7308331
9499834
4670596
9896901
2426639
7755224
15234352
5120648
1895521
3456670
6742921
3300300
15372532
4059850
3818697
4366181
13471666
13287298
16578888
11305003
6293053
1613997
8667939
15778355
16432921
5309743
9975967
8842076
11278834
14574999
11144852
3636930
7075454
4352114
7521723
554527
2480906
7249849
11350991
8153561
14945360
4725900
3962830
9133584
4192730
9392149
2368895
12033881
9990135
12083986
11626056
6551828
11858828
3749129
5228750
14984559
2854609
11527243
11574626
1396541
6210887
16537817
12710405
1335701
5142177
11395930
6428926
10535705
10607450
1014050
15810790
2936839
13617031
8786809
12434049
9114553
10401155
12442083
4906686
8211878
12644362
5696349
699359
4522741
15029242
4734837
10324110
12068394
3402146
4919882
10385200
5329674
4617113
10773111
10883922
13214674
11933358
1328385
7536563
15666476
12766847
11421874
14685641
3746082
16326069
12343544
2674808
3197999
3126802
12987519
11415674
8739616
8790562
4362564
13664407
1385098
7108041
4067876
12815819
1039231
15270476
9165442
4612778
11528612
1113982
10607910
3303802
14513142
7608855
8559907
8574569
12908586
2256186
12961379
8028840
14395488
3018589
7672961
13973912
15679753
2853051
6780081
16388710
6921961
3286030
9300726
4233683
14771214
11457768
3695737
7130729
16348013
3326873
9276567
15337720
2995723
7789246
2229949
2497970
15612719
3290488
4817693
7951762
3521073
6192933
9204914
6853502
8388181
5016162
9974735
1834932
2471004
4675146
1487245
4362677
7902381
8739678
15416659
15825199
3314436
5085480
12991186
10272149
2748220
768428
6824571
14271857
13906797
1819831
5462745
14534243
2457320
12799412
679046
8330967
4143316
7490237
16071357
16593731
6654670
8342111
555081
4944167
2696292
9171505
1336726
15842176
4701671
7295942
8228807
682911
13254117
5295119
14658482
14434935
8894574
3341863
7902664
11160419
16360205
9901069
3932677
5297919
2733422
11441131
12347655
14742358
15898302
5512161
1095307
13339590
5074731
928790
3474013
12662344
16069403
10952554
9810744
9438792
10398133
14354316
10027996
8808906
7259071
2147522
11683307
2491427
6412862
3809710
741143
3506447
15807780
1681557
14070263
5883179
3867066
3256468
14143155
1913049
10870273
3494227
4096692
6241964
2135833
15920696
15711327
4408205
14554457
367971
11925910
9775836
5689394
6452375
2529809
2341957
15049100
10428363
13703932
5802473
4978266
5694077
1668123
9527839
9246330
2107483
3198729
5639280
7833204
2694836
9859437
5118971
965890
11733243
14929260
2567031
7701648
4758234
13924845
12741820
15006526
9088792
8528340
12464799
510849
16402383
5980042
2844133
4734632
8857288
11651840
10395804
10983709
8027819
13711617
3788887
14926935
8199343
741479
4602745
1643171
6271744
5215050
13249063
14082210
12592921
14831504
14110640
4232547
13861417
6781606
3478400
14236913
8662154
2835095
5473756
1035204
14135305
6478199
3799465
4659986
4795963
12345080
11336059
11060756
5642879
10378462
9767622
1799586
2158694
15486036
7355479
16533951
9052681
1366512
12621169
1939573
7624286
3251530
6746820
8524666
6495942
13461184
732241
8601399
4176276
2468408
1270512
3432069
1650650
624435
14721319
12541130
9522799
6458147
10727073
2309785
6891165
3696650
14016280
15187310
15418416
12167541
8502608
2678701
3881889
8343543
1768327
2453739
1313869
1961866
11858220
11593600
9433643
7170156
10420701
11806905
14018835
4778863
8937113
6272722
5913321
531466
6220234
14950550
2111229
14681909
13629167
6426787
14335455
9535453
15852336
6152631
11074630
6975378
8209795
15162981
4032141
7670182
9648450
12020680
5865537
8098384
2089420
6083811
6460271
6630126
4910606
8120350
13846584
16579050
1795520
4089941
7166179
6506235
9668954
1425745
8915264
4148369
9242705
16397942
10425065
3017785
6894456
14016601
417162
12883656
6883582
8690349
8361623
15025870
6632608
15101496
10901802
16105412
7520305
3405420
10240725
14343857
15716471
6421722
7044526
1651125
5885858
12443401
1191759
1715552
13824171
370655
15923938
360679
7685555
15230020
6978940
13709603
3803753
5191934
1403729
2678042
3185610
907177
13607006
1052444
15437030
7009436
9358866
3217204
967780
7459016
6513170
3590230
11723540
6222880
6790284
514792
1480593
12338994
14926381
9431359
10125827
505142
12764101
12103621
10039975
8557598
13257092
7269132
9970970
3971992
680060
13207743
8345060
6177342
15353262
1012754
10041975
13828371
16112060
15442529
6170197
8333220
4841703
4523109
7485973
4621621
2257461
8865744
13191407
9374896
2935634
16017470
7296850
13963618
1646508
5886671
13193665
573361
11816413
9831677
11897491
851371
12178515
11561415
9278144
4895209
16016319
15285062
10128604
15904743
12691596
6601144
6198785
5813870
5628366
1601908
14826921
7424435
14020795
8983450
8604091
15315782
5312297
8122190
15562983
3060569
2622462
4687565
8646740
7454204
9814831
12146798
9556803
4869239
6948545
11263212
3882547
1235929
9185305
14050895
6815132
5664092
2568342
15590928
11275636
3963624
16211042
15000806
3370522
12119359
10353358
10828837
7340989
4132726
7401850
3347097
14668628
2237522
13995373
2083612
5457507
10913430
6341508
9327264
1812638
14990103
15996559
11501329
15697886
6800863
13211179
2876857
13257171
12762937
6912424
2939757
995502
5843038
7804379
4906261
5672037
838257
7860296
3138938
11912871
8562889
3827118
2066823
13884478
9081457
7647153
5691088
498496
11972040
12454965
14811641
2613473
14044433
8473391
4426562
2910517
9903734
3810527
894731
1068264
1967953
885371
4298586
4254253
2161167
5223118
16133335
8542715
15701145
1825923
6563862
9897670
600580
12542434
16030400
14281691
3311074
3738910
9802527
7018301
10194245
4718197
7759060
4010625
6075335
800896
14060473
11701901
3022441
2878161
1860313
10844646
14963692
13602096
10432730
15596072
2558641
1650665
5289117
10603185
14670326
3600508
7732411
7547991
15490357
12301196
15118405
15655536
12320639
16524145
1660487
5918648
1011638
857995
11430127
13651035
15961535
4524906
9073780
11032700
15990363
342392
16487266
7675203
2133942
15197359
9594606
8104572
5004254
10711518
1790417
15042523
2997368
4983766
5014274
8810093
1783251
13242749
12234606
4662433
12656886
6750312
527822
5723849
12908728
5817221
8447879
5331190
7651735
12461925
7917019
16022154
3070545
7926970
10068391
486630
5553924
2881433
4690732
3299295
15308954
7737958
16290635
9966559
2936837
9876993
1898683
13291987
14935548
12626064
10040615
3161959
12020984
3783560
7479513
6625446
11614659
3685205
15680803
5095845
13755755
8925520
1541824
1005962
1035514
10030366
16340793
2899669
2887443
4008772
3467429
9758188
16332233
10632235
2953742
997563
7109346
8835175
3750041
9424309
9979198
9967976
10889729
15915046
15303274
14527608
1562855
5704187
4118982
16523113
9131959
3440341
6422666
10762604
6815075
7140504
2981540
13002106
5442091
2226834
12664630
5553302
16101757
7818388
10351109
7287574
8455804
2024640
1633411
4453901
8137337
15583872
10485143
11862443
13100069
10865732
14177809
13166541
6337247
15094584
11171973
13690286
5840320
4357087
6389384
7274269
1480647
16103233
6726268
8185995
5259419
8399301
2442415
10953591
11959754
2282233
7555569
15530306
2569399
4971036
15462852
1273478
845884
14794632
8750002
7732216
5131738
8567704
1892193
7403362
6850559
2879679
13687732
13444502
8976374
3738732
2060279
11965822
6605036
7153608
10099615
371964
16433558
9798839
7857968
8399509
2363507
6947413
14356798
422939
3233198
9698328
2978557
1208489
12526430
9159400
12030913
9305665
3875886
6925617
9351557
4440500
10909911
2898257
9970826
16295562
14881848
942580
1329144
3974597
15990153
10317868
9484198
12105806
12294661
1790512
2934195
14366446
2731563
6295999
13545441
9353950
8149615
2276214
8067275
1048033
1693295
13481541
10886620
4799224
9737405
1136571
15890188
11287265
11050004
13604291
14372656
5409578
11939549
10501222
6023671
8062794
10082676
2701731
3916589
1181929
15693797
9058889
12572418
11887335
16215330
4070885
3882321
8538442
15770311
14235453
1801422
7072041
10467286
6245621
12845914
12026776
13071247
1312507
5439652
10034841
12084525
12837964
14550524
15354605
3888579
8039698
8272934
9927333
1968480
4505935
12905336
15414513
6363124
13183142
5157600
10338678
5406812
12996128
10004235
15182678
8321324
9649397
14461912
15723874
2661007
8593521
6118128
2656753
2532879
15829730
11259641
2836311
2370202
7620229
5762321
7675204
3643559
13009253
8679177
16539962
4107935
4849608
9992907
5842250
14494397
11815472
6623107
12974973
5683789
6578874
12906107
9775964
8942826
10393777
5161576
2343038
12093351
11870839
1856413
15458117
3368058
5487101
13060798
15899878
10285124
5392454
11593986
4144333
2034828
15854710
9088288
1179807
11725786
16309329
11646510
744970
14918578
11969665
11321021
15738137
5440498
15581060
12431482
5243250
8839862
11495964
10142468
10103756
7286639
8861825
5854620
16337289
8558277
2466792
11932244
9088438
9993890
1081387
2182958
498034
11266340
7584525
1628148
15767377
15883559
1130418
15083366
14472897
11115163
15414518
14021328
12843212
3689766
9344344
12402167
8073446
7771198
7009351
6451782
3766529
5255355
11031053
4763026
3424340
5627305
14907058
12127483
14672430
8614350
995818
4991977
12343808
7932957
570231
16200709
391778
14782162
5649436
4137597
15664514
7126341
13101794
8987920
1496757
6893177
7914987
4290649
13041905
8994571
10519688
13894943
8937120
15859735
15397196
4924741
2365963
15415259
8826792
11387538
1164236
3272993
4082342
1801597
16314264
16448941
7878221
8278157
14620859
660762
7344626
12952103
2490194
5431766
8822581
3703327
14613420
9638110
4900856
2431173
9356266
16438440
14434640
5849651
9390170
2770679
9351515
2338486
6329143
10930085
1109204
2596309
976320
8898762
10845734
14058902
11336199
7288193
1982087
10378388
7211046
16431162
11138208
11426514
5195092
2592451
6106346
11765759
9228688
13368081
15235135
10551176
3595847
7002482
16485546
4863641
10309461
3691051
4384999
2192690
15675537
11156976
2063056
11840114
14327117
8131515
16365032
4441726
5897639
2719961
11136268
5961224
14952682
8043290
6513198
9374595
11670918
4019202
4200248
1041959
3818802
14723522
11882198
10569757
16378006
11179168
606557
5576157
9677991
14039165
15367588
4375546
5007116
5328288
14661235
2706286
8866362
9442183
3611350
3144822
6996849
3115156
9044423
7308079
9058147
3467456
10039487
10142988
6987099
6843227
4424866
13910573
13729157
7204730
15621588
6125237
8107226
6225501
8281993
13865901
9691134
4569000
11002997
15987373
4993788
4728458
538214
15233019
2325687
6628470
9269942
13862717
9216287
8285165
16491476
6450901
10132233
3134235
7500527
3990887
13755335
15545592
1689983
11081153
9654103
15080574
13696205
7109156
924268
12418190
965704
7440692
14795477
6832444
6420492
13493779
6901168
11819173
14245774
3003996
3466667
5204631
4651480
3492402
15101466
7506311
6140235
6739975
9421178
13438207
14526169
9355587
5006363
2042513
9964448
7826971
15273934
13467035
8289264
4910358
10839503
4483813
9298320
14624698
7748158
10709216
10431285
14163150
9268342
15897734
8543493
16103262
3161459
15992342
3532530
3480914
8077214
9195653
7503448
11627291
3728905
5024354
1874156
605957
16188724
1262775
15221250
921179
15740880
3947729
7707340
1116114
4370332
6597607
12390503
7885759
13007445
7259967
1999477
14872544
3574628
2034825
11430545
7075014
1210371
4887222
532062
6842302
461814
14142577
5551395
1889580
2635058
12408337
12814715
4983323
6064958
3282963
3528179
3559171
16279444
3755080
7186361
13869692
319088
2440287
1492680
5149524
5797212
2508709
3985869
5189441
7882786
5182325
6945722
13008774
343698
8003681
7973616
4122293
7855658
3422313
670089
15507174
8471902
2829996
9264599
2313493
3700790
4120725
14011567
4778578
11300250
13089852
9543086
14919259
15816775
4538125
4546521
3802317
6549833
4045658
7473262
5697815
5148493
14831198
12712659
1160082
3213911
16127502
14809650
4121157
394248
13104445
13822849
15401612
2397515
13122049
3257073
8196420
10936319
1695745
4443418
6609488
7111193
4976325
7120035
518330
13650797
13171532
3561306
5181669
4909133
10786323
12365731
11542432
13752260
6869334
3118002
9113008
14479437
7583407
7719559
10079703
16559506
14460497
8929436
15477698
9923415
1944384
12105258
9012479
9271456
9108922
11811694
13916782
10473986
926523
15274972
12891257
6436929
4670175
1053891
1271646
4355713
6701127
11749192
3181268
11500525
7315907
13702101
1840993
13417295
4373539
10648668
14719424
6244454
11222299
13245014
14222218
3511019
14806004
6599075
8036978
10122245
8057069
2988172
10213437
1419867
14312600
12330017
410669
3487360
9936615
5830285
10514378
13158942
8438893
994014
8362325
1554541
6953821
4613606
11185395
2582034
760567
7229423
1578846
10007766
11239590
2165090
9571640
4218600
1189845
1447094
4151638
1999440
1647663
4367937
14351366
13508322
8070502
3308385
6330344
9644465
11414607
2262794
534096
8990566
8374432
9350587
16422377
8179994
11257965
1987470
5253090
7053433
12665153
9325630
3401496
11372310
12572178
4533794
3391787
13228495
3825929
11151042
11556446
14308585
11127965
1130178
8395213
6990097
9371199
896659
2072548
16138020
3279612
8844190
1163287
1314566
6975005
12224829
8975439
1002050
15407082
15132892
11812046
14161087
5772092
14411689
10952552
10872018
13630900
14758846
6167203
13333376
10498749
4910438
4607975
9231191
11265902
9553820
10679182
12113571
5383358
8745967
2797333
3439654
1724143
3949610
13687999
6191220
2276563
4533670
7966329
6504137
7783257
15692412
8652301
3720703
13919086
4202875
4894258
8205004
13888098
11922473
430640
5292481
4537502
1541796
14116649
7507913
6224397
3464098
5015910
5529169
11099365
7855450
1885556
7940267
1568063
7270631
9346766
12243574
5942705
9577408
15849113
3026980
4366326
7960342
7688701
11337049
6503021
13854965
9937294
12498549
11302870
14532939
15616978
13725370
14375454
15209769
14186630
2157804
13923414
5149319
11097043
12556126
4614238
10705809
7260164
16487879
5040544
1073182
5477403
6276410
11951614
15167642
4714553
1480204
3626975
6415815
3391508
9833554
14422380
15096020
1885650
13822265
8363168
12883168
4404790
2008780
12901276
2901856
7036175
9032175
8541606
10063777
13054017
2253707
8646018
6997090
16344499
6469641
5331517
8412962
1232758
15100273
15685476
9883079
2924802
14739135
2759776
9502244
6093854
8081955
8319591
7744089
7098085
7644412
15706115
4748332
15863523
15883937
14612527
5592717
6491881
12259537
2278671
2883493
5758270
4346668
15771215
7964269
15292626
15545365
6758589
6178565
10811210
11303674
7324026
9515376
10771681
15127642
12341365
9490896
15167089
7629743
12228369
15857059
12153623
6622128
13167033
6332647
5980764
13986978
7024385
10137495
2978774
8278447
9800599
13336443
4282774
8861223
15854323
10238711
6832314
8155366
4739890
8869985
15037015
387518
12033567
3648467
3449297
13264407
6782091
7458287
9347620
2025136
1253079
12867161
10829345
5984174
9640883
14755590
6064894
12694787
6830529
2377245
4911933
411328
5989549
1261528
9491677
9882905
1929927
10155938
2099412
10547155
6225893
9541439
13838072
8168471
6218720
16518099
5656362
9924795
10622748
2235953
752025
13337985
1314408
9896088
8009837
7318734
11719488
6626896
7957745
6049715
14130032
2343001
14545860
15812175
6853010
15892389
7012421
6510638
428052
4992012
16413277
15010279
9782887
6863414
10349643
10739160
2489444
3155520
9666996
7855860
12016625
9463198
15463226
10151130
2167225
12133312
7611950
14504863
3329114
2453607
2934944
11221217
12279784
4916101
12374116
13159856
5460714
2116634
5886555
12358886
5226440
1354195
1319696
2137830
7107666
777295
1608714
12715526
4364818
8538945
10771494
12669067
3924793
10011096
13131159
7752767
10376194
1522857
9019911
6079509
12309515
14220756
12525417
14075297
8229882
10996806
16389741
9486185
10658228
9747591
6436921
1613355
7486892
8135744
9785625
731297
8353847
10344972
3623893
12825577
6419570
13651776
10062720
1650398
9200708
12488151
5315608
4368685
16120436
5568550
7495146
10253796
14750243
14795045
11803826
6201129
12855841
14625929
775913
4856854
12601570
4470560
13918109
6325102
14386816
6531983
9723373
3806441
4973367
13094781
6736476
8386835
6780694
515905
7415731
14465742
6359501
11915639
6846063
16104121
6670023
7516924
6807079
5174399
1901612
3465308
8210163
14760480
13519378
10551224
5497452
15281913
10187275
3991017
892811
10682432
828879
1533951
7621224
5490337
15985338
12310877
3891765
11953105
4288941
10638428
16284475
977145
13571636
13015899
5520312
1523783
2602723
13371422
739735
2111388
11576648
12598938
12543285
9729161
5441454
12361409
5828767
8995579
9042697
12905695
1029413
3383531
1926395
5541289
16365550
2533195
15345974
652143
16039263
3679713
14923248
5468609
16351597
5098309
8839789
13236178
1121810
3887823
9745100
9983443
8644359
3895652
12372496
3334822
400107
1261084
8808761
12108738
13263848
715313
2461189
4084285
755065
7488198
11510094
7460715
5778544
8635357
8913861
9290283
7365438
9126662
7725349
6797297
9561893
9225330
9126261
11376206
12207974
1548229
4035287
8227870
5463710
12296749
2236264
14938255
1233565
941694
11120561
9841923
1807875
15694594
4066730
12095358
13376796
8043479
9590081
8765661
8681118
6888031
8031839
5896562
8489786
4414172
5512121
9012516
3419183
8877846
1179418
1702664
1999053
13306649
12322692
12528312
11733976
13933928
3413592
16205002
11893034
10083837
15649092
4477435
15028616
10338284
7710692
15679811
9374118
16095056
15573060
4062479
12845505
8186764
5760196
873995
6362297
14311646
5555215
3228396
7299608
7307744
3818370
7152645
9924802
13294331
2359999
4198323
7615184
3024230
1994213
7088584
5329796
3580970
7954564
12605092
11552672
7783072
10820971
5283089
1346025
4107294
13037169
5570564
10410480
1405821
8079761
7124958
2851420
6487317
7791363
7070063
16292098
7161452
3848092
1920829
2067851
13822059
431341
11718995
15380600
10475971
15896729
9196445
15641710
16540900
4626795
8201302
5412829
3884369
16402410
3902845
6755739
1925969
10676226
13021106
10148759
6608747
10618006
14171507
10980916
1690396
12910191
13451364
12140329
8264435
5800020
14538531
11399577
7198435
3247151
4955194
8906156
16565290
10893962
8633177
6953664
1183894
11754776
10724923
12561604
9307533
1846473
2705578
15755118
5013392
14165211
11839015
13916469
6550072
15650829
6215172
7696521
10009373
9424186
4533475
5519831
5389293
6448643
7963442
15321240
7702288
16523575
4200028
9568716
1005126
8674556
3450931
3384220
4119061
11613692
7191488
4608328
8966076
13660297
13493717
2336465
10948897
2251576
5377642
15727152
12853750
15713336
13203610
9264801
4201950
3173690
12929409
13625550
6421209
4811643
16243279
2702606
4075137
13763950
13370740
6827227
3750023
11185438
15170831
711279
14837991
8662932
4176968
13496555
14268522
13488698
8000663
13647635
5810877
11102049
14670658
5484003
7488966
3016297
5879225
9487395
14138212
10188167
9713293
13673755
10651829
11311333
6997708
3785603
16345543
14013644
11557715
5005334
6364921
6026642
1608056
16148512
13213420
14409712
7249908
6885433
3202214
8622368
6134753
13778870
12340615
14060774
13461334
7637817
10260924
10147486
5381302
3651853
16390924
10099908
6028842
14799875
14767173
4165716
1250498
11918004
14969579
5228092
1117132
1895838
14025489
4852509
8395142
767245
7070236
11875320
11442104
8826728
8331651
15030101
4179824
4457278
16200639
7178126
4108303
12346906
2229201
9075145
9899934
12103551
5295217
620039
13918566
6489592
14998562
1818192
3170315
3076333
3680825
9335654
5422040
11055635
9016480
9014427
5881535
14620401
2685673
2026371
8356224
12526842
15362065
8923489
10499918
12869138
12058295
14260091
1833961
2022285
13827708
15946506
823403
1622379
5891602
13516167
706211
7352525
8163845
8537852
8761857
3561998
16452655
12692094
5214589
6139568
8959407
6625236
3442588
3697117
10352492
12533421
826712
15048258
10679701
12659931
13604715
12117368
3027611
5119141
11418052
10380138
15874163
2638656
3908058
14428057
4150316
13181461
12094857
1911097
10463612
12056142
3445095
16305939
524251
2047286
5806279
10750527
8664748
6026027
1410835
7928370
2417696
2048479
7809934
4908190
8463223
6323141
8900336
13133105
10352251
7877972
14638687
10439349
11093533
3602454
13769280
3508624
3398964
1647738
8159571
15140301
13402548
1666400
16238507
16409545
14209619
6680513
15602655
11719157
6846001
13601668
1831425
8687545
995715
5060404
3793113
12846483
12199362
14967216
4124737
11499502
13010778
15507469
13753303
9636579
15759631
6785875
6792749
16233730
1276508
8742884
6448722
9810934
10548201
1476901
14086654
2729447
5950910
10237486
11979629
1278593
5157459
8633750
10470952
963838
10395599
8439263
9727039
10443911
2197674
7361186
885004
10289429
1911534
10990742
10921132
1348222
13661045
5097936
9310558
14368293
9258677
683058
2199891
7180196
1000588
2798002
8215918
3741579
1743278
10414395
2372550
1306799
16029047
10531360
14498948
15688101
2748415
3378855
15277965
14166985
7692148
11805090
9310944
5761604
1541000
2853490
14548100
1751721
7070325
9992840
7769619
4031343
3017597
3316294
13857201
2533438
13741405
7440421
2432742
9020534
4224160
2294945
4761530
6297777
8815494
14071503
13033351
3937283
4435145
4940788
9649388
1043053
2472223
1039405
7740471
12203450
10002548
9079493
10826040
15087802
4719724
6487856
13973889
13788930
3400067
5461761
6470849
8564553
15274171
2441219
5668756
12513154
2348602
13081993
12513953
15685738
14298688
3259778
833754
14056328
12092742
4617826
3979202
1634981
10969081
3482418
10971887
5691235
14200839
6434589
8489383
11462654
9499419
11440828
14103127
2343632
6200741
3799073
11927499
1879990
3708140
13578259
7284942
3990235
10267024
1309597
2973970
5807406
7624897
12229619
2242963
15296628
1157372
13927771
1789468
2565622
1712391
16305824
1922254
11037821
1466570
335853
12502946
2313300
3558672
6632926
8673294
14650611
11703921
11221413
4346766
13457029
1771251
796728
15426139
13989568
7904808
9996232
15607190
16501414
6174794
7079907
955917
15069053
12115347
9684728
11066967
6648692
4638331
10052308
16240218
14999205
6233662
4622208
7110625
855879
13406006
7530732
15969755
8743394
6809219
8711261
7530818
1311355
4628667
15412975
11362601
5245919
5973769
7468127
8250483
12194313
6029622
11677674
15201469
4125863
3396207
16434974
5524803
15431764
5750031
8911706
6388485
3889471
642417
10721184
3982360
3733674
3166488
3176685
8252245
11360650
6145323
6827578
4651670
6897507
1747413
10851607
12132877
4273423
11638421
14318141
12381333
3160476
16178975
10500165
9879086
12806520
4715314
5821693
13909809
11612914
7139927
3240112
3230193
6048254
15051491
6882554
5386614
11520745
868050
9778889
9442838
8251766
8703871
8557856
575966
13366320
13282711
4442662
9394507
2237436
4748431
6150214
14030587
8420881
6033265
9851586
1148185
11294609
2834092
2815510
2642303
1311090
10136044
9528975
15697273
8948247
15312135
777265
2986037
3885210
1604387
9623387
947654
2974617
5910317
7394539
7024312
1191814
3916099
2551071
16378346
5199834
10328393
5785508
4998158
15594304
3116107
5878175
13414467
15422575
14552168
8774426
11630422
7864809
9187251
10900740
9830903
7784436
14322371
10742807
7675400
9606947
12356015
6390203
15298310
4312345
13425244
6332497
15986065
6552560
9094618
9241771
5046346
8466371
6375831
16062809
15933952
11457969
5992896
5836463
9147156
11333417
6128140
4547474
4003511
9442313
10353260
2116471
11934832
16433331
14347637
3820377
6018889
654400
15436068
3734460
15858449
10091079
9020009
5321078
11238422
13968667
9640453
5278048
13306615
14016667
14269490
9046083
751167
7839950
15852409
15482702
7938365
16230439
2460606
3364661
1313464
7227248
14765222
16091554
11593471
16329603
12289943
8335163
12458117
16570118
1355391
15119621
15329023
13659800
7204946
8408774
7228089
10975864
1495633
4554677
741475
13409066
3498313
2673548
4917011
9176602
13635453
9398136
2221581
9082996
9684446
10676288
4560444
10718785
12957795
12871335
8283763
10783445
1748145
5806594
2681228
5050708
2674323
12427502
10225884
519562
5798202
12126142
7355162
8845425
12838377
5591768
10325748
9620756
5501959
14276489
5134801
16499509
12446957
16333533
9595356
9007315
4359280
8249199
3379865
8006334
5170102
15965242
1000979
15094434
3730172
13423045
7438351
1085559
10054634
15910018
4279593
14698649
9362212
12065901
8894496
3383954
8901571
9644972
11207256
14127070
1603744
2431850
5110172
6615979
9250990
12438960
14261704
11092232
9991082
7876447
15245366
9622570
13153627
10935542
8704186
816696
6583790
1928631
10899724
6248279
4923304
6476431
16519126
12047387
7185913
8052975
16468003
8470971
9198836
6891505
6250314
14606233
15989364
1028348
5586237
2333691
10843847
6571913
2137737
1085564
1016278
13070459
7820983
10539627
11214139
13714066
11844701
16443069
2575896
5212391
9260816
6480925
583638
13766735
15581494
8884875
15099670
13083098
13326441
4998599
13537373
12232822
7071468
10066672
6027165
4334637
6906315
8094505
314422
15169158
12366706
8157405
12614730
4654817
10866352
14543658
12458285
13210732
3650868
9942973
16260108
414352
8434780
13509038
9236493
4657496
10111218
16557823
14479706
4460138
4502394
7393091
7744950
11226699
2721087
2317035
1555151
14086487
11359524
2667506
10117286
11307703
13871771
4135080
3439226
828172
14509463
12560241
14953583
14840677
9796257
7280126
1646000
8023418
9064590
4857053
2360600
1183239
12534461
13540031
10449345
6107443
15098058
6828097
3360803
1570899
12666936
987567
8907262
12182227
9487720
13722007
12540689
11433190
1868716
9838384
13998209
1939574
5822102
2518822
8415938
7303361
13279208
7448542
10653470
12521973
12085013
9423781
5913643
3788935
4528303
9264217
9108558
13150405
10470471
14399723
9852810
15967834
2849410
6729222
1974237
7058476
12145291
12787030
10857431
15662692
10584128
10562759
16557091
2192412
1014975
2039806
5930062
731369
11768056
13917152
14298968
12049418
9499839
16556726
5673537
8403275
7005889
12008946
3552105
5317697
4008383
2512906
8927610
2021377
13829949
13043763
13930986
7651410
7873173
10915493
9197133
680416
1738271
13210313
4983571
3630332
3934219
13325824
16566249
4348965
5247955
1796982
9332967
6345707
4487357
12967743
663186
9640335
12569183
9808051
7565699
1389245
10317904
1480986
3208397
2208668
9952539
14066738
9794891
3754739
8428822
12548676
8882641
5667486
10572379
7495130
939407
766120
9938281
1911148
8741476
1053668
11000240
7269046
3874103
7395488
8204583
1959136
9596349
11434659
6898815
3369664
9689696
9073945
6154154
7330929
4580893
14175060
10952726
10150722
4035765
16467409
1783807
15628110
7063736
10361693
4930205
6362640
16181486
15905068
16281966
3999432
5319959
7633894
8928404
4626817
6337000
5213216
9668881
16176268
899090
2398769
3330033
5724928
12001203
12271345
9390253
4601786
14090793
10300779
7718112
1813861
9153278
506940
11249556
1089834
8037082
3618682
2429867
1179500
3486048
14675118
9311118
8678400
3023358
10903275
12718607
9126735
8575086
10872847
10855131
5445965
8786209
4858068
1840581
4632982
6357421
5921250
2631002
6287397
5644767
9322915
5533934
4195272
14796218
13501136
4815127
7916293
8162302
3898155
5692624
1250380
545491
10428379
5291008
2778799
16369719
8717759
4206703
8870423
12595447
850991
10852917
3126287
7426417
7383540
598105
8505396
15398597
7888809
14103897
9663997
10084142
3472842
16532346
1506098
13174103
2303446
7076596
10638117
6840651
9537730
12714427
3804625
2360696
8550656
5226371
6356476
5223490
15574815
1133953
7590943
6292495
12512071
9308648
3210403
6002312
12360084
15902258
6916641
3215948
16566254
743686
12765650
8534491
4401043
3846917
1239635
11100564
8198436
647208
8117153
16421276
15143352
657911
15876191
3328850
3312606
7247662
12761168
12304770
3180963
1070642
14780699
9617444
6012626
13002762
14084709
16587861
11947429
12116017
5484194
7386307
414567
15080107
7231834
5082278
5863163
11341496
4747820
4132429
2142322
7214115
3074814
1242022
7436993
11867959
9344858
353945
14324645
2301165
1174564
11579379
4493122
15232195
14331976
11472285
6401809
10318613
5386524
12023224
10481555
2552087
13160886
7961064
581177
8422064
12836437
15730217
1891155
11856559
6861265
7440447
13355527
1623711
605654
5389643
1011023
16137557
3870684
3071061
10747836
14945706
7836697
5404206
13191568
1438375
12300256
6729592
8728340
10149233
2358761
14362357
9553282
667910
8022354
4183406
5214518
9572378
794173
9179274
14314752
12515586
5798796
6594697
5330083
14176046
698854
2543331
1682253
12297464
8337336
4338023
6351811
9448043
3455831
3521833
11942467
12720292
1389396
13374018
9015583
9986124
1139307
14318993
8177745
10227032
3643895
4011719
5943041
15179894
8713437
11871705
4754133
3154775
12896461
16365540
11397603
6715347
16456769
3546846
15268487
11048101
4097627
3835922
5410930
2188858
932319
9449154
8656574
10335684
12313838
1169083
11985821
13352986
12076706
5312763
10295003
6719306
1353617
9379913
2447039
4683180
2416808
7507475
11639649
11769499
8963063
3017022
15572587
459655
3212672
3537733
9885409
15716381
3331201
11271866
3531045
15273172
8196368
2860546
7512343
15864824
9600836
3648100
6819810
10723734
2812030
11332712
15463794
4168492
13987962
10610773
11698456
2648063
2901635
4029180
15273303
3843081
5626278
13277427
13114980
4127038
3695008
13723330
5818461
3651145
7210594
6301049
16564695
11666650
872022
6161437
9619261
8919469
6781826
10938567
15129575
4662452
13470300
4897334
4003974
11691580
12993148
10072926
16306276
8965546
4050666
4960897
7886898
11139703
1682720
7528850
14662877
5530776
9801343
9271308
12031619
7953325
11831556
10814525
11080585
15119609
11487916
14075331
12785163
5445428
5842016
4946428
2578695
4894802
4318286
14167459
8125348
2002011
16551392
7040499
8789092
14589249
13495063
4324783
6662144
16160715
15989754
7791538
11589497
3649785
4602869
8517826
12246345
6112768
7868429
2892528
1324930
5448955
11789720
10429784
6252412
8470885
8314370
12602081
8383631
7312784
1461236
12032116
12587343
15183629
1429615
1446179
5074781
1780450
6504138
7073805
1724722
6931751
15771440
11593042
13544411
2294900
11168374
4744690
1168079
2982121
9465760
3088435
2008169
15304163
3430935
15998662
4598502
4858044
3155543
12472037
14039797
9393507
6236738
11599940
4431854
2487084
5216640
7119602
15997255
6093812
1237525
5296230
7916569
8473931
15599631
12629883
10853655
3060573
13637662
8031264
14076756
8299725
10568821
3863942
3823624
15588983
2975754
5474495
1130795
4047694
3246083
1682526
13427582
5007177
11950799
10567687
16522137
15251544
12598945
1201228
9512612
5294798
3135446
10843989
8119096
15254392
6317891
10834473
534865
15996203
6014781
12380171
12742412
16523748
14121625
13535685
13414925
2906504
11957116
6391274
4139599
15783649
13965872
15170918
11469998
8375390
13949535
7568740
8926698
3018243
931389
13246339
4616177
2277846
2233957
2037939
12047330
14761499
333741
8682862
13899337
9567673
3797596
4983684
4567223
16102922
10392641
9651657
10749050
15677659
685618
2512547
6436365
10250182
11995306
14782604
12006986
3338428
15825128
1627717
6550096
2190466
15795619
7849652
5461233
1758337
11477459
2102923
1202624
5635206
4243152
9327513
12785603
16258612
465157
12245515
14609654
13231278
12629659
10876231
1290648
11984760
12168382
4095169
15936546
15593871
11806316
14572964
5232392
5893106
5758050
5182822
10859704
8933234
4990814
1230829
8114122
12629668
5869497
14407207
568196
343610
10051104
3682598
754028
8166142
9158435
1172693
10404431
7318417
1373345
12557242
9556020
3241813
11659471
1060750
1515697
2197108
1192564
5265842
7798953
7921864
4541350
15842495
11323476
6092632
12549686
6493766
502935
9278949
5135051
4885725
7485224
13938838
5825350
13372864
4212929
14189430
5903333
8995897
9659705
2592817
1698325
5344572
1663235
2453977
6497228
12586526
5327289
5932252
543861
7407242
12130920
16001303
10744708
11440019
16004406
13840925
3625322
16046774
3044448
10036418
6102698
10527235
8721243
13275506
14616629
3857081
10853243
8169517
16534645
10926383
11588675
12409552
7039336
5740639
4989204
2373905
15922489
1140550
14827396
2758792
5499664
3046058
15048987
9980819
8346410
5503079
7045847
576063
14109322
6524522
1536521
12103727
10156794
8704090
13953842
12245811
5527853
3570407
2857818
3664638
2588811
14409058
6021909
7433621
7413019
3446159
10122069
12385653
6719461
5695357
4219451
8708534
13690003
16127596
13243432
4313950
1554150
15773325
10797378
5804159
15502348
14339044
7920929
11662247
3304686
5056114
9269290
3487251
3651606
5574623
6851578
13924003
3259819
6185246
13452861
9240990
9550976
15701894
2186498
9591360
12344635
2530505
15636655
14727930
14406460
6404297
1916503
1865032
2518076
11103727
2469229
9733655
12803322
6012200
16470330
8619419
3424342
12946862
2964380
12577595
11226426
9934142
8531519
591986
5755450
12764103
9674415
14592534
12407460
9711677
1068699
14111492
16229465
2390047
7224747
11353742
11974330
13877075
3475613
7612941
9607885
3341055
3770867
5092317
8491316
14429773
13351802
14316273
6107424
9600777
10694556
3679010
6161955
4997670
9011445
11289308
12612016
15339546
1410672
9096144
16044365
10749729
4085336
12290835
10757193
15997808
4444518
15880940
3514668
6872546
12621360
2819766
7421038
15201314
13039256
14768908
5292918
13377542
9873422
1551146
12957218
8996798
11114425
5001747
15743099
4006521
14379611
7518444
15602862
16363511
5805444
1562170
11298323
6659526
16424927
2993467
11370669
6049012
14551630
13686288
12675879
1894378
666910
13183956
15708059
4147970
8275727
4963796
4487176
2226378
781886
11775113
16272343
5419632
11648969
3934865
10102415
2541035
3110711
6276423
5082449
5154377
7017137
5411624
13221105
16240691
16369726
8646289
11203624
13638355
12846621
15690067
7706501
10073113
11363687
1515927
8067558
9416831
7363200
5250390
14160468
1535536
11848895
7995467
5305972
7728331
14997833
15524428
4644230
14498651
7944832
3722491
8282841
6303596
1389936
6405608
12936539
10505729
9873121
9355830
5280472
2792012
12941116
10142236
3211970
9777124
8956733
10814603
13127360
16128017
7020744
6114606
5326007
2827524
12581542
8583019
12364028
15675636
6586432
5658030
767292
2610917
1663826
11930282
6126947
4515674
9314885
11825426
6871927
16108009
11242835
15542741
6633294
1774965
5893482
4322754
11832488
10197030
4421317
1906029
10508649
6068926
10869462
515496
5828882
3734691
4313574
5050418
13881472
1122812
8627546
12128615
6746038
559335
9894553
9018916
685965
6565560
3775268
5978839
12188294
8622573
16301689
12141889
7766233
9707880
8630461
13669620
12289277
14878740
5516106
7727837
1677629
16191070
11292271
4375583
5891574
3719048
11656886
3645910
15652739
7511488
5662188
15538334
4922269
3525935
4726716
3080896
5174271
15477076
14489861
2678912
4691567
14301644
11479249
11095785
4063122
14805377
15578157
6416434
12001777
12478435
1716707
2782484
5400083
5459884
2981570
563485
5952268
1990009
1174792
4697012
9652854
11451777
5973517
15627592
979587
11702480
9399023
13232349
3140166
2921436
2609140
10313674
11268346
4120591
14495424
7761895
10130915
4407052
1691171
7784175
16349473
11613049
5485785
5790825
5449959
6856145
2313051
4038665
867363
12312025
4533015
7534044
528174
7205706
4070607
7059962
8631650
6318340
7272205
1340281
16091658
2764000
8242368
8718352
2317233
13716454
2689307
11004782
2831005
3539165
15772906
4640305
15294542
8731362
7412466
9363363
6809216
5937316
2930510
4766307
10842246
12393672
7545077
10871224
9519245
12576975
14133698
3686816
13215607
6725825
12678458
5554949
4290020
6347465
4163039
1466550
1896001
883655
7454745
12983527
3901767
4481292
11314803
9352058
3974516
11793074
1195241
7734226
8479827
6485640
1006881
14173854
7353086
7074126
11080383
2078406
11119204
10127090
9072169
6301788
6793462
7692387
16457464
9638662
5366279
16031122
11488301
6988622
14398689
5135489
10100200
6549202
14128061
7477177
6357135
13716395
11839601
6602423
12939143
15367643
5123868
11192126
2491568
10634663
6335248
2151316
12903011
9346314
8085355
5464527
12711797
10210205
14344645
13772669
10869292
12055733
6350846
16222783
1347056
5419708
7619583
4188344
15857585
7904502
11091943
11677217
5262520
11943996
10311260
12824907
7022610
10104396
6813299
1355614
10521558
2526635
8321761
6294675
12189387
16446063
15330249
4792149
457790
13610493
10216384
14745047
6445031
8757681
657065
389732
14298301
13962584
2410281
9982505
12914098
5651433
10930468
12027119
8740619
9354194
14280624
8996297
15420409
16217753
8657839
11017044
6840065
3764993
7937362
2849960
10425495
1762139
4943589
4813285
9083007
11429945
8914553
13280835
9111302
3309751
8240804
15841827
5489812
11469062
15365209
8135694
12564703
11772741
7529515
1949146
2515903
2252688
566470
7544938
7436219
4319373
9181766
15332191
9994846
7794230
1562685
11090435
1642477
13330772
9241948
13500075
464801
15159262
13899742
15070329
6532109
6051077
2200060
4267689
4073583
3765155
14494431
13181395
10280335
10042053
834532
583767
3563418
9990019
5558890
8666134
14067054
729803
2725331
557672
4884655
2579400
14517944
6445024
6801282
16413274
2327349
7655478
5395457
4381434
7181349
3886358
15075036
13117579
7729299
8952113
14090346
9997921
12945378
10886891
6019281
5728333
9805929
14099780
11850413
1366386
7957599
10435997
2042082
7596996
1648441
1504860
2948743
5386185
11286639
6904241
1862450
13636816
13924960
10108461
690323
15897104
5031708
6824842
10359720
2987010
602602
6891543
2997962
14305416
9168589
11235971
3520126
2984982
8153834
13022042
8755441
13354884
2166312
2341798
6299822
15635607
5168704
2135263
16257453
9240115
14048841
5112703
4445033
7605862
6712909
4837534
3847340
12606385
9339821
11423998
6724723
5745565
1976317
4956015
1808010
13757615
4292370
5939888
12929352
10100548
12365174
12991172
1543483
13199440
15328911
4283422
4643599
10434293
2793057
1920717
7890367
16427757
8483649
1268690
3854142
7360874
8374318
16039524
5927990
9080910
12333927
11358479
10960168
8972168
8833690
11637693
12850774
8090666
3585784
8599325
849377
8112403
14816967
4864511
13866866
15918244
4028037
14238788
5393405
13980486
7981347
6091262
6320230
13745291
2484217
2356615
12514901
14647827
9984547
6176077
11712864
6859296
13053294
4708017
3165179
6353802
9058713
14231304
2968946
1959797
3844739
13195947
11632025
10984964
2748780
13380895
12930265
1604694
4436090
12804827
12513805
11771283
1124928
7124743
1364766
5575497
13977925
1025316
11017847
14423893
14437846
2097794
14550248
12051288
11036274
12591529
1411069
2709413
15966815
7833098
2841062
10159018
11029142
7059955
8548487
15255867
7785139
2911875
8575576
7331781
4631139
11501120
16453026
2166847
7574940
10905316
12491692
5424467
13879514
6599512
789061
10126146
15748580
5405390
7279328
8322517
12638017
6513165
12760724
8903943
14832700
4989798
7909528
2903477
3828577
8697678
4579430
14140956
12625429
15991270
16217047
13219981
2567335
7358951
14423334
3920363
7325819
13620830
9755091
10543449
13167180
10353870
11908814
8877422
16071777
11682285
9404978
15610306
13596726
1163106
15212208
1318815
10059344
11587519
6850948
11358749
9338357
12035716
4987173
8005249
15367791
3708350
5643744
7031746
6177648
11627335
13648737
13308225
12603439
7839671
5406459
6444322
12129328
1124821
13932847
7649227
4423941
8829194
11794778
1904284
10408256
8454102
11160362
10427788
14282145
5445005
14937058
2014303
10328718
8055185
12572180
14448984
14168855
8811604
13475656
686327
16068062
2871837
14379888
12872971
16390693
11547270
1225044
14459033
15468475
2239066
709567
4383998
4127612
341638
3235752
15146944
11337361
8000632
2771445
8660582
1506615
6482390
16376958
7639988
2916954
7298182
7547131
1928270
3958172
12201817
12617534
11017892
3845777
8919316
15421622
2562261
6602680
11607299
6612006
12423491
9515560
3734246
13230995
14618635
12108156
5913939
12127790
1940818
6293411
16583381
9196833
9865156
14952889
15803784
9464929
1036554
13013077
1493570
4263207
7006680
8484200
16473937
6270467
13742312
12691057
1021128
12450562
12302716
2807807
6879885
16399142
5362808
4884825
2958101
13279959
7221854
4104217
3466408
1184556
7523863
4119996
848001
4344539
11345593
9463096
16317353
