#Seed 1471975855
#index showed the (transformed) postion of the SNP
#SNP index
5467884
15543163
5824876
6970111
4759904
16421187
7714455
5418230
13414185
9413831
7674756
15888288
8502180
3805858
5948069
5094228
9402293
10015072
13805305
12611176
13381667
15070068
16236258
10261882
16513041
4662609
3929059
11431054
10268445
1570319
7180936
7807479
13299273
15185165
5598615
9881264
1100657
14036558
8701358
11540678
14636232
8432485
6599848
4794607
5628853
5268072
11813809
9924368
14652568
4133585
16545890
4155416
4135642
4152714
12620563
1871584
956087
5976741
12703884
10840115
2082047
7358499
8139266
10751076
15825199
9406141
4401062
12872889
15232689
11405497
532717
13204640
8265142
1810374
4202593
13499384
11600135
11686506
8519743
8097111
10488895
12620152
11544140
6423422
7453924
4060198
14053418
5967960
3868021
1641716
10029813
9863409
6504676
4189387
3795043
12568393
4675741
14132624
7263099
7610872
7288436
16097032
8080188
12451825
10802887
8892854
9021314
2582758
4816745
6433477
8773434
747676
12644206
12128700
870501
7460015
11883735
16043325
5033439
11063844
5898833
4492405
1964107
2792998
14004584
4115621
5308231
2435216
10527001
6100502
8231426
11045029
12383429
690967
11615988
3403632
2569167
5131575
4364912
6927807
7591529
14077556
2332471
8243940
2597894
852809
13182063
10828381
3401542
15576133
13977856
715963
13144456
3695836
6901293
8833374
11409159
14801225
6960127
14515711
539499
5697217
15289095
7746293
501672
15572053
11854275
15690570
9732273
12363625
4792215
6067265
7699435
3740127
16157926
11655658
2003798
7039629
11110324
14344750
14302922
9627549
8492297
14687685
13350813
6869193
8995295
12351358
9809917
8604183
12866532
10020947
14683475
12877927
7066625
3180364
9620782
13888764
1260759
7266026
15976257
10429637
13795902
2962256
550844
1708841
16142962
4083259
7646496
3314347
1032323
6308776
15834336
6678047
16266425
12192997
12072370
2370929
16588842
11783935
10112819
6405675
6722571
15526729
8385843
9880726
7447618
7206257
11557887
10518111
342163
5729376
5401349
11328012
11223422
1233621
15892173
3281460
1049097
8554842
15443079
16584444
8188178
3686778
2271882
9179828
4176830
9297386
5526823
701057
7462320
4496191
12013699
5486473
4112009
15720333
12117368
4488448
8887452
5434880
2365229
8177680
3046757
6352702
11400019
11803607
7954079
10145577
10027575
11483005
15896150
15838474
13143201
1424090
1946967
6465191
2412400
9106925
3585850
9490030
13372435
16303893
3879835
3457960
15280631
11469521
1630483
3921145
12670427
11330550
8575925
11846742
3982828
2702142
4591498
5531265
10309302
7197745
12192395
434462
5974898
10179491
7898605
15263500
11149895
2867299
12913366
2518974
13247162
2605658
7655893
9892677
13217433
3849469
9565721
3636913
2825200
5998406
3546892
12253633
1996705
1940528
7599417
14077545
15543056
7961982
7079602
8889367
5816709
8357758
921749
10603329
2095015
5047983
15875471
3718844
13824487
619984
12356243
1040465
13295331
8000621
16118941
6718060
8778952
13457632
3690135
2189044
10340272
11301617
12995182
1347532
6324465
15756994
2233966
13477328
9537200
5583237
7605395
1783550
5492247
8215010
14481571
5858947
6005353
977451
1031472
14089837
11656001
3549735
13139518
8578602
11852484
1940682
2371447
16087367
1402682
3250095
11980745
13654694
12863943
4316322
9429736
1240070
5492174
10807861
3740824
11317631
11595780
1999460
9901135
4483804
6089166
1935319
14388003
3392674
2294947
6884464
7251722
8679602
8928568
11042101
16517035
1537476
3836443
1230483
1519344
16285860
10056619
2313222
10732079
4346165
16567901
7072149
14785569
12739336
15320117
2854995
10327620
5157706
6064344
8775750
15842307
16597649
11978050
6178921
931802
14570004
12038454
11971582
16492625
3452286
10656211
14524193
10019305
1003275
13818367
14612997
10906375
15929554
13853908
10863670
4664552
11874942
13684851
302498
10996906
2824493
11599954
6767714
9535414
14174912
12835848
8086709
9111180
13159277
5828426
10816422
3141760
15222764
2758636
15812676
2899502
15178315
12999046
2288216
1710532
1960690
10284997
15471829
9912622
5854014
6212020
707584
4517224
13424994
16496972
10616828
8962777
12437696
12774941
882217
3356950
1947801
3238544
10798797
9640862
1767967
1940341
4241345
12051346
11693792
9971526
6678364
482414
1713661
2740294
8588680
14136801
16514778
3061644
2570960
12141802
3188378
7424433
15381230
1368228
15700631
5894720
6543850
6085188
14986184
1612523
13235914
3022459
5463789
3912359
9232589
6526329
11644485
15406047
3059416
7270035
6421128
14918968
11988312
3482133
11867806
6060978
15200551
12118631
15870421
3054836
14957833
4517125
7424293
14390653
6402578
12183973
10098310
2907407
14697163
3282372
7108495
11926046
10451655
4163233
2111146
12245867
7753036
1563374
5513135
12393808
10277148
8522050
322347
2109648
1339839
16079257
12380126
7766428
11895079
12321113
8464670
3861930
12887221
1271590
9782997
11605619
1967441
16252871
6244951
14666278
11207989
1825859
1801794
4143325
15899586
13823187
4696328
1827335
3524762
6535780
5490488
12635455
6354330
6775889
4493026
10759357
9295031
1341915
16178485
14995518
9671108
13209659
5883436
14320528
4316186
10310212
4181423
4408398
9044462
3794152
13175145
14273279
6250769
5856224
7915629
16403456
15661842
2688587
691392
636331
9180483
752045
12452730
15535748
8533422
8389964
10174774
12105388
3528444
10150993
12834396
12433015
11199108
4712894
14912441
11878234
12130450
15375887
6386134
9591260
11782011
4047976
8294305
3239565
11353531
876085
10541339
14776623
6215159
3685175
9126500
3222489
11961230
7441799
14422801
11999242
5790781
15832157
3044260
16463674
3189718
12569657
871043
15469384
3386811
16147987
3804842
14276893
15414825
15598465
13292436
3698532
15368651
11300919
4109986
8442325
15941547
10987636
1002793
4027637
8012118
6520103
6656459
2054683
14140298
7206891
16261300
3500006
8752154
3874326
5296195
6773532
9990877
13249587
11966265
8276564
8758474
5385869
9919738
6842090
5041537
6154801
10620013
3381573
3142110
11015907
9702455
6627145
15772635
7883113
16323185
2337461
11895498
5320073
2532879
13630488
12660617
4890598
16167469
11822811
9186831
1319992
1414581
1351733
7783527
3240557
14921390
7050166
1965256
12605586
10023579
14869750
9911458
16371844
4123886
2114400
14870427
7562208
2916858
7330304
8795631
5237778
11810501
5194905
16066258
11012915
7322706
3906079
5713900
10727328
1897417
14778207
4445364
5900796
9344913
4254797
990469
16435432
9067297
12130180
7449908
11100962
11830966
9976110
2742234
7214338
3152029
8109139
15751472
13374103
10275944
9743716
13653928
9690007
4531012
13262772
1722484
10950647
1270308
14927354
12669129
1202201
12589860
1736693
10324125
13312775
13384504
2592190
12767904
5257122
15690286
11032387
10034330
2492991
10890529
13292830
2701731
3997226
7044229
2240709
12961623
6138442
3334901
8120834
13218343
14413825
6928247
10380730
14806004
4150477
3105968
4383788
9365664
14775147
13215461
3066048
15154460
575298
16209066
15624274
10795813
16226692
341542
3692450
9243854
2846916
3884967
4436673
13209586
10157511
9386975
12787035
11367783
12105986
7152992
3118020
10602038
6834743
15984415
5824902
5085905
8476403
10594345
4386497
1761720
6028630
16090448
9294587
9440226
12314676
6336575
13104118
3182360
11340229
7232765
6471115
2022099
9877983
1643200
1275334
15868369
5544442
8364439
16033749
14312629
14595161
5504552
12484985
15890178
3148423
456991
7270420
7231121
5747182
9448497
16261501
8857429
8742018
1747430
4738368
6773507
12024473
1429137
2664949
6465482
6041304
12945706
14495381
14628624
8141121
8389362
3418135
477144
5541865
13985540
7517450
5559247
4590820
14725909
11360772
3254344
8167293
10241807
9841948
6277147
5885916
14087922
5970408
11460768
7395268
1631228
13004555
6191977
2364051
4762485
4661149
12328663
5187457
1726889
16167240
5722680
523936
9019391
774165
1626673
13482531
13823743
8765845
3503586
6234660
5632478
5426516
6097711
10003215
1690791
850213
3937811
11661692
15355028
2277559
11225572
8091654
926173
4415189
14121079
2458219
14586649
2364764
2975595
718191
15039175
8560028
15461313
13658315
9789882
10663570
16066034
16112060
7817597
7855582
4683215
12858835
3063674
2135263
4313839
8744270
15017295
10560964
11832225
3472759
14908558
4553323
10046640
9422934
4915714
9421432
6221213
4196258
1818385
13247072
3567282
11684279
5582614
8157519
12245811
4714259
15763689
12879216
607647
10697594
5275389
13576074
16138760
4317553
7717446
8808210
10132050
13454363
348996
11968420
7266784
7194515
2783892
1552405
1607018
3886907
10138508
